316P.txt,-59.168,-3.548,-15.672
302P.txt,-36.87,14.252,-6.198
317P.txt,-61.818,-3.778,-19.36
301P.txt,-40.086,16.652,-7.819
348P.txt,-39.634,-3.017,-28.764
363P.txt,-46.777,12.304,-4.674
398P.txt,-55.501,-9.552,-26.408
372P.txt,-54.93,4.729,-10.37
358P.txt,-51.677,12.88,-16.561
359P.txt,-47.11,12.522,-15.586
383P.txt,-46.335,-7.429,-23.109
354P.txt,-53.544,6.672,-24.888
355P.txt,-50.601,6.779,-20.559
396P.txt,-50.114,-10.286,-21.654
356P.txt,-55.391,7.978,-19.979
395P.txt,-49.641,-7.848,-16.916
381P.txt,-50.808,-9.144,-27.808
346P.txt,-41.117,-7.939,-23.856
379P.txt,-56.757,-3.091,-30.704
350P.txt,-41.372,1.273,-28.484
378P.txt,-52.326,-1.861,-28.219
319P.txt,-65.303,-0.582,-21.693
324P.txt,-57.767,0.496,-14.641
