114P.txt,-45.054,8.24,-25.26
116P.txt,-48.389,4.199,-27.144
102P.txt,-46.388,-4.38,-31.73
274P.txt,-72.374,-17.354,-43.338
112P.txt,-44.574,2.06,-27.526
271P.txt,-76.343,-21.134,-46.23
105P.txt,-42.555,-1.261,-30.859
110P.txt,-36.409,4.754,-28.341
272P.txt,-70.133,-22.641,-46.272
76P.txt,-85.327,-2.989,-39.303
177P.txt,-70.994,-5.943,-50.261
88P.txt,-66.332,-7.402,-39.595
63P.txt,-78.323,-15.691,-39.111
228P.txt,-40.69,-7.9,-29.711
165P.txt,-89.228,-8.383,-46.451
65P.txt,-83.753,-14.926,-38.545
73P.txt,-89.445,-2.715,-41.78
198P.txt,-44.056,-8.352,-44.52
205P.txt,-36.128,-11.564,-40.257
81P.txt,-79.261,-7.769,-42.353
235P.txt,-50.662,-10.708,-33.242
182P.txt,-63.61,-7.493,-51.117
83P.txt,-74.875,-5.864,-36.238
168P.txt,-77.912,-9.88,-47.396
55P.txt,-71.177,-12.509,-33.366
41P.txt,-51.797,-4.442,-27.481
183P.txt,-62.655,-3.684,-54.187
231P.txt,-45.487,-11.952,-31.046
85P.txt,-71.242,-5.504,-41.859
84P.txt,-72.223,-8.755,-39.062
294P.txt,-49.28,-14.533,-19.966
253P.txt,-70.415,-11.706,-53.17
