114P.txt,127.819,137.132,275.073
458P.txt,84.956,147.67,264.697
103P.txt,114.522,155.248,261.113
473P.txt,99.298,146.418,266.037
116P.txt,130.945,138.78,280.171
106P.txt,119.478,147.017,263.189
113P.txt,125.265,142.107,273.644
110P.txt,121.868,143.899,267.65
89P.txt,112.731,178.01,267.57
411P.txt,90.067,140.688,296.295
207P.txt,128.288,128.183,278.212
367P.txt,97.554,133.968,267.49
372P.txt,97.008,137.168,273.942
400P.txt,80.065,150.685,286.725
366P.txt,94.756,136.205,268.832
204P.txt,123.304,126.618,287.913
370P.txt,103.949,136.7,271.781
365P.txt,92.115,138.762,270.037
371P.txt,99.456,139.228,270.637
205P.txt,125.166,128.221,285.401
208P.txt,125.745,131.505,277.06
368P.txt,100.558,134.277,268.744
369P.txt,101.433,134.17,272.85
85P.txt,117.8,173.605,275.824
436P.txt,114.317,128.086,278.33
280P.txt,89.882,150.868,264.172
109P.txt,121.537,139.561,267.036
120P.txt,130.8,132.997,290.312
457P.txt,86.565,146.711,268.851
118P.txt,130.68,136.999,286.705
119P.txt,127.897,132.969,287.058
