2J88,10,7,0.34
3L5W,10,5,0.29
3T2N,20,3,0.12
5D70,15,8,0.41
1LK3,17,2,0.09
4D3C,11,7,0.37
3U9P,17,1,0.05
5GGT,13,7,0.38
3LEV,9,3,0.17
5KJR,17,7,0.29
2YBR,13,6,0.36
4RGM,17,9,0.39
5HYS,13,1,0.05
4PP1,21,0,0
3SE9,27,2,0.07
4YDK,33,5,0.15
5L0Q,10,9,0.5
4BZ2,18,9,0.44
4YDJ,26,3,0.1
3WIH,12,8,0.39
4IJ3,20,6,0.24
5LQB,13,8,0.43
5FCU,20,8,0.31
5DHV,13,9,0.53
4TSA,13,7,0.38
4AEI,15,8,0.46
5C0N,6,2,0.12
4JPW,30,5,0.16
2OZ4,18,3,0.12
5F96,23,2,0.07
2NYY,23,1,0.03
4GMS,16,1,0.04
1A14,19,1,0.04
3L5X,10,5,0.29
4G6J,21,3,0.13
4KI5,20,4,0.12
4OGX,29,12,0.41
3GJF,14,7,0.29
4I77,19,3,0.14
4BZ1,12,3,0.17
4M62,15,10,0.5
4PP2,20,0,0
3KS0,10,0,0
3LIZ,18,0,0
4DGI,11,3,0.17
5CBA,14,5,0.28
4K94,21,4,0.14
5JHL,8,7,0.33
1BQL,13,3,0.16
4LEO,18,2,0.07
1A2Y,15,11,0.56
5DUM,17,1,0.04
4QTI,10,2,0.1
5A3I,16,3,0.12
3ZKM,23,7,0.25
1IQD,16,13,0.62
2FD6,13,0,0
2BDN,17,1,0.05
3RKD,20,2,0.07
5KW9,16,0,0
5FHX,11,4,0.23
1NCA,21,1,0.04
1OB1,13,2,0.11
5K9K,17,0,0
2EIZ,18,1,0.05
1EO8,15,1,0.04
5I9Q,22,1,0.04
5T5F,13,4,0.18
1RJL,13,1,0.05
5DUR,16,6,0.27
3VG9,26,2,0.07
3MXW,21,1,0.04
5E8E,12,3,0.12
4ZPT,16,6,0.27
5MES,12,6,0.32
4LQF,11,1,0.06
4U6V,16,4,0.17
5TZU,19,3,0.14
2DD8,19,4,0.12
5D8J,18,10,0.45
1FBI,15,1,0.05
5TZT,8,3,0.19
3PNW,15,6,0.32
1QFU,19,0,0
5JQ6,21,6,0.23
1FSK,16,11,0.51
2JEL,15,7,0.39
4ZSO,17,2,0.09
1NSN,18,4,0.19
5E94,16,0,0
3RVV,15,0,0
4NNP,13,2,0.09
5B3J,14,1,0.04
3NGB,24,3,0.11
4G6M,19,0,0
4O58,14,1,0.04
4F15,10,0,0
5F9O,22,2,0.07
1MLC,14,6,0.32
1JPS,21,4,0.16
4Z5R,21,9,0.38
4CNI,14,5,0.25
4JR9,11,1,0.05
4CMH,25,0,0
2QQN,12,0,0
5BV7,23,1,0.04
3HI6,19,6,0.26
3LD8,13,0,0
4L5F,13,0,0
4YPG,23,4,0.16
4HF5,18,0,0
4XAK,13,10,0.49
1MHP,12,8,0.42
5FB8,19,3,0.14
1EGJ,11,7,0.4
3IU3,20,0,0
5L6Y,11,4,0.23
4FFY,25,7,0.29
5D93,19,0,0
4LU5,15,1,0.05
3CVH,17,0,0
5C7X,23,12,0.51
4U0R,14,0,0
4O9H,16,2,0.1
4K2U,10,0,0
4KUC,13,3,0.14
4XWG,17,10,0.4
4UTA,3,0,0
5IKC,13,3,0.16
4ZS7,20,2,0.09
5UGY,24,3,0.12
5CZX,14,6,0.28
4Y5Y,21,15,0.61
1BVK,17,11,0.54
2R56,21,1,0.04
4JPK,25,3,0.12
2Q8A,21,8,0.31
5SY8,12,7,0.38
4RWY,32,6,0.19
3U7Y,35,5,0.15
4HCR,20,11,0.46
4AL8,11,0,0
1FNS,12,8,0.41
5F3H,15,1,0.04
4Y5V,22,15,0.6
3BGF,15,2,0.07
2J4W,12,0,0
1JHL,10,7,0.41
2UZI,18,7,0.32
2VXQ,15,9,0.47
3KR3,19,5,0.25
5KVG,20,1,0.04
3HMX,18,2,0.08
2R29,16,1,0.04
3NH7,21,5,0.22
4H8W,19,6,0.24
1H0D,17,8,0.39
1E6J,12,0,0
1WEJ,11,1,0.06
5TZ2,14,0,0
3I50,11,6,0.27
5F3B,15,1,0.04
3EOA,14,2,0.1
3Q3G,17,7,0.33
2YPV,19,4,0.16
4YK4,12,2,0.1
1UJ3,20,4,0.16
4ETQ,22,2,0.08
2ADF,15,9,0.44
4OII,21,1,0.04
4FP8,19,0,0
1ZTX,15,1,0.05
3NFP,15,0,0
4HKX,19,3,0.13
1ORS,10,2,0.11
4DN4,11,6,0.37
5KVF,15,2,0.1
5MVZ,18,1,0.05
4OT1,13,1,0.05
5KVD,20,4,0.18
3PGF,23,6,0.2
1HYS,9,2,0.09
1TPX,18,2,0.09
4LSU,35,6,0.18
4DTG,17,6,0.32
4HC1,17,1,0.04
5H35,21,9,0.38
1C08,17,0,0
3GI8,15,0,0
3WKM,24,10,0.39
5HDQ,14,0,0
5F9W,28,4,0.13
1FE8,19,14,0.62
5KVE,16,3,0.15
1AHW,19,4,0.17