100P.txt,-9.524,3.311,-11.583
128P.txt,2.974,11.508,-2.695
101P.txt,-11.657,1.712,-9.142
103P.txt,-16.99,2.55,-9.349
102P.txt,-14.322,0.365,-10.9
106P.txt,-18.276,8.3,-15.503
61P.txt,-8.794,2.551,-16.249
149P.txt,3.76,30.317,-19.279
60P.txt,-5.926,-2.073,-17.185
64P.txt,-8.636,9.96,-10.481
59P.txt,-7.804,-2.723,-20.866
94P.txt,-15.848,17.745,-20.045
68P.txt,-14.728,20.25,-9.229
96P.txt,-16.032,10.712,-19.989
92P.txt,-12.499,22.968,-22.463
150P.txt,0.17,31.072,-15.465
78P.txt,8.158,1.127,-18.346
121P.txt,10.24,-0.395,-8.842
108P.txt,-15.754,14.132,-15.343
120P.txt,6.648,-1.103,-11.211
123P.txt,4.728,4.497,-11.02
127P.txt,0.107,8.381,-7.771
124P.txt,4.043,4.976,-6.52
125P.txt,6.976,8.407,-6.09
131P.txt,-3.344,12.455,-5.262
