274P.txt,-16.721,15.992,34.78
273P.txt,-16.293,12.779,42.016
138P.txt,-33.631,-37.742,14.379
188P.txt,-11.816,8.581,31.225
189P.txt,-15.402,10.681,33.131
202P.txt,-19.589,7.893,27.356
206P.txt,-8.937,2.311,29.33
204P.txt,-14.241,5.67,28.246
220P.txt,-26.13,10.006,45.791
234P.txt,-13.791,-2.408,23.163
142P.txt,-27.562,-41.78,14.833
235P.txt,-10.002,-5.968,22.156
232P.txt,-20.064,-6.083,25.024
193P.txt,-23.056,17.731,24.256
86P.txt,-30.172,-35.929,3.177
192P.txt,-20.182,13.647,25.606
190P.txt,-16.454,11.799,28.97
85P.txt,-28.501,-33.417,9.539
84P.txt,-25.957,-38.921,10.343
191P.txt,-19.535,16.204,29.606
121P.txt,-26.501,-25.803,16.182
120P.txt,-24.26,-23.576,15.327
256P.txt,-25.533,15.805,42.761
242P.txt,-11.381,-1.118,25.625
254P.txt,-23.31,17.072,35.948
255P.txt,-21.43,17.403,40.871
251P.txt,-27.667,20.62,32.48
244P.txt,-19.025,2.827,26.529
252P.txt,-26.024,20.773,36.502
119P.txt,-23.889,-25.674,10.874
253P.txt,-27.402,18.705,39.802
