29P.txt,64.045,18.998,-27.378
101P.txt,62.464,8.34,-35.239
28P.txt,66.678,22.725,-27.91
88P.txt,66.592,10.499,-16.827
49P.txt,42.845,11.196,-61.05
59P.txt,38.622,21.359,-54.019
66P.txt,43.242,21.96,-43.839
94P.txt,69.378,6.026,-20.699
95P.txt,71.715,2.794,-26.059
56P.txt,33.874,17.794,-55.369
55P.txt,36.772,16.688,-56.702
79P.txt,58.899,4.133,-39.919
86P.txt,67.868,9.172,-23.667
93P.txt,72.826,9.006,-19.313
50P.txt,40.595,7.381,-60.02
52P.txt,35.875,12.961,-62.04
85P.txt,72.672,8.696,-25.473
34P.txt,72.895,10.92,-29.218
20P.txt,63.898,16.546,-42.806
35P.txt,71.536,11.429,-32.38
36P.txt,74.076,15.938,-32.009
33P.txt,73.658,13.144,-25.674
27P.txt,63.619,21.848,-31.688
31P.txt,66.346,15.379,-23.804
