114P.txt,-20.232,-19.417,-24.542
115P.txt,-23.812,-19.907,-21.29
117P.txt,-24.281,-25.372,-19.205
113P.txt,-18.945,-14.016,-24.049
89P.txt,-31.113,-16.883,-21.432
88P.txt,-34.988,-13.742,-22.284
202P.txt,-29.673,-34.766,-52.4
148P.txt,-14.448,-26.532,-69.833
213P.txt,-3.104,-30.962,-49.19
239P.txt,-12.528,-29.363,-41.958
83P.txt,-38.23,-18.337,-23.123
86P.txt,-39.822,-16.382,-18.962
151P.txt,-10.853,-19.635,-63.002
87P.txt,-35.634,-14.952,-18.075
52P.txt,-27.32,1.233,-33.927
85P.txt,-39.411,-21.174,-17.392
84P.txt,-36.02,-20.461,-19.755
243P.txt,-0.738,-27.123,-33.61
121P.txt,-22.895,-21.609,-15.236
120P.txt,-19.296,-23.152,-14.828
122P.txt,-20.194,-19.161,-14.67
123P.txt,-21.295,-16.087,-20.002
127P.txt,-11.922,-16.049,-29.377
246P.txt,-10.081,-28.399,-36.088
118P.txt,-21.564,-28.577,-19.819
124P.txt,-17.057,-18.31,-20.579
125P.txt,-14.393,-16.275,-22.2
119P.txt,-18.786,-28.249,-16.442
