598P.txt,36.655,-83.726,59.75
567P.txt,33.802,-90.224,61.31
573P.txt,44.337,-90.716,63.607
572P.txt,42.9,-89.354,69.286
570P.txt,36.453,-93.139,68.206
571P.txt,41.33,-94.397,67.042
563P.txt,47.331,-85.97,68.562
552P.txt,45.197,-74.09,79.694
593P.txt,48.561,-88.672,57.392
597P.txt,39.78,-80.298,55.663
568P.txt,35.386,-93.735,60.367
554P.txt,40.824,-71.404,74.472
555P.txt,45.09,-70.985,74.267
569P.txt,38.308,-94.889,64.343
582P.txt,31.688,-68.585,67.594
596P.txt,40.653,-85.689,56.506
594P.txt,45.128,-90.522,54.902
608P.txt,51.922,-83.304,69.866
595P.txt,43.426,-84.506,54.342
581P.txt,32.186,-72.105,66.115
