32P.txt,20.034,85.761,161.817
33P.txt,14.701,87.685,161.804
34P.txt,12.293,83.032,161.303
35P.txt,11.451,81.047,156.453
36P.txt,17.246,79.603,156.717
37P.txt,19.383,82.593,154.653
38P.txt,20.036,80.031,150.911
39P.txt,24.186,81.756,151.657
40P.txt,20.951,79.766,146.083
41P.txt,25.5,78.892,142.955
42P.txt,24.503,80.812,139.919
43P.txt,25.213,78.977,136.82
493P.txt,33.423,81.155,136.931
494P.txt,29.937,79.839,140.034
496P.txt,26.626,85.021,143.913
497P.txt,22.621,85.615,144.334
498P.txt,20.917,88.541,144.35
499P.txt,18.307,89.588,147.846
500P.txt,15.103,91.821,144.772
501P.txt,10.981,91.12,147.282
