111P.txt,20.403,32.674,9.069
11P.txt,21.441,25.213,22.241
89P.txt,20.077,54.234,27.014
74P.txt,39.329,43.208,21.613
70P.txt,29.424,34.686,18.716
71P.txt,33.238,39.357,17.812
65P.txt,32.667,35.313,29.788
9P.txt,27.756,28.688,20.986
8P.txt,27.784,24.853,20.496
72P.txt,35.578,39.314,14.995
80P.txt,31.229,52.453,20.712
81P.txt,32.491,50.167,15.34
42P.txt,25.091,39.52,13.004
82P.txt,29.294,47.756,14.981
7P.txt,25.674,26.434,17.292
69P.txt,33.177,34.755,20.348
86P.txt,25.958,56.01,20.005
78P.txt,33.83,53.168,25.075
44P.txt,26.401,37.851,17.275
84P.txt,27.026,52.16,13.399
108P.txt,13.637,29.709,14.682
35P.txt,23.442,53.459,24.059
22P.txt,13.627,33.623,34.197
