100P.txt,-3.093,29.247,-49.784
129P.txt,-27.052,16.944,-0.345
101P.txt,-1.245,29.92,-54.851
102P.txt,-1.254,24.966,-50.643
106P.txt,-5.981,31.484,-53.984
229P.txt,-29.032,13.465,-12.284
76P.txt,-11.939,36.924,-48.434
348P.txt,-18.763,5.71,60.947
228P.txt,-28.133,16.504,-11.293
401P.txt,-8.402,10.401,48.53
399P.txt,-8.934,3.936,51.84
172P.txt,-39.526,13.092,9.895
403P.txt,-8.774,15.065,45.35
383P.txt,-11.921,11.848,50.439
382P.txt,-14.462,15.54,47.478
54P.txt,-29.569,14.788,-3.582
232P.txt,-30.786,11.895,-20.805
51P.txt,-31.521,8.81,3.259
193P.txt,-34.023,21.68,14.853
347P.txt,-16.896,7.938,57.022
384P.txt,-10.665,9.822,53.432
227P.txt,-26.643,19.17,-12.277
231P.txt,-32.174,11.249,-17.746
52P.txt,-33.188,10.008,0.162
351P.txt,-22.264,1.792,62.927
350P.txt,-19.049,2.74,63.635
230P.txt,-28.991,11.218,-15.786
280P.txt,-26.87,4.041,0.161
108P.txt,-1.742,33.711,-50.426
281P.txt,-28.434,4.681,4.658
279P.txt,-26.631,1.016,1.77
133P.txt,-35.193,16.498,5.417
278P.txt,-23.428,-0.124,4.017
131P.txt,-31.434,18.496,3.564
