511P.txt,135.653,208.428,63.015
507P.txt,140.943,200.512,60.386
498P.txt,125.755,189.472,37.498
473P.txt,129.868,185.121,71.831
499P.txt,128.057,186.495,42.422
516P.txt,126.246,207.993,50.106
476P.txt,120.765,187.244,74.543
477P.txt,116.991,184.939,71.443
503P.txt,134.163,195.93,51.401
501P.txt,132.524,190.925,47.325
515P.txt,127.552,211.096,53.526
500P.txt,131.027,191.384,43.136
413P.txt,105.76,172.725,53.035
412P.txt,109.821,173.912,55.301
438P.txt,112.848,180.052,64.478
400P.txt,125.47,194.989,39.664
588P.txt,134.831,205.215,45.972
396P.txt,113.091,199.393,41.049
619P.txt,138.401,192.112,65.742
395P.txt,113.632,202.355,43.481
626P.txt,140.449,182.649,60.299
622P.txt,138.956,188.967,60.922
434P.txt,117.065,188.363,63.48
623P.txt,138.383,184.856,65.473
494P.txt,132.788,182.233,40.278
442P.txt,122.475,174.323,58.955
495P.txt,134.007,186.642,43.451
497P.txt,128.78,191.477,36.065
441P.txt,117.654,173.573,61.609
