101P.txt,22.794,21.489,22.185
16P.txt,-10.268,25.685,25.834
17P.txt,-7.461,24.991,25.288
39P.txt,2.166,12.946,23.244
74P.txt,9.775,-15.027,32.54
60P.txt,-6.502,-12.742,34.521
70P.txt,1.095,-21.036,42.318
59P.txt,-8.967,-14.806,31.514
71P.txt,3.509,-16.688,36.98
65P.txt,-8.807,-17.326,36.723
73P.txt,10.782,-16.158,37.467
98P.txt,19.411,18.065,18.947
72P.txt,7.664,-15.983,40.502
81P.txt,9.336,-6.317,31.896
95P.txt,14.845,12.872,17.872
56P.txt,-6.333,-8.364,34.237
40P.txt,1.27,10.33,19.254
97P.txt,19.996,16.102,22.784
55P.txt,-6.431,-8.169,29.81
69P.txt,-1.029,-19.078,38.81
45P.txt,3.087,3.598,27.111
78P.txt,12.599,-9.151,33.827
91P.txt,14.782,7.798,20.944
20P.txt,1.531,23.853,22.832
37P.txt,8.341,12.023,19.12
36P.txt,3.028,15.347,18.435
32P.txt,5.002,22.837,19.231
33P.txt,8.939,17.021,16.268
19P.txt,-3.075,22.194,22.216
18P.txt,-6.594,21.078,24.722
