15P.txt,59.934,-16.149,14.4
14P.txt,64.144,-14.866,14.452
17P.txt,60.212,-17.212,9.4
112P.txt,74.399,4.479,26.821
113P.txt,71.402,6.219,29.665
10P.txt,67.71,-13.111,18.319
11P.txt,63.698,-14.613,20.756
61P.txt,54.242,-14.682,24.898
75P.txt,58.299,4.281,34.751
58P.txt,55.51,-17.252,20.688
57P.txt,51.916,-17.396,20.662
95P.txt,61.078,-3.294,7.511
56P.txt,52.686,-16.91,16.852
83P.txt,59.647,18.61,23.763
97P.txt,64.305,-5.622,9.551
7P.txt,67.262,-10.788,23.786
55P.txt,49.258,-15.884,15.316
3P.txt,70.07,-5.714,28.074
84P.txt,59.562,18.437,19.861
1P.txt,66.277,-4.008,31.238
34P.txt,65.964,14.82,23.104
21P.txt,55.979,-11.642,6.301
23P.txt,54.646,-4.731,6.625
