106P.txt,3.59,-13.887,35.894
105P.txt,2.844,-9.489,38.432
461P.txt,14.557,16.571,10.627
460P.txt,16.927,20.866,10.012
104P.txt,2.921,-7.263,34.751
216P.txt,-4.351,-7.672,39.874
202P.txt,-2.466,-4.636,28.164
203P.txt,0.957,-1.893,29.092
217P.txt,-7.901,-7.702,37.551
415P.txt,37.269,12.586,-19.537
170P.txt,-7.375,-21.748,8.211
208P.txt,-2.525,-1.284,34.174
382P.txt,29.004,-8.931,16.791
209P.txt,-5.883,1.098,34.606
196P.txt,-5.216,-18.776,20.162
197P.txt,-2.768,-14.642,22.07
222P.txt,6.006,-5.382,28.051
45P.txt,42.293,13.947,-13.79
178P.txt,-6.054,-12.923,4.782
385P.txt,34.961,-8.263,8.669
434P.txt,45.263,18.028,0.692
384P.txt,34.178,-7.389,14.662
151P.txt,10.774,-29.956,-3.071
87P.txt,-10.419,-9.477,14.532
219P.txt,-3.509,-10.407,30.749
53P.txt,26.002,5.703,-1.889
218P.txt,-5.458,-6.537,34.811
109P.txt,5.784,-18.499,29.195
108P.txt,3.553,-18.07,32.818
134P.txt,-1.125,-32.04,15.883
133P.txt,2.047,-31.433,20.621
132P.txt,-2.774,-33.593,19.259
131P.txt,-4.234,-30.315,20.175
