15P.txt,63.28,-42.833,22.329
16P.txt,58.927,-42.181,25.626
12P.txt,68.468,-43.204,19.54
49P.txt,48.011,-42.671,18.095
48P.txt,48.746,-44.898,21.598
70P.txt,47.815,-22.651,12.175
71P.txt,51.637,-19.564,11.86
5P.txt,58.989,-31.269,5.84
56P.txt,63.53,-43.431,13.034
4P.txt,57.141,-26.9,8.653
40P.txt,51.131,-43.964,9.65
54P.txt,58.69,-44.624,14.696
45P.txt,47.321,-32.951,21.269
51P.txt,54.994,-44.022,20.739
3P.txt,51.985,-28.228,6.037
2P.txt,51.541,-23.728,8.501
52P.txt,52.096,-45.688,16.302
46P.txt,48.673,-38.826,21.428
47P.txt,52.494,-40.63,23.753
1P.txt,46.577,-25.828,6.949
53P.txt,54.376,-42.97,13.651
27P.txt,48.441,-31.059,25.189
