672P.txt,71.494,45.112,38.644
667P.txt,68.793,46.491,20.936
671P.txt,69.818,40.22,35.161
670P.txt,73.487,43.75,31.816
649P.txt,74.207,53.157,36.65
611P.txt,80.328,66.402,15.685
610P.txt,80.006,64.473,13.027
629P.txt,70.843,54.466,35.722
631P.txt,78.099,57.089,34.243
579P.txt,72.213,67.163,16.871
627P.txt,66.239,58.353,33.818
578P.txt,77.019,68.969,19.579
622P.txt,57.677,47.128,31.242
596P.txt,83.3,49.717,38.595
580P.txt,70.542,62.957,18.255
609P.txt,77.298,64.584,11.408
621P.txt,60.838,44.788,31.506
595P.txt,87.04,45.971,38.713
653P.txt,66.857,43.792,36.159
647P.txt,80.229,53.868,32.149
652P.txt,68.451,46.57,40.331
669P.txt,69.728,42.106,28.016
656P.txt,65.824,45.643,27.296
