201P.txt,44.195,-9.784,45.218
76P.txt,17.738,12.669,50.752
88P.txt,-3.113,11.586,23.651
200P.txt,46.36,-13.246,43.365
202P.txt,45.88,-12.204,49.224
75P.txt,20.271,12.132,48.189
203P.txt,41.791,-8.305,50.75
206P.txt,35.555,-8.663,57.354
204P.txt,40.641,-8.344,54.737
199P.txt,45.5,-11.934,39.376
198P.txt,46.01,-13.954,36.847
72P.txt,28.788,7.923,52.299
205P.txt,37.639,-11.031,55.248
80P.txt,6.041,15.479,48.976
81P.txt,6.772,13.018,45.112
221P.txt,18.387,19.238,35.309
223P.txt,18.063,15.485,31.343
83P.txt,3.3,11.343,38.976
82P.txt,6.069,16.626,41.527
222P.txt,16.715,18.643,31.854
79P.txt,8.638,13.599,50.78
87P.txt,-3.916,14.094,27.891
78P.txt,10.777,13.997,47.717
44P.txt,9.543,19.212,24.028
84P.txt,3.144,14.999,35.39
224P.txt,12.348,13.536,32.783
121P.txt,40.005,-10.783,43.884
492P.txt,13.168,21.671,24.464
122P.txt,41.194,-15.433,41.96
123P.txt,41.436,-11.381,38.53
246P.txt,12.998,13.511,39.985
124P.txt,43.531,-12.186,35.436
