106P.txt,-101.117,-114.055,51.675
107P.txt,-102.529,-112.366,54.597
105P.txt,-97.287,-111.968,49.734
307P.txt,-123.083,-122.557,41.327
104P.txt,-98.461,-114.014,56.067
110P.txt,-106.116,-110.66,51.108
299P.txt,-111.71,-123.305,40.536
214P.txt,-84.301,-109.733,66.109
207P.txt,-103.788,-100.631,74.094
220P.txt,-79.913,-113.356,52.895
142P.txt,-85.188,-91.94,37.957
94P.txt,-91.202,-106.221,36.888
81P.txt,-104.28,-92.96,46.13
95P.txt,-89.798,-106.533,41.295
143P.txt,-82.153,-90.329,37.662
221P.txt,-79.584,-115.274,47.521
223P.txt,-81.112,-110.118,44.132
155P.txt,-79.646,-94.38,59.045
140P.txt,-82.592,-96.272,39.953
222P.txt,-75.306,-111.796,45.783
92P.txt,-96.172,-108.933,32.585
145P.txt,-81.28,-93.041,44.477
219P.txt,-75.819,-114.144,52.979
225P.txt,-76.509,-107.136,43.869
224P.txt,-82.304,-106.77,41.903
294P.txt,-124.94,-125.138,37.147
137P.txt,-78.707,-97.463,42.957
255P.txt,-92.933,-91.981,54.933
296P.txt,-116.559,-126.293,33.33
124P.txt,-95.783,-86.898,61.589
