316P.txt,-59.168,-3.548,-15.672
302P.txt,-36.87,14.252,-6.198
303P.txt,-37.141,11.606,-10.968
317P.txt,-61.818,-3.778,-19.36
301P.txt,-40.086,16.652,-7.819
300P.txt,-40.442,19.08,-4.677
361P.txt,-45.384,11.476,-10.687
363P.txt,-46.777,12.304,-4.674
398P.txt,-55.501,-9.552,-26.408
372P.txt,-54.93,4.729,-10.37
358P.txt,-51.677,12.88,-16.561
359P.txt,-47.11,12.522,-15.586
354P.txt,-53.544,6.672,-24.888
355P.txt,-50.601,6.779,-20.559
357P.txt,-53.17,8.778,-16.393
356P.txt,-55.391,7.978,-19.979
353P.txt,-49.448,3.066,-26.309
379P.txt,-56.757,-3.091,-30.704
351P.txt,-43.77,3.403,-26.561
378P.txt,-52.326,-1.861,-28.219
320P.txt,-64.805,2.786,-21.59
319P.txt,-65.303,-0.582,-21.693
324P.txt,-57.767,0.496,-14.641
