39P.txt,-36.906,80.911,14.575
63P.txt,-24.179,56.347,19.648
60P.txt,-24.668,60.876,22.398
58P.txt,-30.019,58.676,26.503
164P.txt,15.52,25.854,22.237
59P.txt,-29.78,59.65,22.369
65P.txt,-22.711,51.875,25.288
66P.txt,-24.445,50.221,21.672
181P.txt,20.525,32.12,24.264
57P.txt,-25.906,65.588,26.22
43P.txt,-38.454,77.745,19.648
142P.txt,14.444,17.119,44.855
42P.txt,-38.518,75.347,15.947
54P.txt,-31.257,65.506,28.443
83P.txt,-7.116,30.956,18.248
55P.txt,-34.668,63.611,25.227
51P.txt,-36.516,68.294,27.679
144P.txt,12.326,13.184,43.802
50P.txt,-32.07,71.218,30.68
46P.txt,-38.273,76.907,27.673
84P.txt,-6.439,27.256,17.902
134P.txt,18.544,23.078,47.021
35P.txt,-38.212,94.238,12.921
37P.txt,-37.051,86.077,12.076
36P.txt,-35.855,88.31,14.619
32P.txt,-35.039,95.519,10.228
133P.txt,22.448,22.096,48.329
132P.txt,22.712,18.803,44.69
