28P.txt,-33.731,51.651,84.7
263P.txt,-40.281,6.851,109.854
261P.txt,-41.689,4.258,104.577
248P.txt,-39.602,-12.708,103.206
260P.txt,-43.434,-0.61,105.551
258P.txt,-47.56,-4.482,102.008
259P.txt,-44.188,-2.368,101.874
62P.txt,-25.268,45.418,96.66
202P.txt,-21.854,-8.989,110.619
61P.txt,-23.242,42.19,99.917
60P.txt,-27.931,41.136,104.857
48P.txt,-21.403,55.308,78.887
206P.txt,-23.237,-17.464,118.549
204P.txt,-21.541,-11.294,116.567
211P.txt,-25.441,-16.085,112.547
208P.txt,-27.274,-20.784,114.589
57P.txt,-28.508,41.721,96.91
81P.txt,-16.577,44.566,105.674
209P.txt,-30.598,-20.09,115.616
183P.txt,-26.863,-5.574,119.272
219P.txt,-30.286,-4.515,91.332
257P.txt,-48.11,-8.18,102.086
256P.txt,-46.424,-11.858,103.647
254P.txt,-44.431,-14.61,97.954
23P.txt,-30.795,48.325,94.043
255P.txt,-42.721,-11.281,100.162
251P.txt,-43.056,-21.561,105.638
26P.txt,-38.845,48.8,88.94
27P.txt,-38.561,53.493,86.3
250P.txt,-44.408,-18.09,108.378
253P.txt,-41.099,-18.841,101.093
