265P.txt,-17.591,75.696,-193.181
271P.txt,-15.673,66.658,-197.175
267P.txt,-17.911,72.649,-198.848
215P.txt,-23.898,47.049,-201.118
214P.txt,-27.451,43.226,-201.889
216P.txt,-22.985,47.188,-206.355
217P.txt,-27.188,48.958,-206.356
213P.txt,-23.695,42.815,-204.865
171P.txt,-39.971,90.143,-196.729
238P.txt,-20.913,80.557,-210.985
167P.txt,-51.194,83.734,-190.85
220P.txt,-24.07,53.256,-208.649
234P.txt,-20.351,75.365,-208.436
221P.txt,-29.376,54.621,-206.492
237P.txt,-22.683,79.08,-205.344
51P.txt,-54.106,78.436,-222.728
227P.txt,-21.38,63.503,-208.648
233P.txt,-23.882,74.992,-202.833
231P.txt,-23.158,70.68,-211.301
52P.txt,-56.209,83.187,-222.992
280P.txt,-19.083,52.748,-195.014
243P.txt,-27.248,87.738,-209.296
242P.txt,-22.84,86.885,-211.047
281P.txt,-18.092,52.071,-201.258
240P.txt,-25.468,84.968,-203.982
268P.txt,-16.947,70.88,-193.843
241P.txt,-20.838,84.879,-206.289
279P.txt,-15.506,54.877,-193.707
244P.txt,-24.987,89.972,-203.711
