139P.txt,-7.26,15.194,-31.862
138P.txt,-7.653,13.121,-28.264
76P.txt,-10.983,23.145,-11.711
75P.txt,-12.406,27.874,-12.325
148P.txt,10.99,28.59,-34.493
5P.txt,18.27,33.117,-24.946
4P.txt,21.086,28.46,-22.608
6P.txt,16.184,32.066,-28.729
41P.txt,9.267,38.794,-30.69
150P.txt,15.734,31.628,-35.533
151P.txt,14.701,37.39,-34.536
2P.txt,23.866,34.65,-18.68
147P.txt,6.727,27.13,-37.229
34P.txt,0.116,44.722,-45.08
20P.txt,0.07,41.966,-28.042
21P.txt,-4.799,41.663,-28.356
37P.txt,6.409,44.271,-37.666
136P.txt,-6.452,19.073,-24.323
36P.txt,4.12,40.141,-40.649
33P.txt,2.482,41.696,-45.713
27P.txt,-5.908,37.431,-30.683
25P.txt,-5.149,38.633,-25.119
130P.txt,-10.002,33.429,-31.567
131P.txt,-7.829,33.839,-28.183
119P.txt,-1.353,15.762,-21.842
24P.txt,-2.213,41.47,-19.25
