29P.txt,12.438,23.059,24.551
28P.txt,13.937,25.25,27.832
17P.txt,6.249,19.674,25.982
13P.txt,2.003,27.162,24.415
38P.txt,4.436,12.664,22.23
39P.txt,5.185,8.989,25.117
62P.txt,-9.497,23.218,18.256
63P.txt,-7.195,21.108,15.039
64P.txt,-4.826,17.506,16.234
70P.txt,-8.85,8.146,23.057
65P.txt,-9.996,16.969,20.026
67P.txt,-6.82,12.32,19.976
66P.txt,-10.747,13.425,19.043
43P.txt,12.556,4.537,37.388
40P.txt,7.851,11.587,26.894
150P.txt,11.456,27.073,39.434
147P.txt,13.631,28.891,31.08
34P.txt,3.671,21.708,17.235
35P.txt,2.113,18.289,20.092
37P.txt,-0.184,12.025,21.135
36P.txt,-0.132,15.528,17.37
32P.txt,5.748,25.76,19.013
33P.txt,7.441,21.37,17.466
31P.txt,11.552,26.351,19.09
18P.txt,8.682,21.755,28.246
30P.txt,14.232,26.947,22.863
