15P.txt,-49.241,67.346,-216.344
275P.txt,-14.937,60.341,-197.037
13P.txt,-54.399,72.555,-218.378
265P.txt,-17.591,75.696,-193.181
267P.txt,-17.911,72.649,-198.848
10P.txt,-62.912,75.207,-216.707
11P.txt,-59.691,71.978,-218.091
272P.txt,-18.737,65.187,-193.719
215P.txt,-23.898,47.049,-201.118
214P.txt,-27.451,43.226,-201.889
216P.txt,-22.985,47.188,-206.355
213P.txt,-23.695,42.815,-204.865
238P.txt,-20.913,80.557,-210.985
220P.txt,-24.07,53.256,-208.649
237P.txt,-22.683,79.08,-205.344
51P.txt,-54.106,78.436,-222.728
227P.txt,-21.38,63.503,-208.648
52P.txt,-56.209,83.187,-222.992
53P.txt,-55.808,84.894,-229.452
280P.txt,-19.083,52.748,-195.014
243P.txt,-27.248,87.738,-209.296
242P.txt,-22.84,86.885,-211.047
281P.txt,-18.092,52.071,-201.258
240P.txt,-25.468,84.968,-203.982
268P.txt,-16.947,70.88,-193.843
241P.txt,-20.838,84.879,-206.289
279P.txt,-15.506,54.877,-193.707
244P.txt,-24.987,89.972,-203.711
278P.txt,-14.664,56.323,-199.685
