201P.txt,-45.494,19.69,4.952
188P.txt,-47.536,30.437,-1.718
189P.txt,-50.324,32.512,2.172
206P.txt,-38.546,34.238,3.04
210P.txt,-38.47,31.881,-0.509
198P.txt,-51.998,12.16,1.031
234P.txt,-37.683,29.078,-13.381
208P.txt,-32.052,36.177,4.141
194P.txt,-46.584,24.107,1.325
209P.txt,-33.128,33.388,1.37
235P.txt,-34.376,26.86,-14.814
196P.txt,-48.684,18.851,-0.628
197P.txt,-49.152,14.748,-1.106
232P.txt,-38.791,29.601,-7.533
187P.txt,-49.346,26.681,-1.392
192P.txt,-44.852,29.475,4.097
231P.txt,-44.338,26.868,-6.804
190P.txt,-47.273,35.592,3.1
191P.txt,-43.419,33.775,4.727
256P.txt,-32.312,25.163,-4.653
254P.txt,-39.399,26.788,-3.261
279P.txt,-26.796,20.887,14.571
318P.txt,-24.38,25.384,9.1
278P.txt,-31.033,20.941,13.453
253P.txt,-35.978,26.981,-7.118
284P.txt,-20.82,18.282,15.993
