128P.txt,33.138,20.406,-3.786
129P.txt,35.312,17.473,-2.675
12P.txt,16.116,23.538,-2.591
88P.txt,15.769,35.736,-4.452
77P.txt,-0.199,29.895,-6.997
61P.txt,-2.184,37.315,-14.383
74P.txt,-0.891,24.806,-5.518
70P.txt,-7.239,23.591,-7.351
73P.txt,-4.524,28.491,-8.888
67P.txt,-6.424,26.842,-14.205
8P.txt,21.578,24.21,-2.189
66P.txt,-4.277,30.498,-14.234
5P.txt,24.733,28.795,0.518
81P.txt,5.702,30.343,-4.904
4P.txt,27.343,31.205,-1.486
68P.txt,-9.262,24.673,-13.547
97P.txt,20.374,44.018,-15.375
69P.txt,-8.183,22.49,-10.989
3P.txt,31.18,28.7,-3.526
91P.txt,18.837,39.092,-11.421
53P.txt,11.797,39.736,-14.628
121P.txt,24.175,19.003,-9.824
127P.txt,32.949,24.15,-5.172
124P.txt,27.594,21.951,-4.923
