510P.txt,0.638,12.742,-22.293
467P.txt,-2.151,10.485,-43.175
506P.txt,5.606,19.197,-32.627
503P.txt,7.939,14.659,-36.112
501P.txt,5.709,13.753,-31.009
515P.txt,-10.062,13.35,-24.846
598P.txt,8.566,5.829,-35.397
564P.txt,2.597,-7.907,-45.749
561P.txt,8.519,-12.373,-37.381
548P.txt,14.228,2.549,-30.991
600P.txt,3.477,5.838,-40.279
585P.txt,9.631,-11.913,-27.615
547P.txt,10.123,-1.646,-31.533
551P.txt,19.831,4.55,-26.418
578P.txt,-2.229,1.654,-19.494
544P.txt,5.937,-3.666,-39.803
597P.txt,9.001,4.733,-31.58
557P.txt,11.215,-8.935,-33.159
542P.txt,0.855,3.782,-44.376
480P.txt,6.31,-9.644,-22.696
508P.txt,3.23,16.721,-26.859
520P.txt,-9.229,13.217,-35.379
483P.txt,-1.683,-12.114,-19.946
468P.txt,1.568,9.81,-44.103
482P.txt,2.105,-13.54,-22.942
