303P.txt,49.914,4.217,169.947
304P.txt,46.94,6.392,171.706
311P.txt,40.953,23.336,162.518
305P.txt,48.281,9.943,169.851
348P.txt,22.412,12.983,158.865
362P.txt,45.269,4.89,163.995
398P.txt,33.352,17.406,150.057
366P.txt,52.769,13.712,163.345
358P.txt,38.717,5.243,158.264
364P.txt,47.78,10.86,163.179
403P.txt,28.964,4.902,141.298
354P.txt,28.258,6.162,161.358
340P.txt,42.418,10.861,167.299
355P.txt,28.455,5.776,156.846
382P.txt,25.314,2.885,146.98
357P.txt,35.864,1.064,156.277
356P.txt,31.294,3.326,156.358
381P.txt,29.031,4.859,151.156
347P.txt,24.065,10.323,155.214
384P.txt,25.029,10.312,147.992
379P.txt,35.198,2.684,152.232
322P.txt,42.811,2.452,142.01
309P.txt,41.399,20.544,169.384
