347P.txt,-5.124,-25.66,-17.49
350P.txt,-4.159,-24.3,-8.518
353P.txt,1.668,-26.401,-15.827
354P.txt,3.149,-24.727,-18.819
355P.txt,-0.31,-24.8,-21.684
356P.txt,1.196,-24.048,-25.051
357P.txt,3.71,-21.663,-28.559
379P.txt,-0.452,-20.962,-29.327
381P.txt,-4.542,-24.697,-25.732
382P.txt,-6.841,-27.04,-29.564
383P.txt,-9.86,-25.376,-25.372
384P.txt,-11.032,-24.576,-21.841
386P.txt,-7.315,-20.093,-17.1
398P.txt,-9.129,-13.933,-19.883
399P.txt,-11.432,-18.833,-19.6
401P.txt,-12.762,-22.252,-26.002
402P.txt,-7.659,-22.814,-30.015
403P.txt,-11.889,-24.392,-31.646
404P.txt,-10.527,-27.166,-33.225
405P.txt,-11.606,-25.346,-36.066
407P.txt,-5.992,-24.275,-37.577
347.txt,-5.124,-25.66,-17.49
348.txt,-3.902,-25.804,-12.866
350.txt,-4.159,-24.3,-8.518
351.txt,0.143,-25.847,-11.014
352.txt,1.023,-22.07,-13.13
353.txt,1.668,-26.401,-15.827
354.txt,3.149,-24.727,-18.819
355.txt,-0.31,-24.8,-21.684
358.txt,5.091,-17.252,-25.205
