263P.txt,12.105,-4.223,128.389
261P.txt,11.78,1.711,127.695
264P.txt,13.305,-8.018,127.507
273P.txt,15.751,-8.212,112.551
266P.txt,14.852,-10.342,122.285
229P.txt,19.357,5.459,101.834
188P.txt,28.936,-1.972,119.766
163P.txt,16.789,-2.533,135.543
216P.txt,26.571,7.829,118.678
61P.txt,34.345,-8.213,163.873
48P.txt,44.116,10.468,177.75
171P.txt,37.646,-4.649,130.136
239P.txt,21.063,10.872,130.745
220P.txt,21.561,13.179,120.631
221P.txt,22.964,9.806,122.73
196P.txt,32.931,9.116,127.218
82P.txt,39.756,-16.124,160.321
226P.txt,20.637,3.436,107.405
219P.txt,24.818,14.697,121.458
231P.txt,16.828,7.664,108.254
230P.txt,15.224,4.101,104.308
218P.txt,27.549,12.668,120.65
256P.txt,6.311,7.4,112.863
254P.txt,8.864,12.041,109.926
255P.txt,10.872,10.487,113.88
251P.txt,10.026,7.341,102.628
26P.txt,23.778,5.558,174.885
33P.txt,23.706,8.069,159.27
27P.txt,24.748,8.97,177.615
250P.txt,8.031,4.64,104.808
253P.txt,11.2,11.791,106.176
