103P.txt,3.636,36.921,17.637
109P.txt,-6.505,26.809,23.959
110P.txt,-8.15,28.138,20.435
117P.txt,0.629,9.906,8.072
39P.txt,-2.393,27.317,28.06
48P.txt,4.603,30.059,36.485
49P.txt,0.678,31.766,36.618
50P.txt,-0.758,27.636,36.442
73P.txt,1.584,16.374,24.057
79P.txt,13.719,32.496,22.858
80P.txt,12.864,37.882,19.125
82P.txt,15.504,37.725,15.92
83P.txt,16.849,37.333,12.467
84P.txt,17.004,33.778,13.24
85P.txt,10.84,32.161,12.997
86P.txt,12.891,27.551,12.58
88P.txt,5.811,24.571,9.473
89P.txt,10.566,25.665,7.55
91P.txt,14.875,20.698,7.446
92P.txt,18.513,19.63,10.595
95P.txt,10.367,12.92,10.294
97P.txt,8.987,18.023,15.3
