100P.txt,-14.414,97.434,34.757
108P.txt,-9.803,102.497,51.209
109P.txt,-8.178,100.844,54.314
110P.txt,-11.991,100.347,55.809
111P.txt,-12.63,98.428,50.789
145P.txt,-42.285,103.726,52.071
148P.txt,-39.572,105.634,48.252
149P.txt,-36.752,107.505,53.943
157P.txt,-34.729,114.509,44.89
16P.txt,-41.526,106.638,39.215
19P.txt,-45.063,104.331,43.603
20P.txt,-47.655,102.72,40.318
22P.txt,-49.912,102.841,46.937
25P.txt,-53.034,103.532,52.016
26P.txt,-49.258,105.524,53.687
27P.txt,-52.281,107.996,55.413
28P.txt,-54.223,102.499,56.672
30P.txt,-52.489,103.834,62.003
31P.txt,-49.407,103.632,65.661
33P.txt,-45.742,103.604,61.728
64P.txt,-32.877,92.195,43.422
68P.txt,-36.474,88.602,44.845
85P.txt,-36.909,92.935,39.719
89P.txt,-31.141,93.767,37.163
96P.txt,-20.882,96.769,37.842
99P.txt,-15.479,99.724,38.715
