332P.txt,12.999,-24.073,38.262
333P.txt,13.641,-19.68,37.947
335P.txt,18.925,-17.446,35.082
337P.txt,24.022,-17.505,32.424
339P.txt,28.591,-20.404,31.604
419P.txt,30.763,-7.362,25.816
427P.txt,23.332,-5.017,35.253
428P.txt,26.396,-6.921,30.854
429P.txt,26.991,-10.916,31.002
430P.txt,32.634,-10.164,31.385
431P.txt,32.753,-15.501,32.302
446P.txt,46.868,-46.27,37.0
447P.txt,43.938,-49.762,32.923
448P.txt,41.841,-51.219,35.543
450P.txt,35.41,-55.889,33.366
451P.txt,35.119,-59.181,35.099
452P.txt,32.222,-62.754,31.778
453P.txt,28.012,-59.706,35.948
454P.txt,26.214,-62.915,34.723
463P.txt,38.519,-48.585,32.875
465P.txt,42.549,-44.053,37.242
493P.txt,34.724,-37.949,35.023
494P.txt,34.285,-33.431,35.094
496P.txt,35.659,-35.225,41.537
497P.txt,39.671,-31.589,44.756
499P.txt,42.141,-36.504,49.554
504P.txt,40.013,-38.023,40.48
506P.txt,37.443,-42.466,37.049
508P.txt,32.04,-46.61,31.052
