219P.txt,33.46,-9.093,-1.748
220P.txt,32.361,-5.718,-2.259
221P.txt,29.295,-3.419,-1.515
222P.txt,31.578,-0.276,-1.111
223P.txt,33.523,-2.216,-5.407
224P.txt,27.65,-2.966,-9.186
225P.txt,30.137,-5.249,-11.106
226P.txt,27.356,-4.187,-15.392
250P.txt,9.592,-3.323,20.849
253P.txt,13.899,-5.658,22.501
302P.txt,20.792,-23.432,-9.28
306P.txt,22.489,-12.697,-7.98
308P.txt,22.634,-5.293,-5.315
309P.txt,21.894,-2.59,-1.918
327P.txt,10.133,-21.911,-18.845
374P.txt,16.827,5.406,36.366
375P.txt,19.419,2.141,40.951
376P.txt,18.429,5.064,43.783
419P.txt,29.382,-15.394,32.838
506P.txt,27.838,-5.418,31.946
510P.txt,30.296,2.65,38.946
512P.txt,28.896,9.084,45.498
515P.txt,22.704,11.197,50.676
516P.txt,27.511,10.616,49.472
517P.txt,25.002,6.456,49.024
518P.txt,29.758,4.637,44.56
519P.txt,23.647,3.696,44.9
520P.txt,25.683,0.907,40.004
521P.txt,22.698,0.985,36.304
522P.txt,24.208,-1.87,34.307
528P.txt,20.964,-10.736,16.628
539P.txt,10.344,-25.797,-16.664
