188P.txt,-15.889,-2.764,59.221
177P.txt,-5.033,9.747,37.924
163P.txt,-10.957,-0.484,66.667
176P.txt,-4.976,3.929,38.03
228P.txt,9.252,-2.828,45.016
214P.txt,-27.461,1.472,35.393
216P.txt,-24.781,-2.504,39.085
175P.txt,-8.886,6.928,38.5
203P.txt,-27.638,6.969,36.295
165P.txt,-6.339,-0.949,63.217
170P.txt,2.627,4.219,47.624
164P.txt,-8.791,3.512,64.208
204P.txt,-24.476,5.705,33.878
205P.txt,-25.876,7.371,29.999
220P.txt,-10.781,-1.381,39.106
235P.txt,-1.602,-1.056,65.665
221P.txt,-10.408,-6.153,39.875
223P.txt,-3.937,-4.064,39.851
222P.txt,-7.226,-6.772,42.477
232P.txt,4.848,-0.485,55.929
226P.txt,4.778,-4.54,42.885
187P.txt,-12.631,-2.445,61.213
227P.txt,8.631,-7.47,44.102
233P.txt,-0.729,-3.241,61.34
219P.txt,-15.931,-3.93,41.778
225P.txt,2.159,-6.538,45.754
230P.txt,6.869,-2.653,51.467
224P.txt,-0.032,-9.26,40.946
