114P.txt,52.192,-1.695,-1.532
219P.txt,64.556,11.386,14.161
220P.txt,61.907,14.006,13.88
221P.txt,62.467,17.624,15.262
222P.txt,63.14,17.056,18.92
223P.txt,61.862,13.77,19.088
246P.txt,70.113,12.527,12.986
50P.txt,58.081,9.671,17.418
51P.txt,56.583,9.248,13.814
52P.txt,60.358,7.343,12.868
53P.txt,62.179,10.254,8.658
54P.txt,62.404,6.653,5.665
71P.txt,60.781,5.975,-4.364
72P.txt,56.884,6.393,-4.06
73P.txt,58.248,6.293,1.449
74P.txt,61.582,7.173,1.534
75P.txt,63.894,10.452,1.933
76P.txt,66.972,10.88,-0.016
78P.txt,72.406,12.185,5.14
79P.txt,75.022,12.957,2.929
