201P.txt,-21.478,11.321,175.47
361P.txt,-10.725,-8.797,152.191
349P.txt,-6.834,1.576,177.971
348P.txt,-3.763,6.637,176.841
406P.txt,12.372,5.507,174.232
360P.txt,-7.293,-8.021,155.243
374P.txt,-6.575,-7.814,169.444
410P.txt,19.75,5.336,166.159
376P.txt,-10.169,-5.607,164.219
363P.txt,-9.12,-5.669,158.012
367P.txt,-0.9,-7.336,167.627
415P.txt,6.671,3.227,156.112
372P.txt,-3.828,-8.891,176.357
416P.txt,5.028,7.1,157.242
370P.txt,2.451,-5.005,175.675
417P.txt,2.452,9.881,157.38
359P.txt,-3.861,-6.059,154.819
383P.txt,-9.03,13.078,158.756
356P.txt,2.241,-6.895,164.545
381P.txt,-6.863,6.225,157.051
347P.txt,-9.207,8.586,177.081
379P.txt,-8.264,-1.31,155.207
133P.txt,-20.176,8.576,172.032
132P.txt,-17.438,9.195,175.93
