504P.txt,6.369,17.698,-38.396
510P.txt,0.638,12.742,-22.293
470P.txt,5.576,10.769,-38.242
505P.txt,3.941,19.546,-36.127
466P.txt,-3.69,15.514,-41.124
506P.txt,5.606,19.197,-32.627
503P.txt,7.939,14.659,-36.112
598P.txt,8.566,5.829,-35.397
564P.txt,2.597,-7.907,-45.749
559P.txt,3.136,-12.738,-33.35
565P.txt,1.003,-6.629,-42.216
561P.txt,8.519,-12.373,-37.381
548P.txt,14.228,2.549,-30.991
562P.txt,7.177,-13.096,-41.486
600P.txt,3.477,5.838,-40.279
563P.txt,3.785,-10.496,-42.468
585P.txt,9.631,-11.913,-27.615
552P.txt,19.914,1.577,-27.874
584P.txt,7.778,-13.701,-31.284
544P.txt,5.937,-3.666,-39.803
550P.txt,16.251,3.84,-25.443
540P.txt,-4.202,2.651,-38.166
557P.txt,11.215,-8.935,-33.159
542P.txt,0.855,3.782,-44.376
468P.txt,1.568,9.81,-44.103
