29P.txt,29.834,0.19,51.826
28P.txt,28.953,0.368,47.95
16P.txt,14.878,-18.714,27.099
17P.txt,15.975,-19.32,23.703
38P.txt,29.065,9.61,39.762
89P.txt,37.541,-1.754,44.355
49P.txt,41.158,-8.623,23.898
60P.txt,20.407,4.731,40.07
48P.txt,41.565,-13.88,24.292
58P.txt,23.144,5.312,36.575
59P.txt,23.975,5.264,40.402
99P.txt,25.631,-24.47,26.764
8P.txt,26.27,-8.98,45.754
72P.txt,32.132,-21.556,25.551
4P.txt,34.268,0.169,47.657
7P.txt,27.86,-5.09,48.494
86P.txt,37.348,6.288,37.448
50P.txt,38.604,-11.731,20.239
36P.txt,27.332,10.416,45.376
26P.txt,23.365,-4.332,46.448
27P.txt,25.195,-0.666,47.093
30P.txt,30.172,5.057,53.073
