112P.txt,28.007,17.319,21.894
200P.txt,53.352,12.934,27.109
216P.txt,38.025,-2.577,42.328
48P.txt,30.871,11.466,20.325
217P.txt,35.859,0.52,41.654
213P.txt,42.262,-0.042,43.77
165P.txt,51.628,3.478,52.212
170P.txt,40.732,7.013,46.463
164P.txt,54.338,1.458,48.976
65P.txt,30.257,24.348,37.915
210P.txt,43.779,-4.485,41.713
73P.txt,36.725,20.179,46.71
199P.txt,54.937,9.324,28.144
99P.txt,40.18,25.542,37.955
211P.txt,48.287,-1.751,40.939
4P.txt,28.666,-4.452,31.934
209P.txt,48.212,-7.606,40.384
223P.txt,27.093,5.647,21.835
169P.txt,45.415,9.439,47.79
197P.txt,51.96,12.28,34.739
51P.txt,31.108,3.966,18.411
192P.txt,44.437,15.037,33.955
153P.txt,57.649,13.499,41.326
146P.txt,48.935,3.877,49.264
53P.txt,35.061,10.107,12.763
21P.txt,44.033,9.171,16.068
122P.txt,32.126,-8.907,38.596
127P.txt,35.225,-8.243,31.576
