15P.txt,30.852,11.456,95.807
14P.txt,30.032,6.657,97.544
28P.txt,42.425,14.505,87.905
17P.txt,32.325,13.707,103.696
13P.txt,29.008,3.009,93.033
12P.txt,31.758,6.197,91.773
11P.txt,32.417,3.335,89.017
49P.txt,43.806,5.897,99.057
67P.txt,46.592,18.026,90.105
9P.txt,33.81,0.196,84.01
8P.txt,36.859,-2.997,82.808
43P.txt,41.196,12.765,93.779
6P.txt,34.537,-6.845,76.848
7P.txt,36.4,-3.531,79.445
45P.txt,46.824,9.314,97.349
51P.txt,39.521,9.052,97.122
50P.txt,41.736,4.879,94.225
34P.txt,26.809,5.718,80.922
21P.txt,45.415,18.034,101.214
35P.txt,27.535,1.657,81.888
37P.txt,26.085,6.231,88.715
