100P.txt,-3.941,-33.692,45.042
33P.txt,-8.335,-42.414,49.342
37P.txt,-7.933,-35.623,51.124
52P.txt,-15.463,-19.189,49.797
53P.txt,-14.095,-21.435,47.175
55P.txt,-19.458,-19.226,43.383
56P.txt,-15.77,-21.33,41.44
57P.txt,-21.212,-23.002,38.506
58P.txt,-17.615,-27.495,39.527
59P.txt,-21.361,-27.829,35.232
75P.txt,-13.371,-32.685,31.396
76P.txt,-14.719,-30.068,35.393
78P.txt,-9.684,-26.756,36.181
79P.txt,-12.298,-25.708,37.559
82P.txt,-8.615,-22.072,39.242
85P.txt,-7.355,-21.534,47.007
86P.txt,-4.358,-21.771,50.329
105.txt,-5.133,-35.78,33.908
55.txt,-19.458,-19.226,43.383
56.txt,-15.77,-21.33,41.44
57.txt,-21.212,-23.002,38.506
59.txt,-21.361,-27.829,35.232
71.txt,-13.072,-37.97,30.239
75.txt,-13.371,-32.685,31.396
76.txt,-14.719,-30.068,35.393
77.txt,-9.486,-31.257,36.764
78.txt,-9.684,-26.756,36.181
79.txt,-12.298,-25.708,37.559
82.txt,-8.615,-22.072,39.242
