722.txt,-22.37,51.97,3.208
749.txt,-15.78,44.171,22.6
752.txt,-10.439,43.575,16.132
754.txt,-8.916,44.071,10.08
756.txt,-6.674,45.175,5.048
765.txt,-4.683,49.11,-0.183
766.txt,-9.727,52.044,2.12
767.txt,-8.555,49.887,6.663
768.txt,-11.602,48.487,8.536
769.txt,-10.87,48.633,12.642
771.txt,-16.132,44.825,17.893
790.txt,-6.437,40.618,9.926
792.txt,-6.792,41.178,16.133
794.txt,-6.193,43.681,20.985
796.txt,-2.983,37.89,22.109
797.txt,2.05,41.067,23.243
799.txt,-0.028,35.008,18.457
800.txt,-1.797,41.042,18.252
801.txt,-1.943,39.426,13.351
804.txt,-4.813,37.483,5.891
