131.txt,14.658,-31.476,39.49
134.txt,15.15,-26.222,34.027
135.txt,16.242,-22.717,34.039
136.txt,17.372,-19.226,32.841
137.txt,17.472,-15.536,33.008
153.txt,19.148,-27.458,33.298
155.txt,17.644,-29.434,39.088
156.txt,19.769,-30.822,43.487
157.txt,16.558,-33.735,44.881
158.txt,18.414,-31.897,47.426
159.txt,21.076,-33.92,49.133
189.txt,30.215,-23.66,44.845
190.txt,27.42,-23.288,39.011
193.txt,24.886,-25.521,43.918
194.txt,23.116,-27.697,39.89
196.txt,26.077,-32.9,44.235
226.txt,25.591,-16.886,31.517
98.txt,22.327,-21.242,28.818
