114.txt,-37.77,-57.201,-6.797
115.txt,-39.894,-61.312,-7.464
116.txt,-36.179,-62.784,-9.027
117.txt,-38.853,-65.41,-10.273
118.txt,-42.165,-66.071,-11.522
119.txt,-42.051,-70.319,-8.843
120.txt,-41.196,-66.982,-5.681
122.txt,-40.69,-64.383,-0.72
132.txt,-40.295,-59.005,0.163
133.txt,-39.79,-61.537,2.82
134.txt,-38.915,-64.875,3.666
135.txt,-36.499,-67.093,1.384
137.txt,-37.244,-72.828,-0.478
139.txt,-37.083,-76.793,-5.417
149.txt,-39.089,-76.521,3.612
69.txt,-45.895,-66.413,-18.107
70.txt,-44.743,-69.986,-15.743
71.txt,-43.99,-73.402,-16.343
72.txt,-40.961,-74.127,-13.668
76.txt,-45.565,-75.518,-7.441
