102.txt,-6.32,-7.688,37.928
122.txt,10.181,-23.812,50.408
276.txt,-16.536,-18.894,24.99
278.txt,-18.303,-23.016,22.223
279.txt,-13.479,-22.194,24.743
280.txt,-13.056,-27.196,26.361
281.txt,-10.414,-24.18,27.988
282.txt,-11.748,-19.84,28.545
283.txt,-13.885,-21.392,34.164
366.txt,-7.379,-33.762,38.862
367.txt,-4.53,-32.071,40.262
368.txt,-3.247,-29.236,42.922
371.txt,-7.6,-27.761,42.068
425.txt,0.172,-26.077,47.896
426.txt,1.935,-20.832,49.171
427.txt,-3.96,-17.876,47.078
429.txt,3.588,-17.504,46.747
430.txt,6.096,-20.59,43.533
431.txt,6.096,-22.752,47.243
432.txt,5.872,-26.825,50.799
455.txt,-14.391,-27.144,34.412
456.txt,-17.458,-28.112,28.056
457.txt,-14.811,-32.427,29.521
459.txt,-12.002,-32.856,24.155
460.txt,-14.859,-37.044,22.995
461.txt,-16.023,-35.548,18.413
472.txt,-11.091,-23.49,40.444
473.txt,-7.765,-22.179,41.714
474.txt,-7.723,-18.771,39.128
476.txt,-6.712,-13.745,38.713
480.txt,-13.357,-12.558,36.857
96.txt,-14.819,-13.582,31.877
97.txt,-11.014,-8.923,28.297
98.txt,-12.779,-6.176,35.165
