164.txt,21.304,54.389,11.16
168.txt,24.583,50.563,14.254
171.txt,25.291,51.63,19.719
172.txt,28.652,49.82,17.755
175.txt,28.303,48.947,23.531
176.txt,33.365,48.954,23.684
178.txt,30.467,50.302,29.658
179.txt,31.75,45.98,26.933
182.txt,32.18,46.294,33.989
183.txt,37.761,45.469,32.673
30.txt,23.63,52.43,30.179
33.txt,23.549,54.533,24.681
34.txt,19.329,55.879,26.386
37.txt,17.598,55.365,21.203
40.txt,16.664,54.988,15.855
67.txt,37.699,49.273,20.186
69.txt,43.919,42.723,19.978
74.txt,40.21,43.901,24.357
75.txt,40.733,40.62,30.105
76.txt,44.08,40.012,26.193
