101P.txt,-89.528,-110.932,52.682
104P.txt,-98.461,-114.014,56.067
105P.txt,-97.287,-111.968,49.734
269P.txt,-103.271,-114.858,40.603
294P.txt,-124.94,-125.138,37.147
299P.txt,-111.71,-123.305,40.536
307P.txt,-123.083,-122.557,41.327
308P.txt,-116.378,-125.317,38.806
309P.txt,-119.361,-127.939,37.945
63P.txt,-95.447,-104.466,34.779
91P.txt,-97.382,-113.159,34.613
92P.txt,-96.172,-108.933,32.585
93P.txt,-94.906,-109.029,36.992
94P.txt,-91.202,-106.221,36.888
95P.txt,-89.798,-106.533,41.295
96P.txt,-87.054,-102.664,39.947
