114P.txt,-48.549,83.282,-39.123
101P.txt,-58.999,75.258,-54.569
115P.txt,-52.586,84.77,-38.015
117P.txt,-54.362,76.556,-36.058
116P.txt,-54.116,80.221,-37.863
106P.txt,-41.653,73.546,-50.816
113P.txt,-52.874,82.532,-42.175
107P.txt,-40.772,73.773,-46.593
39P.txt,-69.944,63.69,-42.067
80P.txt,-52.354,75.601,-55.44
40P.txt,-72.899,59.264,-40.391
141P.txt,-74.511,73.42,-38.399
144P.txt,-70.632,73.97,-34.742
145P.txt,-66.386,71.709,-35.479
34P.txt,-80.51,62.86,-46.51
121P.txt,-60.549,75.638,-46.062
120P.txt,-55.668,78.663,-48.191
37P.txt,-77.412,59.427,-43.426
36P.txt,-75.846,63.332,-41.224
32P.txt,-80.109,67.579,-40.822
33P.txt,-80.831,61.203,-40.467
31P.txt,-82.889,66.18,-44.403
118P.txt,-56.798,75.731,-39.178
30P.txt,-84.132,67.539,-48.292
