29P.txt,40.242,-7.411,2.403
28P.txt,36.812,-7.075,5.215
49P.txt,49.678,-14.664,16.881
61P.txt,51.424,-12.032,33.344
174P.txt,19.224,2.803,70.596
175P.txt,18.974,-0.469,68.519
60P.txt,50.24,-15.062,27.283
203P.txt,28.808,-1.196,73.158
207P.txt,35.697,-2.623,80.997
206P.txt,32.24,-1.809,76.594
204P.txt,27.237,-1.052,76.381
210P.txt,32.465,-8.931,88.982
205P.txt,27.753,-4.688,79.59
208P.txt,31.387,-6.742,82.226
42P.txt,58.683,-1.201,23.071
209P.txt,33.9,-4.074,87.528
83P.txt,38.934,0.679,15.186
45P.txt,59.441,-10.137,21.262
150P.txt,55.891,3.264,47.635
46P.txt,55.343,-12.028,19.938
191P.txt,32.374,-6.545,36.072
20P.txt,44.987,-13.624,30.337
21P.txt,40.776,-10.046,27.667
26P.txt,37.936,-10.692,12.781
32P.txt,46.262,-10.271,-5.692
33P.txt,48.278,-7.52,-0.157
31P.txt,42.129,-7.263,-2.556
25P.txt,41.622,-7.227,14.64
30P.txt,38.61,-9.074,-1.338
