29P.txt,-2.339,11.54,33.651
101P.txt,7.782,19.918,31.288
28P.txt,-2.972,7.79,36.638
38P.txt,9.262,15.109,35.159
88P.txt,-2.756,8.799,20.249
77P.txt,14.256,32.524,34.208
61P.txt,-4.791,41.297,45.726
71P.txt,4.269,42.242,41.886
98P.txt,6.331,18.372,25.637
66P.txt,-5.622,33.937,45.327
57P.txt,-1.949,46.348,46.78
80P.txt,13.566,22.59,29.591
55P.txt,-0.034,44.08,54.455
51P.txt,8.363,50.034,51.146
86P.txt,2.609,10.758,23.869
85P.txt,6.493,7.528,24.71
34P.txt,7.672,7.925,28.921
35P.txt,8.754,10.032,31.415
23P.txt,4.895,9.786,39.38
37P.txt,9.487,9.295,38.868
22P.txt,6.38,14.48,38.181
33P.txt,4.781,4.871,28.127
27P.txt,-1.558,12.314,38.787
31P.txt,-1.628,9.753,28.627
19P.txt,13.218,20.099,44.626
