14P.txt,35.658,-6.272,19.148
17P.txt,31.986,-10.338,25.484
13P.txt,37.988,-3.804,13.298
10P.txt,31.383,-2.397,7.092
38P.txt,37.607,-11.802,11.646
11P.txt,34.418,-3.75,9.384
49P.txt,22.713,-0.683,19.24
48P.txt,18.94,0.691,15.814
9P.txt,33.993,-0.484,4.075
8P.txt,30.1,1.355,1.754
5P.txt,33.206,0.964,-6.675
6P.txt,31.415,4.158,-4.875
7P.txt,30.66,1.037,-1.588
50P.txt,24.707,-1.648,14.337
52P.txt,29.853,-6.765,16.56
46P.txt,14.317,-3.178,19.257
47P.txt,16.961,0.831,19.493
34P.txt,38.713,-9.305,2.119
35P.txt,37.974,-5.148,2.146
37P.txt,39.775,-8.449,9.905
36P.txt,37.707,-7.255,6.834
