2194P.txt,35.486,15.835,54.346
2195P.txt,34.424,11.075,56.165
2196P.txt,30.383,13.754,60.91
2197P.txt,32.801,10.633,61.927
2198P.txt,29.436,10.248,65.394
2199P.txt,29.101,7.082,68.668
2200P.txt,28.031,3.489,67.234
2201P.txt,28.466,6.913,62.482
2202P.txt,29.75,6.814,58.533
2203P.txt,26.418,10.951,58.02
2215P.txt,22.872,4.062,61.229
2220P.txt,27.2,15.117,57.51
2222P.txt,33.897,16.539,59.971
2223P.txt,33.216,21.035,59.03
2224P.txt,29.226,22.59,57.838
2196.txt,30.383,13.754,60.91
2197.txt,32.801,10.633,61.927
2198.txt,29.436,10.248,65.394
2199.txt,29.101,7.082,68.668
2200.txt,28.031,3.489,67.234
2215.txt,22.872,4.062,61.229
2220.txt,27.2,15.117,57.51
2222.txt,33.897,16.539,59.971
2223.txt,33.216,21.035,59.03
