1AHW,56,16.982,3.029,10.115
1AHW,187,37.392,1.966,41.731
1AHW,174,25.973,-1.031,46.731
1AHW,135,5.401,2.221,29.948
1AHW,17,21.718,-1.132,23.472
1AHW,108,24.55,-5.162,28.487
1AHW,182,45.116,5.711,52.81
1AHW,171,22.819,-8.902,43.616
1AHW,53,13.501,6.402,1.908
1AHW,149,17.89,-13.04,39.954
1AHW,98,16.376,-12.14,11.905
1AHW,12,17.432,-7.866,7.662
1AHW,130,21.351,2.93,33.082
1AHW,64,9.176,-2.538,25.303
1AHW,97,13.853,-10.885,10.296
1AHW,146,14.185,-5.581,33.659
1AHW,210,40.035,7.358,45.697
1AHW,107,23.675,-5.215,23.641
1AHW,25,16.338,-1.85,6.065
1AHW,18,20.105,-0.967,27.172
1AHW,143,18.936,-2.168,33.404
1AHW,61,7.657,1.765,21.051
1AHW,92,4.553,-6.64,-2.632
1AHW,188,36.091,-0.727,36.861
1AHW,59,11.016,-1.685,16.208
1AHW,20,17.062,1.963,21.754
1AHW,102,14.71,-8.947,23.614
1AHW,151,22.128,-7.671,36.474
1AHW,80,8.433,4.914,-6.349
1AHW,73,10.696,-8.557,10.864
1AHW,128,24.176,5.122,36.899
1AHW,207,38.531,4.351,35.273
1AHW,32,12.305,0.997,-3.822
1AHW,110,29.768,1.815,29.082
1AHW,169,31.11,-10.56,41.615
1AHW,7,15.053,-5.063,-4.701
1AHW,202,29.674,-5.141,29.378
1AHW,85,2.572,1.966,-17.112
1AHW,76,6.714,-5.329,2.745
1AHW,154,32.169,-6.961,38.219
1AHW,115,29.49,6.97,43.621
1AHW,37,5.215,-5.503,8.947
1AHW,163,49.846,-5.936,40.267
1AHW,190,31.921,-5.875,33.542
1AHW,41,7.568,-16.941,16.761
1AHW,38,6.76,-6.184,14.21
1AHW,122,34.68,-0.696,54.542
1AHW,79,6.761,0.894,-6.011
1AHW,44,-0.253,-10.215,15.101
1AHW,166,41.439,-7.235,44.039
1AHW,195,22.123,-16.721,32.334
1AHW,8,14.773,-7.306,-1.93
1AHW,127,26.472,1.312,39.886
1AHW,208,36.473,6.784,38.687
1AHW,106,19.838,-6.539,24.54
1AHW,24,20.121,-1.596,10.379
1AHW,211,42.07,11.216,43.981
1AHW,96,11.357,-12.25,6.817
1AHW,65,4.596,-3.74,24.07
1AHW,147,17.667,-7.891,33.226
1AHW,189,32.027,-1.486,36.381
1AHW,58,12.856,2.594,16.34
1AHW,21,15.339,-1.963,19.074
1AHW,103,15.587,-10.974,29.306
1AHW,19,15.897,-3.573,26.203
1AHW,142,15.676,-0.063,35.435
1AHW,93,9.162,-7.997,-3.107
1AHW,60,11.752,0.382,20.985
1AHW,134,10.759,-0.732,29.69
1AHW,16,19.842,-3.741,20.743
1AHW,57,12.959,0.903,11.978
1AHW,175,30.256,-3.115,44.517
1AHW,186,41.392,2.558,40.737
1AHW,148,17.202,-8.422,38.394
1AHW,99,14.16,-15.287,15.458
1AHW,13,20.7,-6.214,11.089
1AHW,131,16.182,5.877,31.383
1AHW,109,25.854,-1.159,28.306
1AHW,170,26.818,-7.078,43.151
1AHW,183,45.909,3.884,49.351
1AHW,52,10.574,4.862,4.103
1AHW,123,34.89,1.776,49.808
1AHW,78,5.671,-1.139,-1.234
1AHW,191,27.838,-5.955,33.373
1AHW,162,50.639,-2.488,41.191
1AHW,40,5.106,-12.116,17.848
1AHW,39,5.823,-10.15,14.677
1AHW,209,40.306,7.226,41.058
1AHW,126,27.31,3.292,43.544
1AHW,9,15.788,-6.451,1.38
1AHW,45,3.517,-9.698,10.679
1AHW,194,25.478,-14.958,34.091
1AHW,167,37.37,-9.013,41.797
1AHW,6,11.372,-3.993,-6.811
1AHW,33,9.426,2.789,-0.689
1AHW,111,28.793,0.607,32.713
1AHW,168,33.755,-7.794,43.006
1AHW,206,34.677,4.545,32.855
1AHW,150,19.329,-12.38,35.88
1AHW,72,9.945,-11.785,13.148
1AHW,81,6.592,6.914,-8.714
1AHW,129,20.013,2.219,37.66
1AHW,114,26.444,7.256,40.724
1AHW,36,8.727,-2.126,8.559
1AHW,3,9.512,-6.999,-9.685
1AHW,77,9.531,-3.504,-1.437
1AHW,84,6.093,1.303,-16.088
1AHW,155,34.519,-3.882,41.198
1AHW,203,32.012,-2.362,28.316
1AHW,35,6.783,-1.038,4.767
1AHW,117,31.322,6.625,50.296
1AHW,156,37.336,-5.449,37.527
1AHW,74,6.839,-8.929,6.997
1AHW,87,0.909,-2.943,-17.304
1AHW,200,27.9,-13.886,29.642
1AHW,112,28.359,4.677,34.965
1AHW,30,16.372,3.381,-6.297
1AHW,49,8.007,2.099,9.327
1AHW,198,25.127,-14.957,23.836
1AHW,5,9.849,-2.143,-10.232
1AHW,205,33.512,1.484,33.251
1AHW,71,9.491,-9.586,19.108
1AHW,82,5.871,8.072,-12.952
1AHW,153,26.759,-4.608,38.082
1AHW,125,31.155,1.322,44.742
1AHW,197,24.643,-18.406,26.019
1AHW,164,46.532,-6.328,40.13
1AHW,46,1.816,-3.631,14.207
1AHW,120,36.57,3.656,56.731
1AHW,88,1.387,-3.963,-13.937
1AHW,159,46.641,-0.519,45.075
1AHW,43,1.963,-13.38,14.785
1AHW,192,27.339,-9.824,33.818
1AHW,161,50.546,0.94,42.198
1AHW,118,36.503,5.789,52.454
1AHW,69,7.575,-12.689,22.991
1AHW,132,14.796,1.591,30.279
1AHW,10,20.569,-6.623,0.986
1AHW,28,19.658,4.043,-0.77
1AHW,51,4.472,3.356,2.465
1AHW,173,23.295,-0.973,41.925
1AHW,180,44.882,-1.028,51.993
1AHW,15,21.679,-2.595,15.665
1AHW,137,2.274,0.951,35.312
1AHW,176,31.033,-2.589,50.941
1AHW,185,42.468,1.337,45.996
1AHW,54,14.547,5.662,5.9
1AHW,179,40.568,-0.33,51.659
1AHW,100,15.494,-9.586,19.031
1AHW,22,17.036,0.023,15.421
1AHW,138,2.921,5.97,34.744
1AHW,90,3.81,-6.216,-9.208
1AHW,63,10.502,-4.659,21.855
1AHW,141,11.484,-0.207,34.144
1AHW,27,19.297,-1.515,-0.397
1AHW,105,19.329,-11.28,21.785
1AHW,212,39.481,12.017,40.983
1AHW,144,19.013,-4.333,38.859
1AHW,95,13.053,-10.762,3.517
1AHW,66,7.072,-8.919,26.092
1AHW,165,43.253,-5.718,37.941
1AHW,196,22.741,-13.301,28.316
1AHW,47,2.842,-1.582,10.458
1AHW,124,30.158,2.468,48.756
1AHW,42,3.608,-16.858,15.289
1AHW,160,47.345,3.419,41.884
1AHW,193,23.444,-11.543,32.159
1AHW,119,32.725,4.083,55.089
1AHW,121,38.298,0.186,56.302
1AHW,89,3.249,-2.997,-10.818
1AHW,158,42.979,-0.833,39.668
1AHW,201,30.466,-9.82,29.665
1AHW,157,39.459,-3.826,43.758
1AHW,86,2.536,-0.551,-19.988
1AHW,75,11.172,-5.294,4.904
1AHW,34,12.064,0.072,1.945
1AHW,116,34.103,7.166,44.886
1AHW,83,5.394,3.607,-13.027
1AHW,70,10.342,-14.028,19.871
1AHW,152,25.711,-9.539,38.172
1AHW,204,34.87,-2.11,31.168
1AHW,4,10.153,-4.847,-13.482
1AHW,113,31.177,4.451,38.623
1AHW,31,12.896,4.376,-8.038
1AHW,48,6.386,1.141,13.502
1AHW,199,25.563,-10.74,24.424
1AHW,139,7.376,3.853,35.322
1AHW,62,5.966,-2.594,19.564
1AHW,91,2.332,-5.81,-5.592
1AHW,140,10.069,5.097,31.798
1AHW,178,37.914,-4.052,52.928
1AHW,101,14.8,-12.655,22.257
1AHW,23,15.545,-3.279,11.661
1AHW,145,13.725,-2.594,37.581
1AHW,67,11.271,-8.137,26.916
1AHW,94,7.891,-10.692,1.919
1AHW,213,41.475,17.07,43.005
1AHW,26,21.393,-3.429,2.682
1AHW,104,17.97,-13.669,25.894
1AHW,29,16.442,3.422,-1.801
1AHW,50,3.814,3.091,7.135
1AHW,181,42.947,3.418,55.022
1AHW,172,23.103,-4.79,44.1
1AHW,68,10.719,-12.396,28.207
1AHW,133,12.365,3.155,26.809
1AHW,11,21.979,-7.322,5.142
1AHW,184,45.087,6.289,45.894
1AHW,177,35.498,-2.645,49.205
1AHW,55,17.985,1.994,5.832
1AHW,14,16.746,-7.149,14.979
1AHW,136,6.137,-1.567,35.453
