1C08,94,-3.401,15.905,25.447
1C08,67,12.146,8.408,29.834
1C08,6,-8.797,19.334,4.93
1C08,117,-4.559,37.119,14.831
1C08,26,-7.848,26.973,12.614
1C08,112,2.874,33.704,21.148
1C08,3,-2.924,14.189,8.513
1C08,91,-2.858,14.112,20.442
1C08,62,5.107,20.065,32.483
1C08,23,-9.015,28.514,21.14
1C08,125,-11.044,29.26,3.132
1C08,55,0.221,16.792,14.951
1C08,14,-13.753,12.196,14.418
1C08,50,12.482,18.076,26.38
1C08,29,-4.97,23.534,11.431
1C08,120,-7.13,31.1,11.469
1C08,11,-10.024,14.802,12.501
1C08,68,14.858,11.228,26.386
1C08,118,-4.005,35.33,12.081
1C08,9,-9.758,19.307,10.004
1C08,42,7.17,14.749,14.865
1C08,89,-7.34,10.104,19.645
1C08,47,16.706,23.652,25.02
1C08,100,-7.513,23.612,29.652
1C08,70,14.676,14.601,33.553
1C08,83,1.578,11.492,20.96
1C08,48,14.61,21.316,28.335
1C08,31,-0.533,24.877,15.088
1C08,75,-0.187,15.575,33.261
1C08,86,-2.007,7.584,12.5
1C08,105,-3.785,27.751,21.788
1C08,34,3.29,26.846,11.414
1C08,15,-11.295,13.469,17.566
1C08,54,3.675,15.504,17.022
1C08,124,-10.846,25.626,7.517
1C08,119,-7.254,34.58,8.45
1C08,8,-5.879,17.455,10.462
1C08,10,-11.819,16.462,9.923
1C08,69,12.386,14.004,30.536
1C08,121,-11.056,30.665,7.72
1C08,51,10.998,15.774,23.339
1C08,28,-6.639,23.534,17.859
1C08,27,-6.621,28.405,15.821
1C08,7,-7.007,14.458,6.303
1C08,116,-2.24,35.104,18.739
1C08,66,10.26,10.136,27.038
1C08,95,-4.677,19.095,23.75
1C08,22,-12.849,28.737,21.673
1C08,63,1.197,17.978,29.278
1C08,90,-4.129,10.934,21.922
1C08,113,4.737,33.583,17.589
1C08,2,1.732,13.36,6.236
1C08,49,15.616,17.861,27.011
1C08,30,-2.135,26.822,12.368
1C08,82,1.17,7.603,21.415
1C08,71,11.013,15.891,36.021
1C08,101,-3.247,24.657,32.045
1C08,35,4.28,22.919,16.118
1C08,104,-4.378,28.216,26.226
1C08,87,-5.243,7.799,15.678
1C08,74,2.47,11.538,32.192
1C08,88,-5.328,12.417,16.013
1C08,43,10.428,14.293,16.898
1C08,46,13.02,20.886,23.384
1C08,45,15.751,16.801,22.466
1C08,78,0.483,9.212,27.302
1C08,108,0.015,24.687,21.814
1C08,39,4.391,14.516,10.61
1C08,40,2.047,12.004,13.086
1C08,36,4.101,19.119,12.515
1C08,84,4.16,9.656,17.083
1C08,77,-1.315,9.134,31.931
1C08,107,1.094,26.718,25.074
1C08,33,1.699,23.785,9.018
1C08,102,-4.766,28.784,31.164
1C08,81,4.929,6.888,21.368
1C08,72,8.682,14.417,34.048
1C08,128,-16.187,18.494,1.535
1C08,21,-11.333,25.746,27.154
1C08,58,2.646,17.146,23.052
1C08,1,-0.642,10.229,8.557
1C08,110,3.708,28.732,17.442
1C08,60,8.203,15.342,27.801
1C08,93,-7.546,13.423,24.211
1C08,19,-15.049,26.198,18.921
1C08,24,-11.431,27.844,15.895
1C08,65,6.775,8.945,29.553
1C08,96,-9.038,18.432,24.69
1C08,115,-1.539,31.682,14.519
1C08,4,-3.983,16.97,5.286
1C08,13,-15.095,18.704,13.446
1C08,99,-6.111,24.286,25.946
1C08,52,8.156,18.325,21.354
1C08,122,-7.558,30.018,5.999
1C08,16,-13.665,18.166,19.369
1C08,127,-12.614,22.319,3.738
1C08,57,5.292,19.013,18.819
1C08,106,-0.66,31.173,24.455
1C08,76,-1.842,13.03,29.409
1C08,85,-0.245,7.655,15.812
1C08,37,4.295,20.161,8.182
1C08,73,4.385,16.432,36.178
1C08,80,5.361,10.106,24.004
1C08,103,-2.113,30.19,29.119
1C08,32,-0.105,21.814,13.276
1C08,44,11.433,18.331,17.801
1C08,38,-0.116,19.214,8.776
1C08,41,6.303,10.032,12.568
1C08,109,5.14,29.418,21.389
1C08,79,3.013,6.771,25.993
1C08,123,-4.246,27.336,7.859
1C08,53,7.163,13.502,21.496
1C08,12,-8.759,18.241,14.628
1C08,98,-2.326,21.396,26.929
1C08,56,-0.201,19.455,18.331
1C08,126,-12.247,24.252,1.176
1C08,17,-10.453,20.413,18.827
1C08,92,-6.896,15.504,20.532
1C08,61,10.051,18.499,31.312
1C08,18,-14.58,23.24,16.257
1C08,111,-1.834,30.374,18.854
1C08,20,-11.964,22.248,23.746
1C08,59,6.308,18.647,26.291
1C08,129,-15.948,20.682,7.322
1C08,114,4.163,30.921,12.714
1C08,5,-5.894,22.293,4.553
1C08,97,-5.717,17.566,29.252
1C08,64,4.387,12.714,27.753
1C08,25,-10.89,23.803,13.348
