1H0D,95,39.802,3.56,-3.878
1H0D,66,33.109,28.414,5.709
1H0D,27,33.386,-2.841,0.486
1H0D,106,26.325,20.598,11.954
1H0D,90,24.612,-2.715,-5.795
1H0D,63,35.91,26.971,16.352
1H0D,103,35.898,17.437,11.741
1H0D,9,26.44,12.148,12.47
1H0D,22,40.618,-2.24,4.523
1H0D,54,28.603,14.855,21.671
1H0D,6,23.088,12.345,17.495
1H0D,15,33.088,3.043,13.674
1H0D,3,17.729,12.312,18.422
1H0D,28,31.296,-3.893,5.292
1H0D,109,19.39,20.947,19.687
1H0D,51,33.57,11.486,25.409
1H0D,69,29.391,24.897,9.762
1H0D,10,26.014,8.374,15.032
1H0D,43,30.964,8.194,3.815
1H0D,123,40.803,16.844,-6.128
1H0D,88,24.7,3.7,-8.629
1H0D,46,34.314,9.855,12.916
1H0D,71,36.099,23.452,12.88
1H0D,82,36.465,7.894,-2.411
1H0D,30,29.034,1.711,3.342
1H0D,111,23.369,17.085,19.029
1H0D,49,35.2,9.335,22.161
1H0D,74,40.196,17.921,17.961
1H0D,87,27.251,1.95,-10.45
1H0D,114,26.114,17.836,8.079
1H0D,35,25.07,3.915,3.033
1H0D,14,30.816,6.703,15.874
1H0D,55,32.09,18.629,22.001
1H0D,7,20.711,8.865,15.369
1H0D,68,25.953,27.116,9.029
1H0D,11,24.342,5.526,11.294
1H0D,2,13.698,14.112,16.861
1H0D,29,30.628,-0.073,7.246
1H0D,50,29.729,9.166,21.123
1H0D,108,20.056,20.469,15.517
1H0D,26,34.619,0.53,3.327
1H0D,107,25.155,21.61,15.282
1H0D,67,28.255,30.587,6.485
1H0D,94,33.037,1.985,-1.5
1H0D,102,39.959,19.08,11.782
1H0D,8,20.008,9.054,10.844
1H0D,23,39.472,-1.124,0.456
1H0D,62,34.782,24.354,18.822
1H0D,91,28.161,-4.32,-6.684
1H0D,31,27.571,-3.914,2.497
1H0D,48,36.114,6.853,18.797
1H0D,110,24.05,20.023,20.587
1H0D,83,32.364,4.643,-5.299
1H0D,70,31.096,24.53,15.349
1H0D,115,30.022,15.358,8.062
1H0D,34,22.746,1.517,4.47
1H0D,86,29.863,3.806,-12.172
1H0D,75,42.264,15.693,15.744
1H0D,89,21.815,1.306,-7.873
1H0D,122,42.807,13.723,-3.351
1H0D,42,32.161,10.297,-0.433
1H0D,47,37.156,6.347,13.687
1H0D,44,33.67,9.952,6.359
1H0D,79,37.993,6.182,7.298
1H0D,121,35.153,15.713,-1.799
1H0D,119,37.116,18.331,4.324
1H0D,41,30.416,9.039,-4.186
1H0D,38,21.96,4.381,-3.563
1H0D,116,31.578,19.088,5.35
1H0D,37,20.641,1.422,-2.034
1H0D,85,33.178,3.496,-10.473
1H0D,76,38.498,13.511,15.439
1H0D,32,28.003,-2.955,8.738
1H0D,113,23.123,16.834,12.455
1H0D,80,37.374,8.281,3.465
1H0D,73,39.327,23.082,19.089
1H0D,101,41.353,17.04,9.371
1H0D,59,33.546,26.691,22.875
1H0D,20,40.314,-2.63,9.578
1H0D,18,37.509,0.378,13.374
1H0D,61,36.154,20.282,20.309
1H0D,92,29.416,-1.132,-3.84
1H0D,25,35.921,-0.482,7.268
1H0D,104,33.301,20.267,9.512
1H0D,64,33.139,29.127,14.579
1H0D,97,41.576,7.16,2.89
1H0D,98,43.155,6.956,6.467
1H0D,12,25.487,8.367,7.764
1H0D,53,32.079,13.635,18.197
1H0D,17,37.336,-0.065,18.362
1H0D,56,32.49,19.575,17.935
1H0D,4,16.674,11.581,14.234
1H0D,77,41.807,8.699,13.616
1H0D,84,36.626,2.63,-8.2
1H0D,117,32.048,14.492,3.222
1H0D,36,24.477,0.177,-0.426
1H0D,72,37.338,20.468,15.343
1H0D,81,34.752,5.633,1.838
1H0D,33,26.426,1.781,9.476
1H0D,112,26.136,16.134,15.985
1H0D,45,32.668,6.109,8.543
1H0D,40,27.249,7.727,-0.145
1H0D,118,34.302,18.845,1.371
1H0D,39,26.095,3.6,-3.844
1H0D,120,36.996,14.415,4.352
1H0D,78,39.08,9.63,9.751
1H0D,52,34.772,13.995,21.379
1H0D,99,42.933,9.738,8.886
1H0D,13,29.189,10.037,9.257
1H0D,57,28.659,21.467,19.501
1H0D,5,17.708,15.199,11.817
1H0D,16,34.415,3.312,17.454
1H0D,19,39.198,-4.156,13.62
1H0D,93,33.396,-1.741,-5.312
1H0D,60,34.668,21.828,25.776
1H0D,58,30.483,22.011,23.454
1H0D,100,44.725,12.679,12.87
1H0D,21,41.203,2.513,9.248
1H0D,96,40.227,3.466,1.784
1H0D,65,33.567,26.615,9.386
1H0D,24,38.263,-5.965,2.789
1H0D,105,30.015,19.623,12.041
