1LK3,106,10.104,26.988,1.746
1LK3,68,14.594,18.544,13.588
1LK3,147,28.62,13.709,-18.892
1LK3,50,26.442,21.663,21.244
1LK3,29,3.71,29.966,21.799
1LK3,103,6.393,28.402,4.456
1LK3,55,25.129,19.227,11.883
1LK3,142,20.758,14.686,-24.978
1LK3,23,12.002,33.579,15.676
1LK3,134,9.554,10.835,-29.401
1LK3,62,19.124,22.242,5.249
1LK3,91,0.849,22.301,20.502
1LK3,148,29.268,17.963,-20.403
1LK3,131,8.274,13.503,-26.469
1LK3,26,7.897,30.23,17.552
1LK3,67,15.139,15.47,9.644
1LK3,94,4.172,25.84,18.531
1LK3,34,7.694,26.713,29.144
1LK3,123,10.873,22.556,-17.45
1LK3,86,-5.297,20.069,28.611
1LK3,75,7.831,12.349,15.174
1LK3,126,6.893,17.786,-18.024
1LK3,48,18.102,19.149,21.551
1LK3,31,5.43,30.872,26.627
1LK3,83,0.479,11.798,25.957
1LK3,70,9.703,16.025,9.436
1LK3,111,17.047,31.404,4.902
1LK3,150,27.936,16.319,-14.051
1LK3,129,6.536,12.174,-20.048
1LK3,47,17.358,15.447,23.438
1LK3,89,-4.163,24.838,21.792
1LK3,114,16.515,21.252,0.983
1LK3,155,33.949,22.774,-11.739
1LK3,90,-1.34,26.406,23.849
1LK3,63,19.904,18.649,4.881
1LK3,135,12.239,10.701,-25.156
1LK3,22,11.567,35.842,11.491
1LK3,95,2.956,24.536,14.634
1LK3,66,14.214,19.86,7.382
1LK3,27,11.073,33.077,20.82
1LK3,149,24.893,20.219,-18.366
1LK3,130,3.821,14.904,-22.75
1LK3,51,25.585,17.948,17.97
1LK3,28,5.184,34.427,22.197
1LK3,146,23.778,14.547,-17.406
1LK3,69,11.0,21.382,11.105
1LK3,107,13.755,32.202,0.628
1LK3,143,24.306,10.481,-20.411
1LK3,54,28.111,21.858,15.928
1LK3,102,8.778,24.525,6.961
1LK3,46,20.366,18.678,26.294
1LK3,151,32.85,18.422,-15.883
1LK3,128,10.735,12.06,-20.972
1LK3,154,32.416,18.364,-10.487
1LK3,115,12.183,22.042,1.748
1LK3,88,-4.819,19.751,21.561
1LK3,74,5.442,14.125,11.392
1LK3,87,-1.106,20.96,25.381
1LK3,122,9.008,20.592,-13.719
1LK3,35,3.29,26.222,31.425
1LK3,71,11.223,14.987,15.374
1LK3,82,-2.479,11.651,22.988
1LK3,49,23.268,17.279,22.684
1LK3,30,7.669,27.273,24.253
1LK3,127,8.906,17.021,-22.133
1LK3,72,9.851,19.055,17.31
1LK3,81,-2.152,16.009,20.862
1LK3,33,3.834,25.104,25.733
1LK3,124,13.102,17.854,-18.534
1LK3,119,10.774,24.649,-12.321
1LK3,77,4.079,18.721,18.311
1LK3,84,-2.159,16.573,28.049
1LK3,121,14.224,19.028,-13.571
1LK3,158,36.552,22.731,-7.608
1LK3,36,1.022,22.86,29.884
1LK3,157,31.34,22.315,-5.635
1LK3,116,13.268,24.092,-2.815
1LK3,78,1.507,14.805,17.607
1LK3,45,20.955,15.015,29.26
1LK3,152,29.954,21.85,-14.245
1LK3,113,17.837,24.983,-0.086
1LK3,139,17.635,11.41,-23.213
1LK3,140,19.702,7.916,-23.672
1LK3,57,26.768,26.154,12.185
1LK3,101,9.46,29.756,10.105
1LK3,52,21.769,19.354,16.384
1LK3,145,24.988,17.048,-22.976
1LK3,99,3.401,24.828,9.624
1LK3,104,8.579,33.143,7.114
1LK3,96,-0.013,26.454,12.511
1LK3,65,16.355,22.684,9.982
1LK3,24,9.153,36.772,19.957
1LK3,133,8.844,5.663,-28.106
1LK3,93,-0.403,27.454,17.942
1LK3,60,24.606,18.429,6.354
1LK3,19,16.759,36.563,12.789
1LK3,136,13.223,7.173,-24.354
1LK3,21,10.852,39.179,14.723
1LK3,58,27.0,23.088,7.922
1LK3,79,3.673,11.815,20.34
1LK3,117,11.31,21.609,-7.605
1LK3,156,30.756,25.675,-9.288
1LK3,112,15.219,25.834,3.489
1LK3,153,27.759,20.259,-9.124
1LK3,125,10.776,15.09,-15.537
1LK3,32,1.583,30.78,25.943
1LK3,80,1.972,15.65,23.043
1LK3,73,5.446,19.379,12.654
1LK3,37,5.984,20.872,29.314
1LK3,120,14.416,22.721,-15.013
1LK3,159,35.761,28.099,-8.648
1LK3,85,-5.309,16.579,25.932
1LK3,76,7.011,15.582,18.995
1LK3,118,14.315,22.144,-10.421
1LK3,132,5.229,9.643,-25.64
1LK3,25,5.063,34.662,16.769
1LK3,64,18.964,19.163,9.663
1LK3,97,3.793,29.748,14.408
1LK3,20,14.67,38.423,16.306
1LK3,59,27.039,20.992,5.024
1LK3,137,16.467,8.119,-29.658
1LK3,61,22.088,22.138,7.716
1LK3,92,-2.203,24.069,16.922
1LK3,18,14.879,40.306,11.632
1LK3,100,4.637,30.106,8.996
1LK3,56,21.21,23.185,12.56
1LK3,138,15.905,13.632,-27.214
1LK3,141,21.028,11.149,-27.17
1LK3,105,13.072,29.721,5.797
1LK3,98,7.287,25.682,12.86
1LK3,144,27.065,13.642,-24.144
1LK3,53,24.432,23.869,16.717
