1MHP,248,29.974,79.173,-15.101
1MHP,231,21.891,71.811,0.187
1MHP,310,42.177,79.543,1.516
1MHP,194,14.237,77.962,2.061
1MHP,167,23.446,97.796,3.17
1MHP,209,19.979,93.699,-9.44
1MHP,270,30.343,71.643,2.729
1MHP,283,30.306,86.392,6.026
1MHP,328,32.778,95.597,0.866
1MHP,191,15.164,79.91,7.918
1MHP,315,36.219,83.437,7.605
1MHP,162,17.396,92.928,7.275
1MHP,234,25.92,71.411,-4.017
1MHP,275,32.617,67.634,-4.971
1MHP,286,30.28,88.012,16.088
1MHP,322,27.069,98.59,11.805
1MHP,155,17.044,85.0,8.234
1MHP,289,26.219,84.496,19.344
1MHP,203,16.654,90.565,-11.846
1MHP,242,15.285,78.55,-9.747
1MHP,206,24.292,95.992,-12.056
1MHP,327,33.84,93.454,4.493
1MHP,150,24.654,82.407,-4.753
1MHP,247,30.341,76.177,-16.753
1MHP,168,26.676,93.812,2.776
1MHP,335,35.115,87.431,-5.841
1MHP,214,17.604,97.56,-1.434
1MHP,189,15.994,84.987,2.961
1MHP,255,25.456,85.716,5.358
1MHP,211,16.345,97.763,-7.342
1MHP,268,28.168,65.253,4.068
1MHP,147,30.882,84.687,-12.058
1MHP,330,37.704,92.533,0.377
1MHP,250,28.563,76.676,-9.842
1MHP,229,20.447,76.385,2.819
1MHP,308,36.15,77.77,0.253
1MHP,226,22.905,77.196,7.585
1MHP,170,23.438,98.223,-2.18
1MHP,183,28.89,88.641,-13.316
1MHP,307,34.861,78.198,3.893
1MHP,294,27.219,84.666,24.08
1MHP,267,31.187,67.581,9.018
1MHP,148,27.372,82.141,-11.647
1MHP,175,31.402,98.983,-5.493
1MHP,302,30.149,76.486,12.26
1MHP,186,21.765,85.534,-6.594
1MHP,223,14.28,77.01,13.456
1MHP,291,24.566,92.424,19.745
1MHP,262,20.999,71.883,10.314
1MHP,243,20.079,80.051,-14.507
1MHP,288,22.561,88.209,19.259
1MHP,202,14.781,86.861,-11.918
1MHP,154,20.757,84.235,7.928
1MHP,323,30.709,96.295,10.581
1MHP,169,23.562,93.162,0.16
1MHP,246,24.847,74.01,-20.504
1MHP,151,23.562,85.493,-2.138
1MHP,326,33.884,97.207,6.533
1MHP,207,20.929,99.216,-12.786
1MHP,329,35.815,96.885,-1.274
1MHP,208,17.702,96.012,-13.047
1MHP,282,32.409,82.493,4.989
1MHP,271,33.003,67.27,0.636
1MHP,166,20.023,95.521,3.032
1MHP,195,13.132,81.867,0.314
1MHP,311,40.122,79.537,5.795
1MHP,249,33.802,78.805,-10.263
1MHP,230,24.121,75.843,1.856
1MHP,287,26.992,90.365,17.026
1MHP,274,34.547,70.442,-2.151
1MHP,235,19.762,69.826,-3.83
1MHP,163,18.658,98.938,7.625
1MHP,314,37.781,82.118,0.729
1MHP,190,19.369,80.882,6.026
1MHP,149,27.362,84.858,-7.647
1MHP,266,27.425,71.247,7.688
1MHP,295,30.944,82.05,23.777
1MHP,306,31.568,76.924,5.541
1MHP,182,29.36,90.15,-17.889
1MHP,171,28.047,98.078,-0.66
1MHP,227,22.535,73.452,6.058
1MHP,263,25.513,72.42,13.45
1MHP,290,29.741,89.852,20.62
1MHP,222,12.949,80.821,15.311
1MHP,187,19.249,86.18,-3.644
1MHP,303,31.24,79.787,10.11
1MHP,174,27.697,99.684,-5.017
1MHP,254,27.357,82.162,3.054
1MHP,188,18.714,82.514,-1.006
1MHP,215,12.142,94.047,-3.622
1MHP,334,39.61,88.583,-0.004
1MHP,309,40.498,75.691,1.546
1MHP,251,30.328,81.56,-6.292
1MHP,228,18.56,73.647,4.535
1MHP,331,34.252,90.153,-0.524
1MHP,146,31.747,83.814,-17.544
1MHP,210,20.91,97.202,-7.258
1MHP,269,26.511,70.076,2.755
1MHP,252,28.375,80.117,-2.362
1MHP,332,34.996,92.093,-3.763
1MHP,145,34.189,88.172,-15.061
1MHP,213,17.928,93.771,-3.56
1MHP,299,29.71,81.347,15.458
1MHP,257,23.833,85.545,13.149
1MHP,178,25.557,92.28,-13.392
1MHP,216,15.107,91.938,0.352
1MHP,337,38.782,88.296,-8.166
1MHP,260,23.907,75.552,12.684
1MHP,293,27.74,88.774,27.401
1MHP,219,12.5,84.524,6.46
1MHP,221,13.648,83.409,12.581
1MHP,258,24.897,81.933,13.656
1MHP,184,24.658,85.751,-13.893
1MHP,300,34.027,81.05,14.501
1MHP,177,29.932,94.501,-13.794
1MHP,265,21.873,68.746,5.755
1MHP,296,32.416,83.228,19.667
1MHP,305,33.722,75.186,8.248
1MHP,181,28.502,86.817,-21.57
1MHP,172,28.692,93.534,-2.628
1MHP,224,19.446,79.071,12.052
1MHP,284,30.771,85.935,10.347
1MHP,277,34.034,72.097,-8.211
1MHP,158,19.516,87.496,15.239
1MHP,236,17.193,74.613,-5.671
1MHP,160,17.884,95.078,14.816
1MHP,317,35.513,87.461,12.296
1MHP,193,12.162,78.348,5.262
1MHP,281,33.502,83.631,-0.328
1MHP,272,28.649,67.673,-1.39
1MHP,165,22.086,93.355,5.926
1MHP,196,14.452,80.418,-4.14
1MHP,312,42.988,82.004,5.962
1MHP,233,21.637,76.517,-3.036
1MHP,199,15.973,83.043,-10.05
1MHP,245,26.849,82.195,-16.17
1MHP,152,23.438,82.334,1.377
1MHP,325,29.652,98.257,5.364
1MHP,204,20.164,92.299,-16.805
1MHP,239,19.533,75.448,-11.732
1MHP,240,20.935,75.215,-16.264
1MHP,318,32.11,90.368,11.137
1MHP,278,30.969,75.475,-5.219
1MHP,201,17.687,83.742,-14.566
1MHP,157,14.515,86.548,14.143
1MHP,320,29.215,94.517,14.121
1MHP,176,29.143,93.47,-8.837
1MHP,301,35.054,76.22,14.37
1MHP,185,23.182,87.74,-9.173
1MHP,220,12.517,85.237,9.55
1MHP,259,25.901,78.134,16.233
1MHP,292,25.135,88.531,24.599
1MHP,261,19.095,75.304,14.836
1MHP,218,14.912,90.569,10.094
1MHP,225,18.313,75.653,9.036
1MHP,173,25.79,94.061,-5.439
1MHP,180,24.524,87.445,-19.501
1MHP,304,37.664,79.656,9.552
1MHP,297,33.682,79.4,20.632
1MHP,264,22.862,68.105,11.928
1MHP,212,15.887,94.124,-6.308
1MHP,298,32.162,75.865,19.719
1MHP,333,39.204,92.19,-3.994
1MHP,253,28.057,84.461,-0.554
1MHP,336,35.022,89.291,-9.207
1MHP,217,12.763,91.111,3.41
1MHP,179,25.74,89.66,-16.69
1MHP,256,25.575,83.885,9.594
1MHP,205,21.173,95.231,-15.007
1MHP,324,28.834,94.362,7.46
1MHP,153,20.675,85.845,3.525
1MHP,244,22.621,78.526,-14.154
1MHP,198,17.148,87.339,-6.677
1MHP,321,25.262,93.876,12.591
1MHP,156,17.74,84.96,11.795
1MHP,279,35.39,79.359,-4.62
1MHP,200,20.999,83.18,-11.126
1MHP,319,32.314,92.63,15.045
1MHP,238,23.793,76.985,-8.146
1MHP,241,16.658,76.42,-14.438
1MHP,192,12.872,78.006,10.211
1MHP,316,35.14,87.479,5.618
1MHP,161,20.529,95.97,12.043
1MHP,237,19.91,77.893,-7.231
1MHP,159,20.389,89.508,11.905
1MHP,276,29.12,70.518,-7.07
1MHP,285,27.572,88.391,11.778
1MHP,232,18.678,74.627,-0.976
1MHP,313,40.376,83.888,-0.288
1MHP,197,14.514,86.326,-2.404
1MHP,164,22.481,96.969,8.191
1MHP,273,29.832,71.814,-2.293
1MHP,280,32.896,76.469,-0.288
