1OB1,67,8.424,15.048,-8.075
1OB1,94,0.385,-10.826,-7.057
1OB1,26,-3.26,-12.227,7.919
1OB1,62,7.196,2.306,-6.068
1OB1,91,-3.694,-3.825,-1.403
1OB1,23,5.668,-12.237,5.066
1OB1,55,0.648,2.806,-1.576
1OB1,14,-13.758,3.637,6.727
1OB1,50,11.605,3.607,2.426
1OB1,29,-1.574,-0.647,3.539
1OB1,11,-11.425,-6.674,12.196
1OB1,68,9.29,18.968,-8.171
1OB1,4,-2.405,-17.02,-0.904
1OB1,42,-3.014,9.804,10.153
1OB1,89,-2.789,0.209,-6.395
1OB1,47,3.158,9.782,0.249
1OB1,1,-9.999,-16.9,-10.292
1OB1,83,-1.744,-6.885,-12.004
1OB1,70,5.965,22.042,-1.283
1OB1,48,7.686,6.991,0.804
1OB1,31,-7.078,3.081,1.637
1OB1,86,-7.916,-5.045,-4.408
1OB1,75,2.812,6.453,-9.365
1OB1,34,-5.149,7.679,4.43
1OB1,15,-9.504,5.77,5.428
1OB1,54,3.347,3.714,0.567
1OB1,10,-6.981,-8.616,9.488
1OB1,69,7.358,21.055,-6.097
1OB1,51,6.509,4.071,3.458
1OB1,28,-4.808,-3.87,7.944
1OB1,27,-1.504,-7.032,8.726
1OB1,95,0.392,-14.749,-5.264
1OB1,66,7.169,12.522,-11.395
1OB1,22,3.951,-10.814,0.296
1OB1,90,-3.36,-0.018,-2.232
1OB1,63,7.373,5.091,-9.383
1OB1,49,8.307,3.687,-1.427
1OB1,30,-3.752,2.623,5.649
1OB1,71,4.312,18.688,-3.703
1OB1,82,-2.737,-11.484,-11.323
1OB1,35,0.595,8.268,8.203
1OB1,74,4.157,8.309,-4.782
1OB1,87,-8.564,-0.38,-2.916
1OB1,88,-5.872,3.368,-6.31
1OB1,43,-3.771,12.633,5.547
1OB1,5,-4.895,-11.422,-2.586
1OB1,46,4.596,13.547,3.053
1OB1,45,0.78,14.888,4.077
1OB1,3,-5.129,-14.778,-5.002
1OB1,78,1.641,-3.778,-10.593
1OB1,39,-5.459,3.318,17.296
1OB1,6,-9.277,-13.206,-0.058
1OB1,40,-7.833,6.888,14.4
1OB1,36,-0.286,2.987,10.704
1OB1,9,-8.416,-15.042,10.962
1OB1,77,3.831,0.664,-11.859
1OB1,84,-6.57,-7.525,-12.032
1OB1,33,-2.973,9.808,0.188
1OB1,72,6.822,14.294,-2.413
1OB1,81,0.916,-11.377,-14.015
1OB1,21,1.848,-8.922,5.026
1OB1,58,4.532,-4.959,-0.89
1OB1,93,-3.559,-9.225,-7.553
1OB1,60,3.773,-3.67,-6.265
1OB1,19,-2.235,-7.301,1.109
1OB1,24,3.502,-16.327,5.342
1OB1,96,3.176,-18.812,-6.304
1OB1,65,11.677,9.436,-10.167
1OB1,13,-9.872,0.464,9.702
1OB1,52,6.405,-0.319,4.499
1OB1,16,-7.852,1.192,5.726
1OB1,57,1.293,-3.64,-3.378
1OB1,85,-5.192,-2.757,-9.045
1OB1,76,1.762,2.557,-8.056
1OB1,37,-0.466,8.353,14.021
1OB1,8,-10.026,-14.103,6.022
1OB1,80,3.58,-10.054,-10.094
1OB1,73,2.544,13.73,-8.069
1OB1,32,-3.02,5.247,-1.905
1OB1,2,-10.212,-15.596,-4.893
1OB1,44,0.846,10.515,4.438
1OB1,38,-1.526,5.146,16.904
1OB1,41,-5.12,5.789,9.731
1OB1,7,-6.926,-11.805,3.548
1OB1,79,5.627,-5.903,-13.203
1OB1,53,3.345,-0.638,0.353
1OB1,12,-9.634,-3.306,8.089
1OB1,56,2.912,0.898,-3.755
1OB1,17,-7.268,-2.084,3.538
1OB1,61,7.826,-2.838,-9.227
1OB1,92,-1.3,-5.532,-6.861
1OB1,18,-7.177,-6.096,3.898
1OB1,20,-2.069,-13.531,3.66
1OB1,59,4.174,-7.707,-4.461
1OB1,64,9.666,9.226,-6.572
1OB1,25,2.657,-10.009,8.429
