1QFU,217,124.233,124.736,87.618
1QFU,404,133.04,121.924,115.673
1QFU,138,107.779,119.151,96.031
1QFU,141,100.186,126.069,98.951
1QFU,336,119.552,116.601,181.455
1QFU,43,118.387,120.794,143.336
1QFU,256,107.986,140.815,101.49
1QFU,445,125.529,128.959,173.627
1QFU,179,113.511,135.385,104.493
1QFU,377,116.833,129.868,160.125
1QFU,100,114.767,124.239,103.026
1QFU,384,123.176,135.315,149.509
1QFU,88,107.483,124.286,121.648
1QFU,46,111.206,116.46,139.407
1QFU,144,98.301,120.814,92.773
1QFU,401,124.587,119.193,112.948
1QFU,298,117.236,120.517,130.992
1QFU,212,126.438,138.213,95.453
1QFU,478,111.311,128.41,187.407
1QFU,372,115.594,135.16,166.977
1QFU,381,119.038,130.724,149.775
1QFU,105,118.802,126.266,110.041
1QFU,440,121.017,127.217,165.816
1QFU,439,122.23,131.055,163.638
1QFU,253,111.895,136.569,95.224
1QFU,82,101.293,132.798,114.903
1QFU,71,110.632,129.759,104.194
1QFU,173,109.743,152.809,113.176
1QFU,304,111.593,132.794,135.739
1QFU,180,117.832,136.56,99.754
1QFU,225,111.484,114.332,93.746
1QFU,436,121.853,127.232,160.11
1QFU,49,106.165,116.897,132.154
1QFU,30,132.817,122.044,159.784
1QFU,345,109.364,116.588,173.921
1QFU,132,105.56,136.877,89.256
1QFU,297,114.988,119.218,135.085
1QFU,264,109.375,138.372,126.924
1QFU,477,110.681,132.085,190.742
1QFU,484,113.694,138.025,182.815
1QFU,433,124.046,124.141,155.872
1QFU,259,106.361,144.402,111.861
1QFU,220,121.939,118.847,94.315
1QFU,176,111.536,146.563,106.24
1QFU,185,119.523,124.363,89.168
1QFU,301,116.282,127.138,130.985
1QFU,378,112.288,132.108,157.803
1QFU,87,108.27,128.036,117.807
1QFU,74,102.285,124.057,102.416
1QFU,218,124.236,120.46,90.281
1QFU,472,112.427,127.844,199.153
1QFU,481,114.748,132.317,186.117
1QFU,292,112.906,123.988,144.828
1QFU,261,107.826,143.139,116.878
1QFU,340,123.455,115.278,177.646
1QFU,137,104.792,118.73,91.778
1QFU,339,126.024,120.753,177.351
1QFU,35,121.26,114.588,162.147
1QFU,500,129.442,129.323,198.917
1QFU,399,124.603,121.516,119.644
1QFU,197,120.813,134.023,81.859
1QFU,313,120.801,116.09,146.382
1QFU,164,114.804,140.573,87.653
1QFU,66,111.055,129.118,113.531
1QFU,95,110.003,119.597,105.62
1QFU,232,116.478,130.162,102.28
1QFU,458,121.494,133.023,193.228
1QFU,421,125.835,129.62,138.974
1QFU,125,109.143,143.463,95.787
1QFU,352,113.725,126.133,176.072
1QFU,27,127.511,118.36,152.137
1QFU,419,131.069,123.455,136.229
1QFU,273,102.648,117.437,126.193
1QFU,280,107.087,131.771,135.591
1QFU,493,120.733,136.37,201.606
1QFU,460,126.151,126.44,190.813
1QFU,424,128.698,129.038,142.985
1QFU,237,116.429,146.566,105.449
1QFU,63,104.129,119.336,111.995
1QFU,90,106.766,119.661,119.57
1QFU,316,119.363,125.181,152.874
1QFU,192,119.408,126.854,80.179
1QFU,161,115.338,135.79,84.035
1QFU,118,106.441,134.202,111.726
1QFU,496,125.423,133.444,198.977
1QFU,465,123.22,122.578,180.392
1QFU,276,95.365,124.531,130.431
1QFU,285,112.095,117.832,130.523
1QFU,22,112.281,112.444,160.864
1QFU,120,105.094,138.436,105.17
1QFU,357,110.327,123.088,191.384
1QFU,159,112.45,133.939,74.926
1QFU,200,123.072,132.814,87.296
1QFU,499,126.518,128.735,195.785
1QFU,413,130.355,129.05,127.1
1QFU,279,104.678,127.68,134.962
1QFU,54,99.728,130.46,131.123
1QFU,358,108.965,121.612,195.317
1QFU,321,123.37,120.036,166.474
1QFU,156,111.739,131.01,80.847
1QFU,241,118.443,151.449,104.792
1QFU,238,119.178,148.803,110.562
1QFU,452,126.339,131.686,182.767
1QFU,15,118.628,126.459,179.474
1QFU,319,116.953,124.01,160.792
1QFU,393,117.426,133.845,122.893
1QFU,117,106.895,138.307,115.039
1QFU,360,106.81,120.14,190.108
1QFU,324,118.203,112.526,168.864
1QFU,153,110.377,128.682,91.516
1QFU,51,105.691,122.922,127.794
1QFU,28,128.212,121.402,156.894
1QFU,416,132.392,127.137,132.038
1QFU,205,122.476,145.049,98.26
1QFU,112,113.118,134.226,113.026
1QFU,396,121.309,126.529,120.706
1QFU,365,109.15,127.448,175.1
1QFU,198,124.275,129.696,81.316
1QFU,10,117.839,122.994,195.94
1QFU,69,106.777,128.496,109.729
1QFU,457,126.475,134.454,192.869
1QFU,244,118.75,147.023,95.624
1QFU,265,110.706,135.935,122.124
1QFU,296,119.441,118.529,138.039
1QFU,485,111.277,139.356,186.136
1QFU,476,106.261,132.045,190.036
1QFU,133,103.33,133.163,91.313
1QFU,344,112.547,113.944,171.265
1QFU,48,104.948,118.94,135.642
1QFU,31,130.487,118.232,159.396
1QFU,224,110.372,116.381,99.674
1QFU,437,124.729,123.888,162.354
1QFU,181,116.561,132.922,97.727
1QFU,305,114.359,129.457,135.403
1QFU,172,109.063,152.097,108.269
1QFU,70,110.342,132.356,108.325
1QFU,83,102.909,136.364,117.86
1QFU,34,125.571,117.786,160.613
1QFU,136,106.907,122.441,92.85
1QFU,341,120.14,115.364,175.528
1QFU,338,122.573,122.883,175.92
1QFU,219,122.962,116.508,90.579
1QFU,480,110.924,134.873,187.116
1QFU,473,112.54,128.166,192.798
1QFU,260,112.943,141.823,112.979
1QFU,293,117.352,128.0,144.741
1QFU,75,103.051,121.467,106.71
1QFU,86,108.983,129.277,124.205
1QFU,300,117.813,123.618,127.011
1QFU,184,121.199,126.039,94.13
1QFU,177,113.819,139.501,108.335
1QFU,379,115.488,134.5,155.081
1QFU,432,123.944,129.197,154.0
1QFU,258,109.114,137.916,107.634
1QFU,221,120.616,113.959,97.221
1QFU,89,111.057,123.057,117.165
1QFU,178,113.245,142.196,102.985
1QFU,385,120.401,133.452,145.337
1QFU,101,119.831,124.551,102.339
1QFU,376,118.533,134.768,162.311
1QFU,257,108.211,143.93,105.561
1QFU,444,120.813,127.208,173.388
1QFU,42,118.107,124.575,147.854
1QFU,139,105.08,121.96,97.533
1QFU,9,114.951,123.14,199.37
1QFU,337,119.916,119.512,179.001
1QFU,140,101.366,118.587,95.933
1QFU,216,125.394,125.83,93.267
1QFU,405,136.813,127.55,115.922
1QFU,441,124.683,126.224,168.473
1QFU,438,127.309,127.966,164.016
1QFU,252,113.647,131.748,95.086
1QFU,104,123.961,130.622,108.826
1QFU,380,119.872,131.863,156.226
1QFU,373,116.456,131.506,165.34
1QFU,400,121.528,117.498,116.083
1QFU,299,121.901,121.877,129.629
1QFU,213,124.754,133.808,96.595
1QFU,479,107.724,132.332,184.602
1QFU,145,101.74,122.896,91.699
1QFU,47,109.578,117.774,135.543
1QFU,318,115.514,125.296,156.675
1QFU,361,108.868,118.357,186.467
1QFU,116,108.932,136.679,118.071
1QFU,392,113.452,135.775,128.683
1QFU,14,117.428,122.561,182.345
1QFU,240,116.09,154.538,106.362
1QFU,239,115.341,151.962,110.404
1QFU,453,125.17,137.344,181.31
1QFU,359,105.566,123.788,193.069
1QFU,157,108.641,135.68,80.554
1QFU,320,118.495,123.288,165.685
1QFU,55,103.009,133.576,132.282
1QFU,201,124.159,137.961,89.463
1QFU,498,121.785,126.751,200.504
1QFU,412,134.693,125.435,127.413
1QFU,278,99.678,129.461,135.907
1QFU,456,124.812,138.763,189.837
1QFU,245,116.215,142.086,95.214
1QFU,11,115.69,124.394,192.152
1QFU,68,109.367,125.257,107.544
1QFU,364,108.366,126.376,179.052
1QFU,397,122.12,125.257,126.279
1QFU,113,113.309,132.972,117.635
1QFU,199,125.507,130.89,85.198
1QFU,417,126.19,129.274,132.937
1QFU,204,120.114,140.945,98.048
1QFU,50,102.107,117.806,131.186
1QFU,29,132.462,124.556,155.524
1QFU,152,108.007,135.118,94.211
1QFU,325,116.876,111.958,173.795
1QFU,418,126.546,123.673,133.893
1QFU,281,109.987,127.746,134.495
1QFU,272,106.71,118.049,126.159
1QFU,461,126.812,125.529,185.348
1QFU,492,123.474,137.367,196.587
1QFU,26,122.437,118.638,156.207
1QFU,353,113.935,127.828,179.927
1QFU,124,104.986,145.789,95.864
1QFU,233,121.115,132.969,101.185
1QFU,459,122.973,129.522,190.259
1QFU,420,131.802,128.564,137.432
1QFU,94,107.104,116.858,108.308
1QFU,67,113.46,128.283,109.032
1QFU,501,127.451,127.961,204.405
1QFU,398,121.008,119.712,123.212
1QFU,165,117.146,145.895,88.927
1QFU,312,120.914,114.628,142.579
1QFU,196,117.364,132.199,79.187
1QFU,356,113.105,119.03,189.156
1QFU,121,103.889,143.65,106.238
1QFU,158,108.924,133.403,77.227
1QFU,23,116.527,113.39,161.185
1QFU,464,123.726,118.746,182.466
1QFU,497,123.053,129.672,203.516
1QFU,284,113.318,120.865,127.099
1QFU,277,98.619,125.079,133.534
1QFU,160,113.995,136.865,77.795
1QFU,193,114.548,125.549,80.978
1QFU,317,119.86,123.452,157.105
1QFU,119,103.939,140.497,111.594
1QFU,91,111.414,115.941,117.527
1QFU,62,101.518,120.856,115.304
1QFU,425,125.423,125.653,144.624
1QFU,236,118.287,142.345,109.061
1QFU,20,113.218,115.896,165.257
1QFU,59,103.324,129.044,118.563
1QFU,355,110.676,123.513,185.775
1QFU,122,102.753,141.616,101.026
1QFU,467,121.87,127.215,185.122
1QFU,494,118.277,131.421,200.793
1QFU,287,106.722,123.424,132.951
1QFU,274,100.952,122.655,124.789
1QFU,92,105.495,114.984,115.412
1QFU,61,105.223,123.412,116.495
1QFU,18,113.842,121.727,168.479
1QFU,163,119.502,141.934,84.426
1QFU,190,116.696,122.531,85.299
1QFU,314,122.348,120.877,146.923
1QFU,426,128.283,122.37,146.808
1QFU,235,118.758,141.099,103.841
1QFU,282,108.962,126.726,129.791
1QFU,271,108.893,116.158,122.459
1QFU,462,124.326,120.822,187.249
1QFU,491,115.195,134.723,195.658
1QFU,208,124.671,148.028,106.32
1QFU,350,113.392,126.375,166.584
1QFU,127,110.244,140.931,91.139
1QFU,25,121.792,113.163,157.202
1QFU,230,115.373,126.856,97.336
1QFU,249,119.187,134.616,87.785
1QFU,423,132.387,126.049,143.711
1QFU,368,113.027,137.35,173.448
1QFU,166,113.632,145.302,92.12
1QFU,311,124.921,119.33,142.51
1QFU,195,116.254,130.501,86.006
1QFU,97,108.122,121.93,100.554
1QFU,64,106.305,122.952,111.977
1QFU,455,120.469,132.395,187.855
1QFU,246,120.458,142.891,90.865
1QFU,367,108.292,131.872,171.787
1QFU,394,119.533,131.183,126.712
1QFU,110,118.489,132.54,116.669
1QFU,169,112.228,152.128,100.11
1QFU,12,117.101,121.9,188.557
1QFU,98,111.646,123.035,95.803
1QFU,414,126.5,125.803,128.917
1QFU,207,121.782,153.316,101.343
1QFU,151,109.954,132.597,99.348
1QFU,128,109.587,143.714,84.939
1QFU,53,99.627,127.599,128.076
1QFU,17,117.842,121.804,171.727
1QFU,362,108.148,121.266,183.944
1QFU,115,111.826,138.275,116.034
1QFU,391,118.667,134.544,131.981
1QFU,243,116.352,145.455,99.973
1QFU,429,124.223,124.23,150.396
1QFU,450,119.515,135.76,178.07
1QFU,56,105.864,132.542,129.53
1QFU,154,110.915,135.268,90.013
1QFU,323,121.451,116.077,169.793
1QFU,468,121.881,122.266,191.991
1QFU,202,120.757,136.207,93.534
1QFU,288,110.648,123.294,136.175
1QFU,411,129.113,121.215,123.138
1QFU,442,124.893,131.102,168.836
1QFU,228,116.773,120.946,92.731
1QFU,251,115.769,135.946,92.432
1QFU,107,122.043,132.395,112.654
1QFU,383,119.533,137.045,153.784
1QFU,370,112.259,130.268,168.968
1QFU,309,122.968,122.777,139.774
1QFU,269,115.864,122.038,119.294
1QFU,403,128.79,122.314,113.679
1QFU,489,119.354,140.768,195.717
1QFU,210,127.218,143.392,99.575
1QFU,44,112.919,121.195,140.97
1QFU,146,103.117,125.044,94.687
1QFU,348,105.883,124.511,172.721
1QFU,188,123.468,122.797,82.635
1QFU,386,118.971,136.61,141.747
1QFU,102,119.053,127.902,105.872
1QFU,375,113.479,135.879,162.266
1QFU,79,102.306,127.909,112.615
1QFU,254,111.486,138.605,98.614
1QFU,447,118.46,131.26,176.16
1QFU,334,117.678,113.758,186.06
1QFU,143,94.689,121.244,95.278
1QFU,38,113.599,121.096,158.87
1QFU,41,115.633,119.715,148.209
1QFU,215,123.641,129.908,90.985
1QFU,406,131.179,128.276,116.468
1QFU,135,105.963,126.077,91.377
1QFU,342,118.21,117.054,172.801
1QFU,37,115.713,119.495,163.311
1QFU,483,109.893,136.603,182.001
1QFU,470,122.486,125.935,195.146
1QFU,263,112.284,140.691,123.054
1QFU,290,110.078,129.452,139.924
1QFU,409,133.158,128.547,121.847
1QFU,303,112.189,132.085,131.732
1QFU,187,120.352,119.614,84.891
1QFU,174,109.657,148.677,111.479
1QFU,389,118.431,134.444,137.13
1QFU,76,103.291,125.636,108.197
1QFU,85,106.754,134.45,124.479
1QFU,431,129.318,129.094,153.39
1QFU,448,123.627,128.355,179.413
1QFU,222,115.291,112.529,92.797
1QFU,266,112.917,132.076,122.519
1QFU,295,117.489,123.483,137.551
1QFU,486,115.731,135.837,189.1
1QFU,475,106.132,127.015,189.347
1QFU,32,131.148,115.188,155.734
1QFU,149,103.482,131.24,101.278
1QFU,130,109.854,137.734,85.498
1QFU,347,106.415,120.26,169.614
1QFU,227,117.971,116.868,91.866
1QFU,434,128.756,125.769,159.383
1QFU,73,105.827,124.759,104.657
1QFU,80,100.456,132.433,107.604
1QFU,108,117.372,132.628,109.55
1QFU,182,119.842,131.424,95.369
1QFU,306,115.544,127.478,138.667
1QFU,171,110.541,154.797,104.376
1QFU,52,102.678,125.226,131.73
1QFU,150,104.817,134.439,103.787
1QFU,129,109.446,140.478,82.41
1QFU,415,130.35,122.885,130.67
1QFU,206,121.589,147.192,102.068
1QFU,13,116.241,126.544,184.981
1QFU,99,114.008,120.353,98.228
1QFU,111,117.542,136.299,113.336
1QFU,395,124.1,129.631,123.952
1QFU,366,112.201,131.018,175.005
1QFU,168,111.319,147.927,98.399
1QFU,454,118.793,136.217,184.367
1QFU,247,119.002,138.858,89.618
1QFU,469,118.37,127.651,190.905
1QFU,203,123.201,140.974,94.142
1QFU,289,108.323,124.044,140.128
1QFU,410,128.13,127.087,121.78
1QFU,322,118.888,116.31,165.362
1QFU,155,110.442,131.169,86.222
1QFU,57,101.324,133.35,122.519
1QFU,242,117.491,151.109,100.272
1QFU,428,125.174,129.228,148.802
1QFU,451,119.738,131.922,182.38
1QFU,390,113.918,136.572,134.292
1QFU,114,114.76,136.458,119.156
1QFU,363,108.591,121.923,178.995
1QFU,16,117.066,123.388,175.856
1QFU,427,131.053,127.421,148.697
1QFU,234,119.686,135.95,106.932
1QFU,315,118.478,117.792,151.578
1QFU,191,120.105,127.29,84.801
1QFU,162,114.807,140.119,82.406
1QFU,60,102.63,123.794,119.455
1QFU,93,109.128,118.405,112.858
1QFU,19,114.787,117.127,169.074
1QFU,495,121.474,131.166,197.54
1QFU,466,121.78,122.696,183.778
1QFU,275,98.808,121.634,129.709
1QFU,286,108.712,120.617,130.764
1QFU,123,106.457,144.908,100.092
1QFU,354,112.765,119.685,179.857
1QFU,21,112.286,111.361,165.945
1QFU,58,103.969,128.253,124.891
1QFU,65,110.699,123.4,111.461
1QFU,96,105.888,118.317,102.801
1QFU,369,115.442,132.523,171.471
1QFU,194,113.845,126.966,85.246
1QFU,310,127.658,119.2,137.802
1QFU,167,114.278,149.573,94.808
1QFU,231,120.164,128.39,98.965
1QFU,248,121.69,137.513,85.669
1QFU,422,127.589,123.473,140.229
1QFU,24,117.154,115.695,157.284
1QFU,126,107.769,146.049,90.387
1QFU,351,116.167,127.779,170.924
1QFU,270,110.466,120.06,123.259
1QFU,283,112.439,122.886,130.878
1QFU,490,114.703,138.717,196.372
1QFU,463,127.343,120.992,183.099
1QFU,209,124.877,145.054,103.574
1QFU,430,128.25,124.333,152.748
1QFU,449,125.753,132.778,178.525
1QFU,223,114.688,115.601,99.018
1QFU,84,107.024,133.121,118.59
1QFU,77,99.823,127.682,105.953
1QFU,175,114.565,146.31,111.77
1QFU,186,119.727,119.591,88.61
1QFU,302,111.545,130.963,128.113
1QFU,388,114.067,133.582,140.013
1QFU,471,116.705,129.812,195.416
1QFU,482,110.268,130.106,182.345
1QFU,291,109.991,127.11,144.312
1QFU,262,113.434,143.761,120.28
1QFU,408,133.253,122.781,120.522
1QFU,36,119.753,119.132,160.478
1QFU,343,114.805,119.378,175.875
1QFU,134,106.419,129.681,90.673
1QFU,109,116.364,127.948,115.204
1QFU,170,113.143,150.581,105.729
1QFU,307,120.482,129.727,139.11
1QFU,183,116.684,127.38,91.903
1QFU,81,101.01,136.349,111.037
1QFU,72,105.605,128.847,104.196
1QFU,226,112.778,118.226,93.13
1QFU,435,126.97,130.549,158.6
1QFU,148,108.577,127.75,100.233
1QFU,346,110.653,121.379,173.213
1QFU,131,106.721,133.913,85.044
1QFU,33,126.265,113.399,156.232
1QFU,294,120.223,126.138,142.981
1QFU,267,113.33,128.34,119.306
1QFU,474,108.094,129.116,193.228
1QFU,487,115.746,140.391,191.2
1QFU,147,107.538,127.688,96.109
1QFU,349,109.289,125.713,170.603
1QFU,45,115.068,116.805,140.861
1QFU,268,112.569,125.223,124.072
1QFU,402,129.175,117.182,114.22
1QFU,488,120.461,139.111,192.167
1QFU,211,124.069,138.597,101.072
1QFU,371,110.573,134.401,166.322
1QFU,382,115.918,135.194,150.174
1QFU,106,121.547,128.42,113.555
1QFU,308,121.739,122.501,135.13
1QFU,443,120.531,131.837,169.415
1QFU,229,118.466,120.925,97.196
1QFU,250,119.011,130.928,89.66
1QFU,214,127.595,132.707,91.904
1QFU,407,128.941,122.514,118.113
1QFU,39,115.893,120.072,155.503
1QFU,40,114.51,123.102,152.634
1QFU,142,96.832,121.83,98.155
1QFU,335,115.27,117.819,184.365
1QFU,255,105.349,136.458,97.431
1QFU,446,123.076,134.54,172.097
1QFU,78,98.322,126.799,111.043
1QFU,189,117.762,121.071,80.364
1QFU,374,112.102,130.948,163.251
1QFU,103,123.165,128.881,103.881
1QFU,387,115.417,138.863,141.026
