1ZTX,72,0.11,-12.627,0.542
1ZTX,81,11.7,1.297,-0.908
1ZTX,33,12.005,6.182,1.98
1ZTX,104,16.56,2.874,12.567
1ZTX,77,11.435,-14.256,-2.237
1ZTX,84,7.045,3.271,7.6
1ZTX,101,13.067,-7.208,17.469
1ZTX,36,13.318,-4.685,4.555
1ZTX,40,13.788,-16.558,2.034
1ZTX,39,16.817,-13.262,3.62
1ZTX,78,11.617,-9.212,-3.018
1ZTX,45,3.169,-14.304,7.39
1ZTX,57,5.965,-0.86,19.495
1ZTX,16,11.676,-17.221,8.81
1ZTX,6,-2.79,1.239,6.964
1ZTX,52,6.308,3.774,17.388
1ZTX,99,11.332,-14.146,19.588
1ZTX,3,-4.917,4.035,10.946
1ZTX,13,2.516,-11.802,14.258
1ZTX,96,9.607,-7.409,14.388
1ZTX,65,2.763,5.356,3.935
1ZTX,24,14.629,4.167,8.254
1ZTX,113,19.254,14.567,19.419
1ZTX,9,-5.24,-8.069,12.324
1ZTX,19,19.384,-8.115,5.021
1ZTX,93,10.785,2.947,12.242
1ZTX,60,0.742,1.602,17.064
1ZTX,58,3.347,-0.504,24.071
1ZTX,21,19.137,-3.547,1.214
1ZTX,79,15.968,-4.573,-3.275
1ZTX,41,12.345,-19.86,-0.369
1ZTX,38,11.339,-12.422,2.154
1ZTX,44,3.038,-17.439,3.537
1ZTX,32,10.54,7.307,6.896
1ZTX,105,17.501,6.045,15.032
1ZTX,80,10.78,-4.627,-0.789
1ZTX,73,2.697,-14.984,-1.663
1ZTX,100,11.728,-13.199,15.562
1ZTX,37,17.144,-8.527,1.324
1ZTX,85,3.657,8.418,9.008
1ZTX,76,7.641,-12.358,-0.872
1ZTX,25,15.37,7.837,4.86
1ZTX,112,14.773,14.228,22.316
1ZTX,64,2.788,0.656,8.295
1ZTX,97,7.19,-12.377,16.393
1ZTX,59,0.145,2.315,21.41
1ZTX,20,17.066,-3.251,7.938
1ZTX,8,-4.582,-4.536,9.898
1ZTX,18,11.812,-9.723,6.048
1ZTX,61,2.22,7.158,17.637
1ZTX,92,12.267,5.725,18.178
1ZTX,17,13.193,-14.557,6.172
1ZTX,7,-1.596,-0.038,11.835
1ZTX,56,5.445,3.681,22.143
1ZTX,98,9.152,-10.418,20.085
1ZTX,2,-2.516,6.06,14.2
1ZTX,12,-0.832,-14.158,11.602
1ZTX,53,6.78,8.34,18.919
1ZTX,68,-1.852,-3.929,5.338
1ZTX,11,-1.996,-14.709,8.081
1ZTX,1,-1.484,10.913,12.478
1ZTX,29,7.442,14.606,0.781
1ZTX,50,5.935,-0.685,13.681
1ZTX,4,-7.392,-1.649,13.185
1ZTX,14,4.957,-14.616,11.249
1ZTX,55,11.174,1.798,20.573
1ZTX,114,17.287,18.835,18.996
1ZTX,23,18.469,1.937,7.438
1ZTX,62,2.255,6.002,13.28
1ZTX,91,10.257,8.607,15.498
1ZTX,26,12.772,11.696,6.291
1ZTX,111,14.18,15.675,18.489
1ZTX,67,1.256,-2.203,2.025
1ZTX,94,10.008,-1.536,15.773
1ZTX,103,15.376,-1.256,16.337
1ZTX,34,12.316,0.991,5.675
1ZTX,86,7.967,9.243,10.547
1ZTX,75,6.379,-15.694,-4.457
1ZTX,31,6.741,9.963,4.768
1ZTX,106,14.809,9.823,11.125
1ZTX,48,6.557,-8.107,12.063
1ZTX,83,6.826,5.099,2.174
1ZTX,70,-0.649,-9.918,4.404
1ZTX,47,5.35,-8.188,7.617
1ZTX,109,11.136,19.067,13.762
1ZTX,89,10.151,15.259,16.929
1ZTX,42,9.443,-19.528,3.349
1ZTX,90,11.354,11.761,18.338
1ZTX,63,-0.199,6.435,8.964
1ZTX,115,17.196,16.964,13.817
1ZTX,22,17.8,0.229,3.624
1ZTX,95,11.656,-4.307,11.542
1ZTX,66,3.813,1.221,0.876
1ZTX,27,10.384,11.27,2.343
1ZTX,110,11.967,18.849,17.868
1ZTX,28,10.517,15.578,3.494
1ZTX,51,5.534,3.767,12.867
1ZTX,69,1.691,-4.47,7.538
1ZTX,10,-4.994,-9.055,6.994
1ZTX,54,8.809,6.911,22.079
1ZTX,5,-8.265,0.405,8.695
1ZTX,15,8.261,-12.763,9.261
1ZTX,46,0.428,-9.17,9.792
1ZTX,108,10.636,13.989,11.856
1ZTX,43,6.47,-17.373,4.887
1ZTX,88,6.101,15.989,13.234
1ZTX,74,6.006,-18.055,-0.682
1ZTX,87,5.181,10.535,14.267
1ZTX,102,15.728,-5.501,13.07
1ZTX,35,15.069,-0.972,1.065
1ZTX,71,4.307,-11.575,3.514
1ZTX,82,8.162,-0.707,2.678
1ZTX,30,6.732,13.63,6.171
1ZTX,107,15.996,11.892,15.765
1ZTX,49,7.122,-2.893,9.483
