2J4W,242,14.732,-13.697,1.482
2J4W,428,47.515,8.741,-3.082
2J4W,451,40.207,19.326,1.023
2J4W,390,33.27,-0.107,0.073
2J4W,114,-3.761,-20.675,25.974
2J4W,363,26.337,4.929,5.827
2J4W,469,25.868,26.57,-4.048
2J4W,203,0.957,-1.893,29.092
2J4W,289,11.694,2.989,20.665
2J4W,62,20.527,-2.321,7.859
2J4W,91,2.763,-7.648,8.93
2J4W,155,14.47,-25.855,-1.273
2J4W,111,6.047,-19.888,24.472
2J4W,395,37.611,4.305,-6.858
2J4W,366,35.38,2.539,10.682
2J4W,168,-0.844,-22.742,6.916
2J4W,454,31.389,18.612,0.043
2J4W,247,16.72,-8.773,6.957
2J4W,150,7.134,-29.967,-0.137
2J4W,67,12.374,-4.363,4.516
2J4W,94,11.394,-8.891,9.028
2J4W,129,-3.945,-25.005,22.226
2J4W,415,37.269,12.586,-19.537
2J4W,126,0.288,-15.217,24.548
2J4W,351,31.334,7.233,25.784
2J4W,68,9.312,-5.024,8.87
2J4W,270,17.394,14.037,16.258
2J4W,283,19.026,-4.3,21.268
2J4W,463,16.767,16.286,4.954
2J4W,209,-5.883,1.098,34.606
2J4W,369,34.696,2.931,20.261
2J4W,50,27.378,9.827,-10.03
2J4W,194,1.461,-21.732,16.329
2J4W,167,0.822,-19.413,8.0
2J4W,231,17.738,-17.864,21.515
2J4W,248,18.114,-7.166,10.014
2J4W,422,35.824,12.563,-1.405
2J4W,466,21.598,19.412,-2.927
2J4W,275,23.202,5.886,29.833
2J4W,286,16.081,0.407,19.937
2J4W,354,22.492,4.399,23.192
2J4W,427,46.86,8.527,1.211
2J4W,234,7.244,-12.05,16.632
2J4W,191,10.904,-25.374,18.723
2J4W,162,8.272,-22.042,11.315
2J4W,55,28.169,1.91,2.441
2J4W,148,9.623,-35.979,3.684
2J4W,346,24.814,4.052,17.146
2J4W,131,-4.234,-30.315,20.175
2J4W,294,-0.216,-0.468,20.582
2J4W,267,28.462,11.53,12.682
2J4W,474,23.033,18.1,-9.332
2J4W,47,36.667,14.438,-8.629
2J4W,109,5.784,-18.499,29.195
2J4W,170,-7.375,-21.748,8.211
2J4W,183,5.37,-17.273,15.206
2J4W,226,15.088,-10.809,27.966
2J4W,435,48.073,15.593,2.72
2J4W,471,18.03,23.78,-7.266
2J4W,291,7.999,0.84,15.488
2J4W,262,29.367,14.629,-1.53
2J4W,343,13.881,1.533,14.061
2J4W,134,-1.125,-32.04,15.883
2J4W,89,-2.853,-9.402,11.847
2J4W,430,41.203,10.17,-2.712
2J4W,449,39.54,14.403,1.59
2J4W,223,6.771,-5.98,24.335
2J4W,186,13.566,-21.615,20.178
2J4W,388,37.696,-1.873,4.461
2J4W,255,30.345,0.424,13.471
2J4W,446,39.304,4.081,6.172
2J4W,189,15.439,-25.769,22.191
2J4W,374,18.474,-2.815,14.847
2J4W,103,3.18,-12.092,31.561
2J4W,387,33.435,-3.181,4.852
2J4W,86,-12.777,-5.282,10.73
2J4W,75,3.34,-6.186,14.128
2J4W,142,8.628,-33.083,13.998
2J4W,335,-2.505,5.343,14.67
2J4W,371,28.269,-1.938,18.137
2J4W,382,29.004,-8.931,16.791
2J4W,106,3.59,-13.887,35.894
2J4W,48,32.431,13.275,-10.813
2J4W,443,39.729,-0.672,11.985
2J4W,229,12.53,-13.476,25.59
2J4W,250,25.112,-9.13,11.55
2J4W,147,5.846,-29.964,5.887
2J4W,349,31.639,0.176,23.883
2J4W,83,-16.738,-14.495,10.656
2J4W,70,5.386,-2.97,10.225
2J4W,268,23.274,10.904,12.712
2J4W,402,38.15,4.759,-20.931
2J4W,230,19.136,-14.539,23.703
2J4W,249,20.599,-12.593,12.903
2J4W,423,36.791,7.614,2.4
2J4W,368,38.221,1.401,17.287
2J4W,51,25.752,13.121,-6.212
2J4W,166,2.132,-21.134,10.958
2J4W,195,1.472,-17.194,18.861
2J4W,282,21.231,-0.644,23.156
2J4W,271,20.482,11.52,18.248
2J4W,462,18.682,13.847,10.259
2J4W,208,-2.525,-1.284,34.174
2J4W,350,34.065,3.113,25.535
2J4W,127,0.124,-20.676,22.611
2J4W,69,6.749,-2.448,6.318
2J4W,163,6.275,-18.222,7.593
2J4W,190,16.295,-26.775,16.719
2J4W,54,29.085,3.399,-2.078
2J4W,426,44.655,4.117,-1.39
2J4W,235,7.969,-15.116,12.97
2J4W,355,24.396,7.605,20.876
2J4W,467,25.287,22.877,-0.764
2J4W,287,12.118,-3.683,20.887
2J4W,274,20.385,6.446,26.297
2J4W,90,0.875,-9.572,12.841
2J4W,63,14.995,0.645,4.489
2J4W,154,12.6,-29.653,2.488
2J4W,468,20.969,26.667,-2.354
2J4W,202,-2.466,-4.636,28.164
2J4W,288,11.282,0.242,22.764
2J4W,362,22.786,6.031,4.171
2J4W,115,-5.778,-21.441,29.104
2J4W,391,34.778,3.627,0.563
2J4W,243,15.914,-14.575,7.26
2J4W,429,42.857,6.889,-4.522
2J4W,450,38.514,16.841,4.922
2J4W,414,42.62,10.161,-21.705
2J4W,207,-1.057,4.632,33.939
2J4W,151,10.774,-29.956,-3.071
2J4W,95,12.816,-11.372,11.355
2J4W,66,11.512,-0.296,0.719
2J4W,128,-2.172,-22.511,18.811
2J4W,455,28.424,19.462,-5.338
2J4W,246,16.48,-9.162,1.787
2J4W,367,34.417,3.998,15.364
2J4W,394,32.86,1.908,-6.699
2J4W,110,5.423,-15.955,25.099
2J4W,169,-2.389,-23.995,10.04
2J4W,74,3.66,-3.55,18.393
2J4W,87,-10.419,-9.477,14.532
2J4W,143,8.594,-29.044,10.816
2J4W,188,19.292,-22.912,21.729
2J4W,386,34.046,-1.887,8.086
2J4W,102,6.697,-9.92,29.649
2J4W,375,15.002,-3.426,16.631
2J4W,254,34.436,-1.984,14.461
2J4W,447,44.21,7.863,5.332
2J4W,269,22.819,15.18,13.599
2J4W,146,3.707,-32.356,9.081
2J4W,348,30.11,4.089,22.744
2J4W,71,6.038,-3.058,13.278
2J4W,82,-13.096,-13.695,11.335
2J4W,442,39.908,3.354,11.594
2J4W,228,14.766,-15.345,28.218
2J4W,251,24.929,-6.583,15.766
2J4W,107,6.405,-16.544,36.695
2J4W,383,30.584,-8.864,12.088
2J4W,370,30.653,3.268,18.162
2J4W,49,29.302,15.657,-11.307
2J4W,227,19.477,-13.683,28.842
2J4W,434,45.263,18.028,0.692
2J4W,46,37.706,14.945,-14.408
2J4W,108,3.553,-18.07,32.818
2J4W,182,1.565,-15.319,14.852
2J4W,266,29.333,12.445,7.733
2J4W,295,-3.193,1.456,20.273
2J4W,475,17.299,19.927,-11.567
2J4W,149,7.344,-35.601,0.389
2J4W,130,-5.111,-28.63,23.688
2J4W,347,27.014,0.504,22.395
2J4W,187,17.609,-20.569,16.62
2J4W,389,37.069,-2.612,0.169
2J4W,43,46.229,13.141,-20.3
2J4W,431,43.101,13.499,-6.736
2J4W,448,39.473,11.615,4.978
2J4W,222,6.006,-5.382,28.051
2J4W,135,-0.085,-28.232,14.69
2J4W,342,13.08,6.624,17.165
2J4W,88,-4.798,-4.483,14.567
2J4W,470,26.144,22.928,-6.288
2J4W,263,31.855,11.13,0.017
2J4W,290,10.429,0.808,17.933
2J4W,184,7.923,-17.989,18.182
2J4W,177,-9.474,-14.908,6.095
2J4W,379,20.5,-9.566,21.248
2J4W,432,43.625,15.014,-2.113
2J4W,258,25.036,7.047,8.886
2J4W,221,0.225,-8.097,27.747
2J4W,78,-2.274,-6.841,7.85
2J4W,136,1.98,-26.426,18.399
2J4W,341,11.02,4.898,13.688
2J4W,338,3.346,1.586,7.49
2J4W,219,-3.509,-10.407,30.749
2J4W,473,24.657,20.441,-12.403
2J4W,260,27.775,8.96,1.396
2J4W,293,1.438,-0.788,15.074
2J4W,224,11.078,-6.894,26.251
2J4W,437,42.23,12.935,8.542
2J4W,45,42.293,13.947,-13.79
2J4W,181,-2.442,-17.472,13.686
2J4W,265,30.018,8.647,6.404
2J4W,296,-3.023,5.84,21.761
2J4W,133,2.047,-31.433,20.621
2J4W,344,17.122,2.846,12.547
2J4W,400,37.898,-1.366,-15.491
2J4W,145,8.761,-36.289,9.147
2J4W,72,9.128,-3.704,15.512
2J4W,81,-12.636,-9.285,8.074
2J4W,441,38.557,5.577,16.243
2J4W,438,46.395,8.754,10.512
2J4W,252,27.394,-3.939,12.402
2J4W,104,2.921,-7.263,34.751
2J4W,380,24.509,-10.424,22.247
2J4W,373,21.811,-1.966,16.704
2J4W,139,10.401,-30.202,16.372
2J4W,77,-0.467,-4.102,10.068
2J4W,84,-18.691,-10.428,9.794
2J4W,337,4.026,2.321,11.614
2J4W,140,13.331,-28.638,12.688
2J4W,216,-4.351,-7.672,39.874
2J4W,178,-6.054,-12.923,4.782
2J4W,385,34.961,-8.263,8.669
2J4W,101,5.495,-11.322,25.338
2J4W,376,14.707,-6.183,13.734
2J4W,257,24.057,2.837,11.62
2J4W,444,40.29,0.274,7.914
2J4W,417,36.088,10.631,-14.288
2J4W,152,9.922,-25.62,-2.877
2J4W,96,11.936,-9.721,15.601
2J4W,65,9.678,2.53,5.941
2J4W,456,25.92,18.236,0.474
2J4W,245,20.266,-12.426,1.342
2J4W,364,28.585,2.112,7.95
2J4W,397,32.814,-0.526,-10.572
2J4W,113,-0.061,-23.418,26.07
2J4W,199,-1.439,-9.575,21.416
2J4W,93,7.873,-9.138,4.32
2J4W,60,18.92,-2.268,0.325
2J4W,359,16.777,8.585,10.104
2J4W,157,15.388,-21.151,6.268
2J4W,201,1.213,-3.738,24.872
2J4W,278,25.298,-3.927,27.586
2J4W,58,25.914,-2.978,3.472
2J4W,361,20.57,4.404,7.828
2J4W,116,-7.791,-24.658,27.859
2J4W,392,40.115,1.353,-3.748
2J4W,240,10.896,-10.739,3.157
2J4W,239,8.448,-13.282,7.288
2J4W,453,33.246,21.119,-4.257
2J4W,160,10.852,-20.25,6.958
2J4W,193,6.576,-22.181,19.676
2J4W,57,23.443,-2.508,-1.417
2J4W,425,42.221,1.789,2.15
2J4W,236,4.834,-12.51,10.752
2J4W,356,18.041,6.374,19.639
2J4W,158,15.315,-23.735,10.043
2J4W,464,20.843,14.85,2.97
2J4W,284,15.646,-3.889,26.966
2J4W,277,26.729,-1.228,30.968
2J4W,233,12.516,-15.621,16.12
2J4W,459,19.645,21.061,6.938
2J4W,420,31.826,13.482,-5.708
2J4W,52,27.066,8.587,-5.362
2J4W,398,33.994,3.962,-12.164
2J4W,165,3.544,-25.012,10.153
2J4W,196,-5.216,-18.776,20.162
2J4W,418,38.076,10.476,-10.092
2J4W,281,20.725,-1.887,28.068
2J4W,272,16.68,10.365,21.478
2J4W,461,14.557,16.571,10.627
2J4W,99,9.745,-9.996,20.161
2J4W,353,26.433,6.484,26.067
2J4W,124,-1.105,-19.405,30.606
2J4W,372,25.468,-1.239,14.77
2J4W,381,24.664,-12.359,16.874
2J4W,105,2.844,-9.489,38.432
2J4W,440,42.19,7.272,14.65
2J4W,439,40.59,8.23,10.539
2J4W,253,31.287,-3.863,14.335
2J4W,144,12.444,-31.054,7.945
2J4W,80,-8.508,-9.275,9.298
2J4W,73,6.847,-2.123,21.03
2J4W,401,35.56,4.331,-17.114
2J4W,256,28.901,5.036,14.02
2J4W,445,43.961,2.308,8.759
2J4W,179,-6.342,-14.037,11.609
2J4W,377,18.813,-6.893,15.621
2J4W,100,8.928,-11.157,23.599
2J4W,384,34.178,-7.389,14.662
2J4W,217,-7.901,-7.702,37.551
2J4W,138,6.328,-28.828,15.529
2J4W,85,-14.794,-9.384,12.334
2J4W,76,-0.925,-4.886,14.952
2J4W,141,12.308,-32.812,12.999
2J4W,336,-1.216,0.958,10.174
2J4W,218,-5.458,-6.537,34.811
2J4W,472,19.563,24.918,-10.516
2J4W,292,4.337,1.04,17.354
2J4W,261,27.339,13.825,2.892
2J4W,79,-6.551,-5.133,8.921
2J4W,340,6.669,5.315,9.472
2J4W,137,4.716,-27.479,20.022
2J4W,339,8.246,1.291,10.166
2J4W,433,43.398,18.487,-2.925
2J4W,259,23.929,10.184,7.059
2J4W,220,-0.644,-7.094,32.276
2J4W,185,12.596,-21.276,15.442
2J4W,378,20.828,-11.422,18.161
2J4W,345,21.396,2.253,17.242
2J4W,132,-2.774,-33.593,19.259
2J4W,264,32.325,10.766,4.0
2J4W,44,42.557,14.53,-18.287
2J4W,180,-3.353,-16.915,7.642
2J4W,225,14.644,-7.609,23.157
2J4W,436,45.064,12.991,3.301
2J4W,465,20.186,18.722,1.242
2J4W,276,24.151,1.669,28.072
2J4W,285,16.876,1.044,24.598
2J4W,357,18.868,6.627,14.431
2J4W,159,13.311,-19.118,10.599
2J4W,424,40.26,5.255,1.202
2J4W,237,1.342,-13.559,7.795
2J4W,192,7.707,-23.986,16.106
2J4W,161,9.919,-24.549,7.721
2J4W,56,22.243,1.53,-3.156
2J4W,98,14.518,-11.508,20.794
2J4W,125,-0.22,-18.209,27.515
2J4W,352,29.314,2.161,28.893
2J4W,419,34.763,8.847,-8.092
2J4W,273,22.492,10.593,24.771
2J4W,280,21.55,-8.053,26.146
2J4W,460,16.927,20.866,10.012
2J4W,53,26.002,5.703,-1.889
2J4W,399,39.424,3.964,-13.073
2J4W,197,-2.768,-14.642,22.07
2J4W,164,5.452,-21.555,6.189
2J4W,232,13.107,-16.321,20.863
2J4W,458,23.155,17.273,7.298
2J4W,421,34.671,8.309,-3.284
2J4W,112,4.046,-22.43,27.614
2J4W,396,39.889,0.194,-8.261
2J4W,365,31.026,5.656,10.546
2J4W,198,-1.895,-11.626,18.171
2J4W,457,23.908,20.567,3.521
2J4W,244,19.038,-14.465,4.902
2J4W,153,8.412,-26.576,2.565
2J4W,64,13.284,-1.05,8.739
2J4W,97,16.307,-11.863,15.285
2J4W,416,40.726,9.831,-15.668
2J4W,241,11.189,-17.199,2.89
2J4W,238,3.865,-11.303,5.951
2J4W,452,36.6,18.676,-1.098
2J4W,59,22.563,0.125,4.043
2J4W,393,36.328,-1.916,-4.623
2J4W,360,17.113,5.585,5.879
2J4W,200,2.133,-7.758,20.759
2J4W,279,24.851,-4.646,22.668
2J4W,61,19.824,-5.324,5.127
2J4W,92,6.037,-8.194,8.895
2J4W,358,13.808,8.769,13.414
2J4W,156,12.417,-23.264,3.394
