2YBR,18,-1.308,5.985,-22.448
2YBR,61,4.119,2.985,7.063
2YBR,59,3.875,5.839,1.157
2YBR,20,-6.009,6.42,-18.744
2YBR,64,8.866,7.513,2.057
2YBR,25,-3.766,-0.668,-13.9
2YBR,8,5.149,-4.96,0.307
2YBR,53,-8.115,-4.403,6.049
2YBR,7,7.25,-0.931,-4.073
2YBR,12,8.866,3.647,-4.554
2YBR,2,-9.356,1.734,-2.012
2YBR,56,-0.324,-1.568,2.646
2YBR,17,2.391,1.703,-18.744
2YBR,44,2.461,9.052,-15.855
2YBR,41,-4.3,4.56,-15.459
2YBR,38,-9.219,-3.34,-9.783
2YBR,37,-8.337,-6.764,-8.567
2YBR,32,0.505,-7.58,-8.012
2YBR,13,5.379,6.556,-8.018
2YBR,6,2.934,-0.103,-2.278
2YBR,52,-7.739,-7.091,-0.124
2YBR,16,1.214,3.168,-14.47
2YBR,57,-2.272,2.88,-0.008
2YBR,3,-5.433,3.431,-3.649
2YBR,58,3.312,6.028,-1.981
2YBR,21,-4.62,3.162,-20.658
2YBR,19,-2.436,9.488,-18.558
2YBR,60,5.329,1.122,2.556
2YBR,9,10.751,-3.962,-1.534
2YBR,24,-1.528,-1.316,-19.518
2YBR,65,10.975,5.949,-0.911
2YBR,36,-9.97,-9.828,-8.054
2YBR,33,-2.482,-5.942,-4.022
2YBR,45,-0.303,6.399,-11.194
2YBR,40,-8.656,3.946,-11.921
2YBR,39,-8.436,-0.206,-11.438
2YBR,43,-0.976,10.815,-13.957
2YBR,46,-1.85,2.348,-10.69
2YBR,30,-7.034,-8.892,-11.716
2YBR,49,-10.577,0.719,-7.117
2YBR,35,-6.213,-14.753,-9.686
2YBR,27,-3.445,-6.607,-18.042
2YBR,66,14.547,7.348,1.73
2YBR,22,-8.391,0.97,-17.448
2YBR,63,9.604,-0.021,4.407
2YBR,15,5.194,4.424,-12.688
2YBR,54,-4.78,-7.833,4.714
2YBR,10,12.082,0.427,-1.985
2YBR,5,-0.414,-0.645,-6.518
2YBR,28,-0.098,-4.429,-13.108
2YBR,51,-7.801,-3.262,-3.124
2YBR,31,-1.268,-11.213,-12.565
2YBR,48,-6.09,0.124,-7.228
2YBR,34,-4.975,-10.531,-6.635
2YBR,42,-5.43,8.966,-11.792
2YBR,47,-6.654,5.268,-6.853
2YBR,1,-7.392,-0.249,3.219
2YBR,55,-4.662,-3.529,0.738
2YBR,14,3.132,0.19,-8.984
2YBR,29,-3.634,-5.02,-9.561
2YBR,50,-12.271,-3.7,-6.527
2YBR,4,-2.198,5.932,-6.112
2YBR,11,8.154,2.02,-1.221
2YBR,26,-7.744,-4.18,-14.369
2YBR,62,7.876,1.132,8.414
2YBR,23,-5.507,-2.417,-19.507
