3BGF,556,14.8,17.979,6.104
3BGF,721,-8.471,-16.378,6.762
3BGF,132,43.296,-25.513,37.745
3BGF,345,19.523,26.6,36.186
3BGF,1037,3.288,-22.813,-27.992
3BGF,758,-10.453,-11.394,-20.977
3BGF,52,18.771,-22.948,0.302
3BGF,904,17.799,-20.584,-53.065
3BGF,264,22.89,-24.086,5.367
3BGF,297,25.742,-12.77,-16.628
3BGF,679,29.372,1.306,-24.404
3BGF,600,27.42,3.863,-5.296
3BGF,484,-3.127,17.772,61.368
3BGF,477,-9.732,32.291,46.871
3BGF,760,-4.918,-16.483,-23.505
3BGF,517,36.781,15.517,22.242
3BGF,793,5.808,-36.104,-31.738
3BGF,1085,17.991,-1.119,-67.677
3BGF,719,-6.797,-18.735,0.406
3BGF,1076,15.397,3.933,-59.73
3BGF,304,25.556,-2.682,4.107
3BGF,180,42.212,-43.911,11.009
3BGF,173,47.64,-47.277,22.372
3BGF,864,-0.063,-22.971,-45.186
3BGF,99,40.095,-37.104,24.497
3BGF,897,11.653,-12.871,-57.581
3BGF,945,5.857,-17.388,2.042
3BGF,638,38.13,-5.499,-9.838
3BGF,225,26.849,-19.996,34.297
3BGF,436,-3.342,25.894,58.916
3BGF,641,40.484,1.091,-17.955
3BGF,218,23.875,-31.754,18.745
3BGF,481,-3.586,22.509,52.187
3BGF,605,35.936,8.192,0.648
3BGF,472,-24.884,36.626,49.61
3BGF,261,25.163,-14.456,8.038
3BGF,292,21.896,-19.775,-5.221
3BGF,978,1.205,-11.064,13.249
3BGF,901,14.783,-17.667,-57.081
3BGF,57,24.661,-18.494,15.108
3BGF,859,-2.965,-20.041,-36.651
3BGF,1032,4.972,-15.328,-43.32
3BGF,137,49.874,-35.633,33.953
3BGF,340,4.815,28.339,40.357
3BGF,339,3.159,30.844,44.631
3BGF,553,17.169,21.746,10.367
3BGF,724,-3.474,-13.897,7.953
3BGF,433,-0.741,21.559,65.806
3BGF,644,38.976,-1.498,-26.11
3BGF,259,29.203,-13.206,14.712
3BGF,220,26.185,-32.535,25.999
3BGF,939,11.268,-13.379,-6.319
3BGF,940,6.487,-12.761,-5.211
3BGF,861,-2.864,-24.703,-41.29
3BGF,892,7.562,-5.028,-54.282
3BGF,185,34.385,-31.538,19.497
3BGF,301,21.677,-5.58,-5.434
3BGF,176,52.543,-45.31,13.377
3BGF,1080,23.961,-1.192,-66.471
3BGF,598,29.762,-1.586,-8.63
3BGF,1073,4.446,3.712,-64.203
3BGF,765,-8.813,-16.628,-30.528
3BGF,796,-1.739,-33.207,-29.158
3BGF,512,26.408,15.833,31.959
3BGF,378,22.463,19.311,26.671
3BGF,256,39.12,-18.342,17.851
3BGF,632,28.685,9.186,-12.18
3BGF,445,-13.333,34.336,37.278
3BGF,936,8.554,-11.006,-11.613
3BGF,60,34.266,-21.582,11.758
3BGF,93,43.739,-38.34,17.335
3BGF,19,51.005,-29.054,40.841
3BGF,564,31.573,24.424,17.877
3BGF,713,0.497,-14.185,-14.941
3BGF,597,32.64,-4.793,-6.025
3BGF,179,46.277,-38.932,12.085
3BGF,100,39.993,-32.672,27.565
3BGF,384,12.406,24.812,39.11
3BGF,377,20.733,15.526,26.982
3BGF,1005,-2.981,-6.313,-25.844
3BGF,799,10.818,-30.581,-32.696
3BGF,217,25.59,-34.229,15.061
3BGF,404,-8.359,18.456,39.523
3BGF,680,30.857,0.109,-28.553
3BGF,673,39.758,-11.004,-16.349
3BGF,984,1.866,-4.252,4.663
3BGF,977,2.556,-5.791,16.632
3BGF,21,55.333,-29.165,36.11
3BGF,856,-0.623,-22.942,-32.75
3BGF,58,28.18,-18.139,16.907
3BGF,138,45.62,-38.547,31.768
3BGF,752,-5.419,-10.829,-11.801
3BGF,525,32.81,11.278,13.481
3BGF,1044,5.102,-14.624,-32.752
3BGF,336,2.404,27.721,47.95
3BGF,141,52.556,-46.544,29.245
3BGF,518,39.445,17.871,19.005
3BGF,1000,1.516,-9.268,-18.803
3BGF,381,17.919,27.111,30.309
3BGF,105,37.867,-17.519,34.225
3BGF,372,19.516,6.799,32.33
3BGF,561,24.777,22.845,9.924
3BGF,1079,23.883,3.197,-66.132
3BGF,592,34.563,-18.446,-9.113
3BGF,716,-2.009,-16.707,-7.713
3BGF,898,9.026,-16.925,-55.964
3BGF,65,43.631,-17.948,10.86
3BGF,96,42.046,-41.31,20.96
3BGF,933,7.33,-13.74,-16.308
3BGF,637,37.199,-2.465,-6.683
3BGF,440,-5.65,24.873,47.441
3BGF,439,-2.964,28.892,51.465
3BGF,253,44.052,-28.371,14.618
3BGF,333,11.501,28.949,53.229
3BGF,144,51.647,-50.906,28.553
3BGF,1041,3.295,-17.562,-24.45
3BGF,559,21.099,18.599,11.292
3BGF,757,-8.425,-16.831,-20.248
3BGF,1038,4.682,-20.955,-25.219
3BGF,520,38.089,15.357,13.609
3BGF,853,-1.196,-26.341,-29.349
3BGF,24,61.404,-29.399,28.208
3BGF,981,1.636,-7.465,8.644
3BGF,972,-6.323,-8.402,21.573
3BGF,685,29.818,2.531,-40.342
3BGF,401,-5.502,14.784,35.166
3BGF,676,36.17,-2.224,-17.763
3BGF,298,25.588,-9.645,-13.644
3BGF,212,36.576,-30.256,4.088
3BGF,478,-6.935,30.963,49.175
3BGF,921,18.377,-25.989,-28.053
3BGF,958,4.503,-19.107,15.13
3BGF,238,51.822,-41.656,25.494
3BGF,452,-0.122,31.07,33.436
3BGF,625,42.398,-3.688,-4.391
3BGF,319,31.906,28.404,32.966
3BGF,580,25.362,0.406,-2.806
3BGF,1098,8.689,1.326,-71.622
3BGF,704,13.287,-17.104,-39.342
3BGF,573,27.137,17.466,9.005
3BGF,1012,-3.728,-10.04,-35.882
3BGF,360,15.962,11.078,48.58
3BGF,393,-2.718,16.583,44.235
3BGF,117,36.953,-35.436,31.521
3BGF,879,-1.416,-22.315,-53.471
3BGF,84,37.23,-14.55,23.213
3BGF,77,51.222,-28.086,22.523
3BGF,800,9.592,-25.703,-32.581
3BGF,960,-0.615,-21.522,16.648
3BGF,993,0.743,-9.573,-8.966
3BGF,919,19.409,-21.525,-31.658
3BGF,200,34.576,-39.536,12.738
3BGF,499,12.645,19.391,36.475
3BGF,697,19.506,-5.117,-53.768
3BGF,413,1.785,21.121,29.154
3BGF,279,31.389,-12.555,5.234
3BGF,532,23.123,16.577,17.74
3BGF,745,-7.033,-9.137,-1.118
3BGF,358,19.088,7.968,45.694
3BGF,156,36.475,-29.349,45.121
3BGF,321,29.888,25.75,37.631
3BGF,1053,25.03,-8.892,-52.321
3BGF,36,38.383,-24.922,4.47
3BGF,838,1.003,-21.016,2.506
3BGF,841,-2.894,-21.379,-5.1
3BGF,805,6.241,-26.185,-23.696
3BGF,81,43.65,-20.928,24.61
3BGF,72,57.0,-34.006,19.183
3BGF,365,6.293,10.622,36.554
3BGF,112,33.673,-20.212,38.428
3BGF,396,-3.617,15.136,39.56
3BGF,778,7.79,-30.524,-49.625
3BGF,1017,-1.258,-10.916,-42.213
3BGF,701,18.476,-13.452,-46.718
3BGF,585,28.923,-12.026,-11.799
3BGF,576,28.649,8.123,6.629
3BGF,198,30.316,-35.178,17.797
3BGF,457,-6.261,37.143,47.588
3BGF,620,36.459,-12.668,6.338
3BGF,244,60.924,-38.45,32.247
3BGF,659,33.148,-8.044,-19.166
3BGF,924,18.663,-19.138,-23.459
3BGF,844,-5.733,-23.798,-13.331
3BGF,33,46.919,-24.482,9.76
3BGF,1056,27.485,0.623,-56.53
3BGF,739,-13.698,-5.798,6.976
3BGF,153,40.579,-33.632,40.33
3BGF,324,22.526,23.36,40.287
3BGF,537,31.581,14.057,7.73
3BGF,740,-12.974,-5.308,3.206
3BGF,661,36.577,-10.308,-22.35
3BGF,416,6.408,22.325,25.535
3BGF,692,24.848,10.211,-59.182
3BGF,618,33.043,-6.757,5.877
3BGF,205,47.104,-35.908,7.352
3BGF,965,3.332,-19.352,24.826
3BGF,996,3.875,-8.243,-11.427
3BGF,45,15.871,-28.23,17.286
3BGF,832,-3.052,-34.924,-6.872
3BGF,736,-14.28,-9.713,10.96
3BGF,541,31.162,25.776,6.348
3BGF,1059,20.743,7.019,-60.64
3BGF,538,32.708,16.831,10.979
3BGF,1020,2.988,-3.385,-45.309
3BGF,352,20.579,15.346,36.291
3BGF,125,30.609,-33.086,32.659
3BGF,419,10.584,16.024,35.256
3BGF,1101,7.848,1.363,-67.361
3BGF,280,34.31,-15.682,2.246
3BGF,273,25.647,-30.804,1.284
3BGF,460,-14.78,34.137,43.273
3BGF,493,2.883,16.691,53.061
3BGF,617,30.02,-4.986,4.31
3BGF,913,13.211,-23.702,-39.309
3BGF,999,3.897,-4.912,-16.768
3BGF,880,3.068,-21.635,-49.174
3BGF,873,-12.963,-14.695,-42.652
3BGF,1018,1.972,-8.796,-45.264
3BGF,784,5.852,-26.014,-42.852
3BGF,500,11.286,22.532,33.04
3BGF,777,3.444,-31.35,-43.32
3BGF,399,0.043,15.944,31.575
3BGF,164,27.887,-39.136,34.849
3BGF,197,27.445,-28.442,18.61
3BGF,313,31.879,14.255,22.888
3BGF,1061,16.154,11.463,-62.018
3BGF,579,25.247,2.798,-0.282
3BGF,1092,19.312,-5.602,-60.552
3BGF,232,44.233,-25.984,30.003
3BGF,458,-8.984,38.087,43.938
3BGF,656,30.68,1.937,-18.195
3BGF,421,10.47,15.378,41.226
3BGF,952,5.529,-8.214,11.336
3BGF,916,15.295,-21.617,-34.879
3BGF,465,-20.693,41.789,40.797
3BGF,612,40.773,0.061,7.109
3BGF,496,6.498,19.058,43.998
3BGF,285,26.998,-11.169,0.195
3BGF,276,27.848,-20.194,1.957
3BGF,1104,4.898,12.966,-68.495
3BGF,698,21.54,-8.523,-56.242
3BGF,357,20.316,6.682,42.337
3BGF,120,38.523,-44.45,28.89
3BGF,1025,6.972,-8.233,-37.026
3BGF,733,-13.247,-12.971,15.524
3BGF,544,26.573,33.021,5.44
3BGF,159,30.528,-27.631,43.628
3BGF,837,0.453,-25.767,6.154
3BGF,39,32.253,-25.407,11.289
3BGF,40,29.297,-26.611,9.677
3BGF,957,6.342,-16.037,13.632
3BGF,653,26.837,3.19,-15.859
3BGF,424,6.949,12.267,52.371
3BGF,237,50.909,-38.78,28.344
3BGF,1064,15.733,13.44,-71.612
3BGF,1097,12.621,1.87,-70.686
3BGF,161,27.056,-29.376,36.467
3BGF,316,29.033,25.504,25.788
3BGF,192,25.04,-20.502,30.212
3BGF,118,36.861,-39.519,28.33
3BGF,505,18.332,23.978,20.988
3BGF,781,9.855,-26.743,-50.043
3BGF,772,-7.393,-29.956,-41.026
3BGF,885,4.146,-14.383,-54.216
3BGF,78,48.932,-27.386,27.129
3BGF,876,-9.976,-18.518,-49.15
3BGF,139,49.734,-41.828,33.638
3BGF,524,33.0,8.767,9.872
3BGF,753,-7.322,-14.686,-12.898
3BGF,1045,8.613,-18.027,-36.1
3BGF,140,49.763,-43.485,30.005
3BGF,337,0.272,25.609,44.869
3BGF,20,53.212,-32.142,38.339
3BGF,59,28.189,-20.471,12.331
3BGF,857,-2.033,-25.713,-35.426
3BGF,976,-3.209,-6.523,15.882
3BGF,985,2.022,-8.708,3.014
3BGF,216,29.158,-30.645,13.463
3BGF,672,39.433,-14.833,-19.112
3BGF,681,27.42,2.208,-29.635
3BGF,405,-8.511,21.91,42.511
3BGF,596,33.718,-7.106,-9.524
3BGF,712,0.258,-15.312,-19.338
3BGF,565,30.035,24.668,21.051
3BGF,178,48.548,-41.38,8.474
3BGF,376,24.322,12.442,27.151
3BGF,385,8.608,24.541,39.018
3BGF,101,37.899,-30.887,26.178
3BGF,798,5.631,-28.889,-32.286
3BGF,1004,-1.088,-9.439,-24.609
3BGF,92,44.55,-35.132,14.507
3BGF,61,34.687,-18.649,9.595
3BGF,18,50.452,-34.226,42.88
3BGF,937,5.387,-14.423,-10.654
3BGF,257,33.145,-19.337,16.755
3BGF,444,-9.364,31.737,37.971
3BGF,633,28.038,4.658,-11.021
3BGF,677,33.726,-2.219,-21.674
3BGF,400,-3.869,16.853,32.136
3BGF,684,31.831,2.804,-36.874
3BGF,299,24.396,-6.272,-11.516
3BGF,213,31.295,-29.934,4.57
3BGF,479,-8.035,26.132,51.241
3BGF,973,-1.527,-6.834,21.857
3BGF,980,-1.122,-5.378,10.754
3BGF,852,-2.576,-23.082,-26.558
3BGF,25,57.814,-26.684,28.392
3BGF,145,48.242,-48.142,27.171
3BGF,332,13.678,25.159,53.859
3BGF,558,18.066,14.46,8.762
3BGF,1040,2.57,-18.775,-19.025
3BGF,521,38.046,16.829,7.704
3BGF,1039,5.367,-21.543,-21.788
3BGF,756,-4.226,-13.996,-16.976
3BGF,441,-7.077,30.467,43.64
3BGF,636,34.487,-0.793,-10.465
3BGF,438,2.26,25.422,52.697
3BGF,252,45.563,-29.492,19.766
3BGF,932,11.649,-12.139,-16.266
3BGF,97,45.574,-38.048,22.975
3BGF,64,39.946,-18.894,9.144
3BGF,899,7.192,-18.708,-58.977
3BGF,1001,-3.728,-6.363,-19.425
3BGF,519,36.884,19.22,16.031
3BGF,373,19.859,8.396,27.741
3BGF,104,37.817,-20.769,32.561
3BGF,380,19.422,25.608,27.007
3BGF,717,-5.581,-17.486,-5.319
3BGF,593,37.678,-16.087,-10.818
3BGF,1078,19.259,1.484,-63.103
3BGF,560,23.48,20.355,7.151
3BGF,639,37.67,-3.975,-12.613
3BGF,224,27.312,-24.304,33.317
3BGF,640,41.282,-4.391,-16.124
3BGF,437,2.09,28.304,56.226
3BGF,944,3.678,-13.666,0.433
3BGF,896,9.775,-12.932,-61.51
3BGF,98,42.976,-34.649,22.94
3BGF,865,-3.487,-23.568,-46.478
3BGF,792,7.226,-39.029,-33.923
3BGF,516,35.543,17.574,25.486
3BGF,761,-10.219,-15.319,-24.575
3BGF,1077,15.313,5.655,-64.417
3BGF,718,-4.295,-15.751,-1.512
3BGF,1084,20.203,4.708,-68.207
3BGF,172,44.99,-45.232,24.865
3BGF,181,39.994,-41.688,14.624
3BGF,305,28.668,1.156,2.444
3BGF,296,23.047,-16.948,-14.427
3BGF,265,22.402,-27.323,0.031
3BGF,678,33.462,2.747,-22.769
3BGF,476,-11.423,35.651,50.926
3BGF,485,1.501,13.368,61.584
3BGF,601,31.026,6.247,-3.127
3BGF,905,13.125,-18.88,-51.577
3BGF,53,17.993,-21.698,6.978
3BGF,720,-6.725,-14.193,3.17
3BGF,557,14.489,15.914,10.207
3BGF,344,17.403,30.905,35.672
3BGF,133,47.041,-27.757,37.737
3BGF,759,-4.747,-11.949,-21.696
3BGF,1036,4.938,-21.655,-32.161
3BGF,177,51.064,-42.491,11.144
3BGF,300,23.043,-9.608,-9.033
3BGF,184,35.225,-32.14,14.003
3BGF,1072,9.7,6.845,-62.615
3BGF,599,31.642,0.79,-3.633
3BGF,1081,26.673,-0.862,-68.771
3BGF,513,29.417,15.458,33.01
3BGF,797,3.378,-30.312,-27.521
3BGF,764,-3.409,-18.053,-28.664
3BGF,379,18.777,20.202,28.638
3BGF,893,9.468,-7.944,-54.611
3BGF,860,0.479,-22.777,-39.052
3BGF,938,8.251,-16.941,-7.822
3BGF,941,4.86,-16.356,-4.36
3BGF,645,35.104,-0.745,-27.088
3BGF,432,1.148,17.546,65.325
3BGF,258,33.854,-14.702,14.304
3BGF,221,21.588,-26.951,26.538
3BGF,1033,4.5,-15.078,-39.151
3BGF,341,9.632,30.625,42.425
3BGF,136,47.23,-31.26,32.945
3BGF,338,-0.778,30.576,45.799
3BGF,725,-5.053,-16.775,10.595
3BGF,552,21.257,23.362,10.445
3BGF,858,-4.611,-23.614,-36.8
3BGF,56,22.948,-14.658,12.452
3BGF,979,-3.175,-9.28,11.748
3BGF,900,13.935,-16.263,-60.836
3BGF,219,26.153,-33.606,22.48
3BGF,473,-22.274,34.207,46.682
3BGF,604,39.264,8.379,-1.711
3BGF,480,-7.982,27.067,55.299
3BGF,293,25.024,-22.493,-3.968
3BGF,260,28.449,-14.854,10.601
3BGF,953,6.614,-7.436,17.008
3BGF,233,43.462,-28.975,26.724
3BGF,459,-12.093,38.999,45.984
3BGF,420,7.253,15.388,38.13
3BGF,657,29.834,-1.99,-19.743
3BGF,776,0.846,-33.356,-48.017
3BGF,501,13.92,19.974,30.908
3BGF,785,8.938,-28.714,-38.442
3BGF,1019,3.182,-5.958,-41.857
3BGF,398,0.178,16.242,34.899
3BGF,312,33.424,14.112,18.243
3BGF,196,28.698,-29.354,22.867
3BGF,165,27.776,-39.965,30.496
3BGF,1093,14.813,-6.206,-61.826
3BGF,578,24.961,6.482,2.076
3BGF,1060,18.88,9.462,-62.801
3BGF,872,-11.19,-11.744,-42.54
3BGF,881,3.655,-20.515,-53.958
3BGF,912,15.931,-21.13,-40.834
3BGF,998,-0.462,-4.351,-16.709
3BGF,1100,4.318,1.028,-69.548
3BGF,418,9.415,16.918,32.01
3BGF,272,24.266,-29.945,5.748
3BGF,281,33.672,-13.745,-1.019
3BGF,616,29.579,-2.621,7.503
3BGF,492,1.222,12.618,54.031
3BGF,461,-17.766,36.262,42.503
3BGF,1058,24.75,5.382,-61.642
3BGF,540,34.715,23.023,7.146
3BGF,737,-11.944,-5.862,13.757
3BGF,1021,3.511,-1.586,-38.147
3BGF,539,33.185,19.602,6.949
3BGF,124,32.837,-36.826,33.44
3BGF,353,22.297,10.527,39.635
3BGF,44,18.049,-25.653,14.484
3BGF,833,-4.169,-31.555,-4.731
3BGF,877,-8.446,-22.876,-51.078
3BGF,79,48.091,-23.311,25.704
3BGF,884,5.261,-16.646,-50.191
3BGF,1096,13.418,-2.903,-71.263
3BGF,1065,13.049,10.481,-75.187
3BGF,193,22.649,-22.705,28.482
3BGF,317,30.382,23.656,29.059
3BGF,160,27.666,-25.908,40.585
3BGF,119,37.815,-41.814,32.225
3BGF,773,-2.996,-30.875,-39.348
3BGF,780,7.033,-26.182,-51.918
3BGF,504,14.599,26.447,22.623
3BGF,425,7.062,16.094,54.041
3BGF,652,27.835,-0.305,-15.11
3BGF,236,47.236,-38.531,26.788
3BGF,956,6.499,-15.5,17.371
3BGF,38,36.462,-28.561,8.468
3BGF,836,1.814,-26.581,0.821
3BGF,41,26.571,-25.396,14.047
3BGF,121,34.672,-45.461,30.381
3BGF,356,17.029,8.108,39.263
3BGF,1024,5.009,-4.937,-35.226
3BGF,545,25.042,29.935,11.235
3BGF,732,-10.621,-14.867,12.529
3BGF,158,31.824,-23.901,46.378
3BGF,497,10.387,19.908,42.066
3BGF,613,37.96,-1.34,10.002
3BGF,464,-17.963,39.351,38.686
3BGF,277,30.277,-17.17,4.844
3BGF,284,29.168,-15.2,-1.002
3BGF,699,20.685,-11.685,-53.237
3BGF,917,15.152,-26.85,-34.836
3BGF,839,-2.646,-20.309,1.226
3BGF,37,34.667,-26.609,3.818
3BGF,840,-0.521,-19.548,-1.372
3BGF,744,-10.782,-6.205,-1.909
3BGF,533,23.32,11.668,19.108
3BGF,359,14.869,6.629,46.545
3BGF,320,32.614,24.326,34.416
3BGF,157,36.393,-24.764,46.65
3BGF,1052,22.05,-9.13,-49.031
3BGF,201,35.717,-36.968,8.443
3BGF,498,8.518,20.783,38.1
3BGF,412,2.137,20.198,32.812
3BGF,696,19.994,-1.698,-55.893
3BGF,278,27.737,-13.919,3.871
3BGF,992,3.663,-5.553,-6.71
3BGF,961,3.354,-20.484,19.432
3BGF,918,21.124,-25.059,-33.875
3BGF,76,53.079,-30.591,26.471
3BGF,85,31.758,-15.601,21.517
3BGF,878,-3.986,-19.877,-51.592
3BGF,801,5.318,-26.08,-29.734
3BGF,318,33.996,27.609,28.586
3BGF,572,29.12,21.115,6.713
3BGF,705,13.273,-13.956,-36.086
3BGF,1099,5.65,4.274,-72.264
3BGF,581,27.137,-3.123,-2.807
3BGF,1013,-1.186,-7.181,-37.517
3BGF,116,34.514,-31.564,29.586
3BGF,392,-4.515,12.425,45.786
3BGF,361,12.233,11.91,45.045
3BGF,239,54.937,-42.344,30.173
3BGF,624,40.849,-6.851,-3.099
3BGF,453,2.038,31.928,38.538
3BGF,920,15.452,-22.363,-29.368
3BGF,959,-0.307,-17.456,15.059
3BGF,997,-1.127,-7.402,-14.985
3BGF,964,-0.235,-21.371,23.306
3BGF,693,25.448,6.519,-56.388
3BGF,417,7.315,17.365,28.218
3BGF,660,35.176,-13.526,-18.375
3BGF,619,32.879,-7.999,1.701
3BGF,204,44.599,-38.938,4.482
3BGF,738,-8.792,-5.312,10.354
3BGF,1057,23.781,0.086,-59.701
3BGF,325,20.143,19.875,41.375
3BGF,152,43.251,-33.034,36.417
3BGF,741,-8.797,-4.695,4.134
3BGF,536,29.714,11.793,10.418
3BGF,845,-4.914,-22.508,-17.062
3BGF,32,48.255,-20.279,11.851
3BGF,925,16.772,-16.242,-26.017
3BGF,621,39.441,-13.0,1.592
3BGF,456,-3.818,37.126,43.31
3BGF,245,57.895,-35.506,28.036
3BGF,658,31.031,-5.218,-17.823
3BGF,397,1.421,17.428,39.214
3BGF,113,36.057,-24.294,36.179
3BGF,364,11.384,10.176,39.065
3BGF,1016,-3.823,-13.464,-39.728
3BGF,779,3.09,-27.04,-47.786
3BGF,577,29.892,7.241,2.601
3BGF,584,29.877,-7.65,-11.719
3BGF,700,16.717,-12.781,-51.495
3BGF,199,32.115,-35.0,14.599
3BGF,804,9.629,-23.605,-26.634
3BGF,73,59.34,-36.402,21.677
3BGF,80,45.904,-20.558,28.64
3BGF,690,26.295,10.274,-53.643
3BGF,414,-0.214,17.894,26.493
3BGF,207,51.994,-30.394,9.914
3BGF,994,-2.771,-5.362,-9.86
3BGF,967,-4.41,-16.455,28.094
3BGF,846,-9.686,-22.035,-19.403
3BGF,48,15.44,-27.108,7.948
3BGF,31,51.543,-23.353,12.635
3BGF,326,21.395,21.448,45.803
3BGF,151,47.442,-36.077,38.804
3BGF,1054,24.831,-4.549,-52.045
3BGF,742,-10.795,-10.207,3.157
3BGF,535,26.979,9.826,12.496
3BGF,128,33.809,-26.446,40.655
3BGF,622,37.896,-7.232,-0.482
3BGF,455,0.13,34.942,43.257
3BGF,246,56.133,-38.733,26.027
3BGF,926,13.025,-17.949,-25.491
3BGF,807,14.523,-24.169,-22.787
3BGF,70,51.777,-29.595,15.61
3BGF,83,35.825,-19.379,24.594
3BGF,1015,-0.001,-14.453,-38.417
3BGF,789,3.475,-34.201,-35.781
3BGF,394,1.359,13.567,43.389
3BGF,110,39.484,-17.577,42.79
3BGF,367,6.209,13.39,31.766
3BGF,169,35.34,-47.912,24.593
3BGF,574,28.365,14.94,5.665
3BGF,587,29.789,-17.437,-14.586
3BGF,703,15.567,-14.518,-42.07
3BGF,747,-13.214,-8.502,-4.952
3BGF,530,24.95,20.412,22.758
3BGF,1028,12.696,-7.058,-42.112
3BGF,549,20.761,30.711,13.856
3BGF,1051,17.886,-7.263,-48.432
3BGF,323,25.542,20.98,41.708
3BGF,154,43.332,-32.096,44.929
3BGF,34,43.076,-23.092,6.521
3BGF,843,-5.64,-21.187,-10.093
3BGF,991,-0.365,-3.946,-5.469
3BGF,962,1.054,-16.103,20.015
3BGF,468,-16.878,42.825,50.765
3BGF,202,37.644,-40.496,7.66
3BGF,288,23.274,-15.217,0.554
3BGF,411,-1.822,23.005,33.313
3BGF,695,22.247,0.889,-53.666
3BGF,1069,10.984,13.891,-69.081
3BGF,571,30.725,22.735,11.139
3BGF,706,12.704,-15.662,-32.382
3BGF,582,26.779,-3.686,-6.752
3BGF,115,36.428,-30.269,34.112
3BGF,391,-1.2,12.835,47.236
3BGF,362,7.57,8.871,46.326
3BGF,1010,2.604,-9.169,-33.101
3BGF,508,23.953,25.389,26.834
3BGF,75,56.493,-30.043,21.589
3BGF,888,8.03,-12.006,-52.065
3BGF,86,33.844,-19.261,20.614
3BGF,802,8.665,-30.131,-27.121
3BGF,923,20.941,-20.006,-25.946
3BGF,429,5.861,20.328,56.355
3BGF,627,41.875,-1.909,-10.128
3BGF,450,0.019,26.321,30.557
3BGF,190,24.116,-18.515,24.026
3BGF,314,32.416,18.703,21.514
3BGF,163,26.382,-35.419,33.065
3BGF,1095,12.664,-4.515,-66.765
3BGF,709,5.479,-11.722,-26.682
3BGF,1066,10.841,13.434,-77.846
3BGF,770,-9.805,-25.246,-35.285
3BGF,783,9.84,-28.896,-44.332
3BGF,507,23.164,28.641,24.06
3BGF,89,38.863,-28.921,19.409
3BGF,874,-13.427,-17.375,-44.387
3BGF,887,2.673,-12.853,-47.962
3BGF,955,6.554,-12.832,21.035
3BGF,426,4.482,11.641,58.688
3BGF,651,24.801,-3.331,-17.209
3BGF,235,47.243,-33.703,26.55
3BGF,628,40.28,2.547,-8.633
3BGF,1027,14.318,-6.953,-37.513
3BGF,748,-8.281,-8.459,-6.724
3BGF,122,31.953,-42.108,30.649
3BGF,355,17.988,13.79,41.731
3BGF,546,22.228,34.85,11.651
3BGF,731,-7.331,-14.422,14.39
3BGF,835,-3.84,-27.842,-0.541
3BGF,42,22.893,-30.075,11.7
3BGF,914,17.29,-25.736,-38.968
3BGF,494,3.734,14.336,49.297
3BGF,610,38.956,-1.296,2.079
3BGF,467,-16.803,41.523,46.765
3BGF,274,27.546,-26.723,0.679
3BGF,287,26.313,-17.528,-3.373
3BGF,230,40.465,-18.577,29.483
3BGF,249,51.737,-38.322,16.749
3BGF,423,10.434,15.212,49.202
3BGF,654,27.75,5.988,-17.482
3BGF,950,7.91,-12.039,9.981
3BGF,929,10.561,-11.615,-21.797
3BGF,808,11.004,-23.393,-19.008
3BGF,871,-8.632,-13.285,-41.216
3BGF,882,0.391,-18.481,-55.633
3BGF,368,10.203,12.157,27.274
3BGF,775,-0.775,-34.86,-44.332
3BGF,502,14.99,25.108,27.352
3BGF,786,6.068,-25.149,-37.715
3BGF,588,29.237,-19.503,-11.472
3BGF,1090,13.914,-3.84,-52.507
3BGF,1063,15.137,9.779,-68.822
3BGF,311,34.448,10.55,18.332
3BGF,195,24.757,-24.421,23.304
3BGF,166,25.89,-42.722,28.444
3BGF,271,22.174,-33.991,5.189
3BGF,282,31.809,-10.459,-2.661
3BGF,1103,4.973,9.51,-65.314
3BGF,615,33.614,-0.981,4.824
3BGF,491,-5.523,13.504,53.393
3BGF,462,-19.963,33.82,41.137
3BGF,208,47.037,-29.823,7.222
3BGF,911,19.404,-23.364,-43.645
3BGF,968,-7.611,-15.169,24.558
3BGF,47,14.158,-32.31,8.588
3BGF,849,-0.487,-26.337,-22.367
3BGF,830,-4.985,-36.316,-13.115
3BGF,543,26.566,27.69,6.21
3BGF,734,-8.897,-10.129,15.671
3BGF,329,15.556,19.312,44.921
3BGF,127,31.49,-27.854,37.801
3BGF,350,23.664,19.224,35.813
3BGF,1022,8.421,-1.126,-40.389
3BGF,890,4.062,-6.315,-50.684
3BGF,863,-0.529,-19.648,-42.692
3BGF,569,34.71,26.513,14.327
3BGF,1071,9.413,11.862,-63.889
3BGF,1082,26.41,1.317,-71.693
3BGF,174,52.107,-45.779,20.213
3BGF,303,22.662,-2.029,1.462
3BGF,187,33.09,-26.163,22.805
3BGF,389,0.912,18.989,46.992
3BGF,510,22.848,21.185,31.415
3BGF,1008,-2.94,-9.713,-30.191
3BGF,794,2.953,-38.724,-28.378
3BGF,767,-9.032,-18.668,-35.274
3BGF,646,35.205,-5.262,-26.815
3BGF,431,2.941,19.938,62.389
3BGF,448,-4.742,28.733,34.835
3BGF,222,25.939,-28.074,29.656
3BGF,942,9.166,-17.036,-2.401
3BGF,55,21.816,-18.924,9.865
3BGF,342,9.709,29.5,36.779
3BGF,135,50.894,-30.023,33.573
3BGF,1030,6.523,-9.69,-42.596
3BGF,528,27.669,14.143,21.081
3BGF,726,-5.901,-20.689,9.948
3BGF,1049,13.572,-10.0,-48.692
3BGF,551,21.271,23.338,15.606
3BGF,470,-19.278,37.912,54.94
3BGF,607,40.376,3.189,-0.767
3BGF,483,-0.854,19.481,56.142
3BGF,290,20.275,-14.778,-5.02
3BGF,263,23.7,-20.336,2.855
3BGF,409,-3.754,26.014,40.812
3BGF,989,1.308,-10.796,-4.057
3BGF,903,14.754,-24.858,-55.653
3BGF,947,6.747,-11.683,5.255
3BGF,227,33.278,-16.395,33.25
3BGF,643,41.675,1.032,-24.363
3BGF,434,-0.391,22.313,62.259
3BGF,791,3.019,-40.193,-35.689
3BGF,515,35.84,14.043,28.261
3BGF,762,-7.366,-10.934,-26.286
3BGF,108,43.216,-20.08,39.28
3BGF,171,42.461,-47.269,22.134
3BGF,182,38.947,-35.86,12.941
3BGF,306,31.313,3.813,4.97
3BGF,1074,7.709,2.264,-58.322
3BGF,1087,14.649,-1.249,-60.794
3BGF,68,48.247,-25.22,15.835
3BGF,895,4.506,-12.232,-58.371
3BGF,866,-4.907,-19.723,-46.629
3BGF,906,13.105,-22.983,-49.798
3BGF,688,28.667,7.388,-49.339
3BGF,295,24.818,-17.184,-10.028
3BGF,266,19.568,-28.402,4.574
3BGF,475,-17.467,32.293,48.927
3BGF,486,-2.168,11.787,62.596
3BGF,602,34.355,9.44,-3.794
3BGF,149,46.779,-43.103,38.413
3BGF,723,-0.776,-15.374,4.488
3BGF,554,18.91,21.802,3.49
3BGF,1035,2.308,-18.988,-34.178
3BGF,347,26.046,28.958,32.808
3BGF,130,37.982,-27.421,39.851
3BGF,50,15.962,-29.922,-0.958
3BGF,29,56.028,-22.522,16.672
3BGF,909,11.583,-21.467,-44.714
3BGF,970,-0.648,-10.784,26.405
3BGF,983,-3.09,-7.295,5.891
3BGF,269,18.952,-37.502,2.527
3BGF,674,36.27,-8.761,-14.879
3BGF,403,-10.688,18.81,37.164
3BGF,687,27.317,5.152,-45.916
3BGF,489,-0.151,8.194,53.08
3BGF,210,42.039,-31.461,6.667
3BGF,1043,7.374,-17.889,-29.984
3BGF,146,47.292,-48.307,30.441
3BGF,331,15.317,23.867,50.397
3BGF,348,25.554,24.721,35.755
3BGF,522,38.095,12.064,9.821
3BGF,755,-6.63,-10.879,-16.951
3BGF,851,-6.595,-26.504,-25.697
3BGF,26,58.96,-26.681,22.928
3BGF,948,4.231,-16.197,7.235
3BGF,931,12.225,-17.668,-16.803
3BGF,442,-11.802,27.108,46.514
3BGF,635,33.716,2.565,-7.421
3BGF,228,33.801,-19.382,29.754
3BGF,251,47.294,-32.97,16.446
3BGF,370,14.615,9.252,30.166
3BGF,107,42.561,-21.581,34.772
3BGF,383,13.518,27.058,33.826
3BGF,1002,0.501,-4.825,-22.614
3BGF,1088,11.979,-2.717,-56.709
3BGF,714,0.019,-16.86,-12.568
3BGF,590,32.462,-20.157,-15.986
3BGF,563,27.418,28.033,15.833
3BGF,309,35.994,5.42,13.308
3BGF,94,46.87,-42.329,15.653
3BGF,869,-9.75,-14.466,-46.206
3BGF,67,46.163,-22.249,16.147
3BGF,23,61.749,-29.128,32.938
3BGF,854,-4.324,-26.464,-31.071
3BGF,527,27.857,14.086,15.379
3BGF,750,-9.956,-13.018,-8.986
3BGF,143,54.472,-49.63,25.772
3BGF,334,9.918,24.58,49.03
3BGF,1046,8.443,-12.838,-37.099
3BGF,729,-10.855,-19.194,15.541
3BGF,215,28.126,-31.716,9.467
3BGF,608,40.69,5.485,2.709
3BGF,682,28.165,-1.702,-32.019
3BGF,406,-4.06,21.389,41.495
3BGF,975,-2.536,-11.637,17.26
3BGF,986,-1.57,-9.896,1.384
3BGF,91,41.63,-33.807,16.76
3BGF,62,33.92,-21.143,5.138
3BGF,188,28.044,-22.135,21.352
3BGF,595,33.368,-10.491,-7.7
3BGF,711,0.417,-13.805,-22.972
3BGF,566,33.869,24.858,23.233
3BGF,768,-14.582,-18.86,-35.454
3BGF,1007,0.406,-10.435,-29.046
3BGF,375,23.126,12.624,32.464
3BGF,386,8.861,24.422,44.191
3BGF,102,39.214,-26.781,31.192
3BGF,649,28.087,-8.072,-21.425
3BGF,254,41.945,-23.985,18.028
3BGF,447,-9.587,26.833,33.124
3BGF,630,36.439,8.484,-9.914
3BGF,934,8.164,-17.473,-14.227
3BGF,466,-17.017,43.533,42.893
3BGF,611,43.643,-0.304,2.774
3BGF,495,9.019,19.593,50.24
3BGF,286,25.542,-12.89,-4.855
3BGF,275,28.089,-24.083,2.998
3BGF,915,19.507,-21.601,-38.099
3BGF,834,-1.097,-30.15,-2.318
3BGF,43,21.486,-24.66,13.557
3BGF,749,-5.836,-11.956,-6.695
3BGF,1026,10.536,-7.852,-38.058
3BGF,354,22.701,13.076,42.854
3BGF,123,32.081,-38.359,29.304
3BGF,730,-9.989,-16.578,18.681
3BGF,547,24.168,35.073,16.396
3BGF,650,27.339,-6.642,-17.53
3BGF,427,9.041,14.161,59.386
3BGF,234,43.344,-32.39,29.016
3BGF,629,37.3,2.657,-12.141
3BGF,954,5.8,-10.234,17.987
3BGF,886,-0.447,-11.288,-52.39
3BGF,875,-10.831,-19.666,-45.487
3BGF,88,36.525,-26.045,15.236
3BGF,162,27.853,-33.627,38.795
3BGF,315,28.827,18.271,25.568
3BGF,191,22.406,-17.271,27.827
3BGF,1067,12.0,16.79,-74.167
3BGF,708,9.384,-13.851,-27.03
3BGF,1094,16.782,-5.398,-65.051
3BGF,506,20.182,27.504,23.043
3BGF,782,8.45,-23.709,-48.375
3BGF,771,-9.024,-24.213,-40.541
3BGF,735,-9.288,-10.581,10.296
3BGF,542,30.354,29.183,3.942
3BGF,328,16.534,23.485,44.698
3BGF,351,25.347,15.315,37.673
3BGF,126,33.498,-32.271,38.299
3BGF,1023,11.012,-2.915,-37.436
3BGF,848,-4.866,-26.333,-21.875
3BGF,46,14.42,-27.818,12.845
3BGF,831,-2.299,-33.446,-10.761
3BGF,910,14.006,-25.264,-45.099
3BGF,969,-5.903,-10.862,27.164
3BGF,283,30.625,-14.733,-5.074
3BGF,270,18.709,-33.975,5.259
3BGF,1102,7.173,5.947,-67.664
3BGF,463,-21.108,37.416,39.346
3BGF,490,-3.09,11.193,51.262
3BGF,614,36.251,2.159,8.263
3BGF,209,43.163,-28.864,9.334
3BGF,369,13.045,12.777,29.044
3BGF,787,2.272,-28.206,-38.447
3BGF,503,13.882,20.966,22.998
3BGF,774,-1.951,-30.556,-42.929
3BGF,1062,14.147,12.002,-65.489
3BGF,1091,15.729,-8.141,-56.823
3BGF,589,29.246,-22.088,-14.904
3BGF,167,29.257,-45.647,28.172
3BGF,194,28.582,-25.262,26.975
3BGF,310,35.936,8.181,15.676
3BGF,809,11.588,-24.056,-15.143
3BGF,883,0.495,-17.686,-49.567
3BGF,870,-7.197,-17.613,-41.665
3BGF,951,8.093,-11.079,14.543
3BGF,928,14.07,-14.774,-21.169
3BGF,231,40.463,-22.811,25.92
3BGF,248,52.452,-39.626,19.945
3BGF,655,28.699,3.958,-20.522
3BGF,422,7.606,13.781,44.692
3BGF,788,1.088,-30.926,-34.4
3BGF,1014,2.182,-10.839,-38.309
3BGF,366,9.795,11.223,33.349
3BGF,111,37.544,-19.683,39.222
3BGF,395,-2.65,10.912,40.478
3BGF,168,32.415,-44.196,25.212
3BGF,702,14.484,-15.633,-46.47
3BGF,586,30.723,-13.94,-14.363
3BGF,575,26.697,11.657,5.611
3BGF,806,11.577,-28.507,-22.609
3BGF,82,41.794,-17.314,24.604
3BGF,71,52.403,-33.296,19.751
3BGF,927,14.432,-18.562,-21.278
3BGF,454,-3.212,34.12,40.372
3BGF,623,43.144,-8.033,-0.469
3BGF,247,54.376,-37.44,23.053
3BGF,150,44.03,-38.562,37.296
3BGF,327,20.96,25.568,46.408
3BGF,1055,27.285,-4.125,-56.995
3BGF,534,25.152,11.492,15.555
3BGF,743,-13.395,-10.594,0.456
3BGF,129,35.536,-23.453,42.422
3BGF,49,14.229,-31.194,2.93
3BGF,847,-6.668,-21.997,-22.553
3BGF,30,51.26,-19.876,18.164
3BGF,966,-0.397,-14.908,25.283
3BGF,995,1.694,-3.394,-11.311
3BGF,662,41.814,-10.823,-21.979
3BGF,415,3.716,20.432,23.614
3BGF,691,24.226,13.454,-55.911
3BGF,206,51.0,-35.636,8.851
3BGF,428,9.525,18.745,58.167
3BGF,451,4.54,26.218,32.535
3BGF,626,45.085,-3.294,-8.093
3BGF,922,21.567,-24.004,-26.456
3BGF,87,35.858,-22.656,20.56
3BGF,889,3.452,-8.086,-54.648
3BGF,74,61.479,-32.358,22.626
3BGF,803,12.624,-27.096,-28.092
3BGF,583,28.123,-7.562,-7.423
3BGF,707,9.073,-11.55,-31.389
3BGF,570,30.652,27.727,10.776
3BGF,1068,9.187,16.896,-70.746
3BGF,363,6.486,9.966,42.496
3BGF,390,-3.11,16.488,48.84
3BGF,114,33.825,-26.755,33.254
3BGF,509,23.181,25.245,30.835
3BGF,1011,-1.653,-13.746,-33.746
3BGF,469,-16.205,39.637,52.737
3BGF,203,41.726,-38.216,7.93
3BGF,289,21.147,-12.333,-2.024
3BGF,694,21.359,3.822,-56.1
3BGF,410,1.794,23.722,37.914
3BGF,963,-3.024,-18.415,20.576
3BGF,990,-2.294,-7.819,-4.608
3BGF,35,39.021,-22.805,8.103
3BGF,842,-1.405,-21.995,-8.834
3BGF,1029,11.593,-5.246,-46.21
3BGF,531,21.772,17.287,20.845
3BGF,746,-9.915,-12.955,-2.836
3BGF,1050,16.924,-9.535,-45.245
3BGF,548,20.255,35.158,18.466
3BGF,155,40.254,-28.774,46.137
3BGF,322,29.235,21.754,40.497
3BGF,66,43.325,-22.668,12.764
3BGF,868,-3.588,-12.933,-47.186
3BGF,95,45.886,-42.758,19.966
3BGF,382,16.876,23.99,33.543
3BGF,106,41.416,-17.192,36.201
3BGF,371,16.815,9.256,33.669
3BGF,1003,2.428,-8.131,-23.651
3BGF,562,26.703,22.728,13.646
3BGF,591,33.969,-18.074,-13.408
3BGF,715,-4.825,-18.116,-12.548
3BGF,1089,13.781,1.666,-54.665
3BGF,308,32.158,4.971,12.772
3BGF,634,30.986,4.719,-8.982
3BGF,443,-13.112,29.346,43.303
3BGF,229,37.462,-16.252,29.366
3BGF,250,48.995,-35.918,17.986
3BGF,949,8.87,-15.785,8.98
3BGF,930,8.737,-16.38,-21.0
3BGF,850,-2.603,-29.736,-25.023
3BGF,27,56.851,-23.287,22.723
3BGF,1042,3.777,-16.278,-28.079
3BGF,330,17.946,20.02,50.215
3BGF,147,43.95,-44.326,32.566
3BGF,349,27.311,21.109,35.042
3BGF,754,-9.986,-13.498,-15.024
3BGF,523,35.635,9.905,6.622
3BGF,268,16.358,-36.406,-1.131
3BGF,686,30.754,4.058,-43.802
3BGF,402,-8.229,19.347,33.91
3BGF,675,36.737,-6.031,-18.78
3BGF,488,-2.682,9.864,55.958
3BGF,211,40.442,-29.675,3.151
3BGF,908,17.175,-19.131,-48.012
3BGF,982,0.655,-12.223,8.508
3BGF,971,-2.898,-11.915,22.318
3BGF,935,11.707,-16.003,-12.203
3BGF,648,26.936,-4.009,-23.454
3BGF,255,39.135,-21.948,16.637
3BGF,631,32.815,5.564,-12.899
3BGF,446,-11.771,29.942,34.827
3BGF,189,29.146,-19.155,26.473
3BGF,567,35.33,27.209,18.649
3BGF,710,4.763,-12.292,-22.728
3BGF,594,36.755,-11.815,-8.554
3BGF,1006,1.904,-6.274,-28.578
3BGF,769,-12.717,-21.632,-38.371
3BGF,103,35.832,-24.695,29.141
3BGF,387,4.551,22.947,43.926
3BGF,374,18.555,13.267,31.968
3BGF,63,39.111,-20.741,3.384
3BGF,90,40.186,-30.279,16.349
3BGF,987,-2.479,-4.61,-0.022
3BGF,974,1.464,-9.5,20.57
3BGF,214,32.042,-32.563,8.582
3BGF,609,38.108,2.139,4.187
3BGF,407,-4.071,20.938,37.008
3BGF,683,29.546,-0.777,-35.188
3BGF,751,-9.206,-10.462,-11.604
3BGF,526,30.326,8.932,16.362
3BGF,335,6.54,28.162,48.017
3BGF,142,55.157,-44.888,25.108
3BGF,728,-6.856,-19.597,14.356
3BGF,1047,9.305,-15.086,-42.319
3BGF,22,56.394,-32.73,32.77
3BGF,855,-6.178,-22.247,-30.151
3BGF,988,2.402,-5.522,-0.94
3BGF,902,10.313,-21.827,-55.647
3BGF,482,-3.704,21.516,56.369
3BGF,606,36.326,3.357,-0.631
3BGF,471,-21.507,38.264,51.47
3BGF,262,26.381,-19.972,7.617
3BGF,291,18.33,-17.788,-1.44
3BGF,408,-8.354,25.636,38.47
3BGF,134,50.029,-25.074,35.727
3BGF,343,15.698,28.484,40.872
3BGF,529,28.023,18.517,18.621
3BGF,1031,7.209,-12.408,-46.056
3BGF,550,23.032,26.266,17.169
3BGF,1048,12.092,-11.939,-42.892
3BGF,727,-4.618,-23.327,12.106
3BGF,54,20.076,-17.902,5.577
3BGF,943,8.321,-12.392,-0.619
3BGF,430,3.508,17.493,59.349
3BGF,647,28.79,-5.307,-27.31
3BGF,449,-4.127,29.518,29.68
3BGF,223,23.239,-26.096,32.677
3BGF,1083,22.121,0.51,-70.218
3BGF,1070,9.524,10.224,-70.307
3BGF,568,32.2,29.487,17.202
3BGF,186,31.564,-26.501,18.663
3BGF,302,24.23,-5.439,-0.734
3BGF,175,48.893,-46.842,16.679
3BGF,388,3.676,21.646,48.833
3BGF,766,-7.651,-13.863,-33.468
3BGF,795,2.359,-34.693,-27.61
3BGF,1009,-1.585,-7.15,-32.527
3BGF,511,26.469,18.709,30.531
3BGF,862,-3.738,-21.308,-42.371
3BGF,891,7.669,-6.22,-50.007
3BGF,51,16.385,-26.011,1.625
3BGF,28,53.939,-22.876,20.961
3BGF,148,47.349,-45.311,35.695
3BGF,555,15.22,19.895,2.808
3BGF,722,-5.307,-20.282,5.647
3BGF,1034,4.764,-19.213,-38.803
3BGF,131,43.845,-25.961,42.981
3BGF,346,22.972,29.604,35.178
3BGF,689,24.932,11.842,-50.365
3BGF,267,19.891,-33.599,0.649
3BGF,294,25.418,-22.202,-9.701
3BGF,603,37.259,6.512,-4.548
3BGF,487,-3.001,12.103,58.598
3BGF,474,-18.478,36.695,48.581
3BGF,907,16.665,-24.388,-49.517
3BGF,867,-4.035,-16.754,-44.884
3BGF,894,8.272,-8.928,-58.38
3BGF,69,48.218,-26.391,19.1
3BGF,763,-3.615,-13.985,-28.375
3BGF,514,30.56,13.052,29.171
3BGF,790,-0.208,-37.027,-35.401
3BGF,109,41.421,-21.245,43.436
3BGF,307,31.657,1.645,10.404
3BGF,183,36.584,-37.261,17.839
3BGF,170,38.826,-45.188,24.41
3BGF,1086,13.296,0.292,-64.729
3BGF,1075,11.541,3.591,-59.937
3BGF,226,30.418,-20.62,33.984
3BGF,435,1.049,23.503,58.292
3BGF,642,40.22,-1.776,-21.167
3BGF,946,10.28,-15.418,3.696
