3HMX,82,31.929,24.61,-2.423
3HMX,71,11.08,15.454,16.667
3HMX,9,23.624,29.643,2.331
3HMX,221,19.604,28.577,-61.288
3HMX,258,36.278,19.695,-57.822
3HMX,184,24.332,50.419,-21.937
3HMX,300,27.907,30.195,-47.846
3HMX,177,14.135,49.948,-29.7
3HMX,49,23.307,20.424,19.756
3HMX,30,13.66,27.798,14.51
3HMX,260,39.5,23.521,-51.915
3HMX,293,27.404,46.863,-37.182
3HMX,219,18.54,30.175,-54.026
3HMX,136,19.753,39.401,-18.21
3HMX,305,25.586,24.1,-61.446
3HMX,181,22.66,54.149,-30.909
3HMX,172,13.09,39.572,-25.356
3HMX,224,20.685,33.329,-69.295
3HMX,87,46.303,28.683,-8.671
3HMX,74,12.749,19.163,9.146
3HMX,133,20.455,30.27,-13.324
3HMX,296,28.019,37.866,-38.552
3HMX,35,16.031,19.754,20.6
3HMX,145,15.36,44.421,-18.762
3HMX,213,21.784,36.721,-40.441
3HMX,299,25.687,29.84,-42.345
3HMX,43,23.97,10.772,7.753
3HMX,104,37.319,32.07,-22.268
3HMX,252,28.405,37.425,-50.918
3HMX,3,21.85,34.127,0.563
3HMX,88,43.248,32.645,-8.472
3HMX,46,24.362,13.91,15.653
3HMX,216,19.796,33.479,-48.058
3HMX,139,23.471,46.892,-17.514
3HMX,6,14.923,30.799,0.571
3HMX,257,34.19,23.857,-56.398
3HMX,101,35.782,33.744,-30.288
3HMX,178,14.697,47.829,-32.75
3HMX,152,16.832,23.758,-22.601
3HMX,54,30.404,25.343,14.092
3HMX,204,29.274,41.38,-22.556
3HMX,199,31.009,26.975,-11.585
3HMX,113,16.62,39.959,-35.008
3HMX,15,39.971,23.192,-3.853
3HMX,245,13.791,49.763,-45.952
3HMX,278,28.028,27.955,-63.922
3HMX,201,30.288,30.392,-16.14
3HMX,51,19.604,28.308,17.3
3HMX,28,18.17,27.233,12.838
3HMX,157,26.615,17.197,-30.272
3HMX,239,13.994,35.782,-38.992
3HMX,240,16.982,40.838,-40.786
3HMX,10,28.429,30.098,-1.721
3HMX,69,16.712,17.516,12.648
3HMX,116,15.668,41.75,-28.446
3HMX,236,15.971,40.279,-47.441
3HMX,66,24.999,20.833,6.881
3HMX,95,30.696,25.075,-18.91
3HMX,119,19.987,32.57,-28.252
3HMX,160,34.694,10.529,-28.582
3HMX,193,24.868,23.777,-9.666
3HMX,284,26.064,29.173,-56.85
3HMX,277,30.253,31.844,-64.608
3HMX,27,21.668,29.766,12.359
3HMX,158,29.353,12.028,-30.079
3HMX,121,25.495,28.48,-28.225
3HMX,165,25.205,16.21,-22.689
3HMX,196,27.91,20.229,-3.699
3HMX,63,29.379,20.257,1.9
3HMX,90,36.728,31.992,-8.77
3HMX,233,17.547,34.652,-57.021
3HMX,124,28.168,19.884,-20.583
3HMX,22,35.097,29.548,5.629
3HMX,281,31.147,19.434,-60.572
3HMX,272,17.764,39.993,-54.477
3HMX,89,41.617,31.438,-11.508
3HMX,253,27.923,35.563,-54.73
3HMX,2,27.717,34.038,-1.726
3HMX,105,34.098,31.577,-24.698
3HMX,42,21.197,10.928,3.111
3HMX,212,24.502,34.82,-37.701
3HMX,298,25.184,34.016,-43.071
3HMX,100,35.649,30.488,-31.06
3HMX,179,16.498,51.395,-34.364
3HMX,7,17.754,28.105,2.545
3HMX,256,31.43,26.624,-53.506
3HMX,138,20.754,46.845,-22.178
3HMX,217,13.963,32.733,-48.592
3HMX,47,27.153,16.728,13.49
3HMX,137,20.723,43.078,-17.907
3HMX,292,23.29,50.119,-43.298
3HMX,261,44.835,25.852,-54.142
3HMX,218,13.361,31.147,-51.817
3HMX,48,24.865,18.546,16.936
3HMX,31,11.586,29.743,17.066
3HMX,176,12.572,47.002,-27.218
3HMX,301,22.962,29.441,-49.512
3HMX,185,26.113,46.621,-22.714
3HMX,8,21.332,28.239,-1.019
3HMX,220,15.528,31.095,-57.545
3HMX,259,39.076,24.106,-56.182
3HMX,70,12.177,19.566,17.619
3HMX,83,33.299,29.259,-6.22
3HMX,34,14.313,23.28,23.398
3HMX,297,28.93,37.904,-43.99
3HMX,132,22.398,25.392,-15.769
3HMX,75,13.276,22.702,11.816
3HMX,86,41.627,26.272,-9.133
3HMX,225,19.995,32.753,-73.619
3HMX,173,15.252,44.147,-24.398
3HMX,180,18.085,52.193,-31.381
3HMX,304,23.209,23.35,-57.738
3HMX,159,32.551,15.589,-29.788
3HMX,120,22.53,31.85,-25.131
3HMX,26,25.064,26.981,10.141
3HMX,276,27.055,33.932,-62.07
3HMX,285,27.07,30.269,-52.697
3HMX,118,19.297,37.161,-26.3
3HMX,192,26.544,26.455,-12.214
3HMX,161,35.074,8.228,-24.756
3HMX,94,30.434,22.621,-15.182
3HMX,67,19.368,19.322,8.482
3HMX,237,15.637,36.152,-44.2
3HMX,273,20.101,39.526,-57.987
3HMX,280,30.607,19.747,-64.758
3HMX,23,34.778,29.475,11.068
3HMX,125,30.461,16.571,-19.763
3HMX,232,21.363,33.828,-58.887
3HMX,91,36.273,26.766,-11.311
3HMX,62,32.787,19.944,4.88
3HMX,197,31.15,22.115,-8.48
3HMX,164,29.149,17.601,-26.299
3HMX,244,13.383,44.224,-45.527
3HMX,14,41.732,29.072,-1.476
3HMX,198,28.566,28.665,-7.657
3HMX,112,18.39,35.181,-35.89
3HMX,205,25.863,40.904,-25.629
3HMX,55,31.226,23.76,10.074
3HMX,153,18.75,19.504,-23.376
3HMX,117,13.711,37.207,-28.758
3HMX,11,31.772,28.607,0.633
3HMX,68,17.684,21.403,11.641
3HMX,238,11.22,34.807,-42.892
3HMX,241,14.357,42.913,-39.278
3HMX,156,22.799,14.224,-27.084
3HMX,50,21.488,23.562,18.995
3HMX,29,14.856,29.545,10.339
3HMX,279,30.482,25.009,-63.66
3HMX,200,30.153,32.412,-11.988
3HMX,114,18.757,44.809,-34.922
3HMX,242,10.676,44.305,-40.258
3HMX,12,34.525,32.214,-1.608
3HMX,98,32.504,27.241,-26.97
3HMX,155,21.856,19.004,-27.905
3HMX,289,26.66,41.492,-43.602
3HMX,203,28.449,37.676,-21.498
3HMX,53,26.391,23.863,13.438
3HMX,17,45.858,20.032,-0.521
3HMX,247,16.43,46.979,-40.119
3HMX,168,19.63,26.699,-24.846
3HMX,111,21.001,37.327,-32.953
3HMX,56,36.322,24.395,9.335
3HMX,206,26.796,46.281,-27.582
3HMX,129,23.004,15.984,-10.391
3HMX,150,14.808,27.973,-19.302
3HMX,20,42.534,26.485,5.765
3HMX,59,36.869,18.848,1.998
3HMX,209,28.281,43.131,-32.086
3HMX,270,23.159,45.751,-51.816
3HMX,283,28.034,25.329,-56.263
3HMX,126,27.589,17.111,-16.707
3HMX,92,35.931,26.121,-15.463
3HMX,61,32.304,17.061,2.925
3HMX,18,45.438,20.07,4.065
3HMX,248,19.253,46.423,-45.153
3HMX,231,19.487,35.195,-62.879
3HMX,194,27.832,18.908,-10.699
3HMX,167,22.111,22.585,-21.556
3HMX,123,28.992,22.894,-24.516
3HMX,275,25.039,37.485,-63.147
3HMX,286,24.433,33.353,-51.142
3HMX,25,28.222,29.739,12.004
3HMX,191,24.5,30.607,-11.738
3HMX,162,33.347,11.69,-23.464
3HMX,234,19.395,36.442,-53.418
3HMX,97,36.436,26.797,-23.865
3HMX,64,25.633,20.473,1.972
3HMX,294,30.234,44.743,-39.795
3HMX,267,30.329,38.973,-56.019
3HMX,37,19.644,17.741,16.076
3HMX,131,21.207,23.194,-11.926
3HMX,148,15.314,34.768,-19.458
3HMX,226,22.599,33.039,-76.406
3HMX,76,15.959,24.161,8.382
3HMX,85,40.025,31.012,-6.033
3HMX,170,15.099,32.334,-26.043
3HMX,183,24.607,52.869,-24.822
3HMX,109,25.412,34.804,-27.546
3HMX,134,19.753,32.551,-16.741
3HMX,32,11.618,26.225,19.396
3HMX,291,22.971,47.391,-46.734
3HMX,175,11.446,47.729,-23.749
3HMX,302,23.483,26.602,-51.82
3HMX,186,23.088,42.941,-23.119
3HMX,73,9.671,17.269,12.179
3HMX,80,26.8,24.46,2.208
3HMX,223,18.981,29.618,-67.193
3HMX,103,39.366,32.235,-25.3
3HMX,189,24.453,36.915,-15.46
3HMX,4,22.827,31.941,-4.448
3HMX,255,31.428,29.746,-57.678
3HMX,44,21.965,9.574,11.207
3HMX,214,18.74,33.264,-40.893
3HMX,250,24.815,42.879,-47.923
3HMX,229,26.523,34.553,-67.471
3HMX,1,29.04,32.412,3.816
3HMX,79,22.591,23.854,0.354
3HMX,106,33.14,29.3,-20.85
3HMX,211,23.467,40.278,-35.464
3HMX,268,30.891,41.632,-52.229
3HMX,38,22.226,21.153,13.02
3HMX,41,23.615,15.064,3.3
3HMX,147,12.978,38.098,-19.679
3HMX,166,23.888,22.235,-26.955
3HMX,195,26.741,16.793,-7.501
3HMX,249,20.549,42.534,-45.891
3HMX,230,23.549,31.886,-64.523
3HMX,60,33.223,19.349,-2.328
3HMX,93,35.187,21.966,-13.927
3HMX,19,42.973,23.924,3.352
3HMX,127,23.915,14.028,-17.577
3HMX,208,25.882,46.905,-32.069
3HMX,282,29.708,23.759,-59.17
3HMX,271,21.181,43.908,-56.114
3HMX,21,39.23,27.496,5.2
3HMX,58,38.231,21.685,5.202
3HMX,65,20.823,19.21,2.847
3HMX,96,33.22,22.015,-23.055
3HMX,235,13.613,35.765,-51.023
3HMX,163,27.952,11.953,-24.607
3HMX,190,25.1,31.676,-15.891
3HMX,24,30.761,28.057,8.782
3HMX,287,27.697,33.884,-46.49
3HMX,274,23.225,37.727,-59.601
3HMX,122,24.951,26.945,-21.705
3HMX,52,24.514,27.06,16.452
3HMX,288,24.139,37.674,-45.228
3HMX,202,29.878,36.415,-17.801
3HMX,154,19.342,21.636,-27.348
3HMX,13,37.268,27.384,-0.629
3HMX,99,37.404,28.571,-28.486
3HMX,243,11.341,47.411,-42.425
3HMX,115,13.89,41.94,-31.538
3HMX,128,22.527,14.525,-14.014
3HMX,151,17.88,26.204,-19.46
3HMX,207,22.043,43.015,-29.98
3HMX,57,34.307,24.55,5.111
3HMX,169,18.853,30.545,-23.082
3HMX,110,23.452,33.998,-32.209
3HMX,246,16.101,51.259,-40.816
3HMX,16,45.523,24.793,-0.623
3HMX,215,20.18,31.905,-44.452
3HMX,45,26.772,11.342,12.511
3HMX,5,18.819,30.24,-3.99
3HMX,254,31.542,31.832,-53.484
3HMX,102,38.967,34.379,-27.916
3HMX,188,24.539,37.044,-19.706
3HMX,146,16.229,41.029,-19.785
3HMX,39,22.066,16.147,9.964
3HMX,40,25.679,16.023,6.388
3HMX,210,25.274,38.969,-31.153
3HMX,269,25.2,42.569,-53.955
3HMX,107,28.447,32.006,-22.301
3HMX,78,21.657,24.912,5.16
3HMX,251,23.2,39.835,-50.035
3HMX,228,30.126,30.604,-69.677
3HMX,306,25.349,19.928,-61.69
3HMX,182,22.961,49.365,-28.559
3HMX,171,16.541,36.088,-23.88
3HMX,108,28.812,31.335,-29.127
3HMX,84,36.706,24.915,-6.864
3HMX,77,17.082,22.422,4.87
3HMX,227,24.816,32.987,-71.88
3HMX,130,23.382,20.138,-14.016
3HMX,149,14.274,31.429,-19.758
3HMX,36,17.904,21.759,18.088
3HMX,266,34.829,36.603,-52.263
3HMX,295,28.042,41.592,-38.351
3HMX,222,16.983,32.679,-64.8
3HMX,81,27.068,25.155,-2.774
3HMX,72,11.957,14.329,13.594
3HMX,187,25.747,41.75,-18.97
3HMX,303,22.388,26.6,-56.012
3HMX,174,11.254,43.496,-21.098
3HMX,290,23.783,44.474,-41.282
3HMX,33,15.781,27.686,21.607
3HMX,135,20.355,36.386,-15.682
