3SE9,362,15.9,-31.008,-6.749
3SE9,115,0.402,-4.642,-25.769
3SE9,391,19.058,-26.627,-12.53
3SE9,450,22.3,-12.904,-16.923
3SE9,243,27.742,7.668,-8.752
3SE9,86,30.167,11.071,-5.171
3SE9,429,-2.162,-12.018,-11.058
3SE9,75,11.388,10.905,-22.93
3SE9,288,25.608,-14.858,-13.754
3SE9,411,30.284,-32.379,-22.742
3SE9,468,19.415,-24.457,-3.447
3SE9,202,-15.0,-12.513,-25.319
3SE9,83,28.399,9.339,-14.088
3SE9,70,7.943,4.338,-25.317
3SE9,246,20.195,12.568,-14.962
3SE9,455,13.899,-21.373,-3.711
3SE9,367,2.862,-25.491,-9.304
3SE9,394,25.461,-35.642,-11.943
3SE9,110,1.045,-0.669,-18.606
3SE9,207,-0.356,-12.568,-33.623
3SE9,48,13.733,9.503,-1.507
3SE9,414,21.55,-28.896,-22.748
3SE9,326,2.124,-25.771,-33.933
3SE9,462,19.113,-31.688,10.321
3SE9,491,19.166,17.269,-3.847
3SE9,208,2.119,-8.741,-31.51
3SE9,282,13.052,-14.235,1.463
3SE9,271,26.862,-11.794,-6.725
3SE9,47,17.288,8.235,1.268
3SE9,350,29.637,-24.457,-0.816
3SE9,329,9.735,-26.404,-28.657
3SE9,249,20.944,0.481,-16.876
3SE9,423,-4.26,-21.284,-22.109
3SE9,230,31.163,-1.223,-5.086
3SE9,368,1.389,-22.572,-11.384
3SE9,355,31.305,-26.175,2.785
3SE9,122,-10.396,-15.763,-17.469
3SE9,287,24.452,-11.07,-11.057
3SE9,274,19.023,-12.232,-0.147
3SE9,467,18.021,-28.073,-1.511
3SE9,235,22.544,-4.807,-2.207
3SE9,89,30.895,9.2,-0.723
3SE9,426,-1.87,-13.069,-16.552
3SE9,486,20.707,2.101,-9.984
3SE9,475,8.319,-10.419,-12.186
3SE9,50,9.867,10.355,-6.647
3SE9,266,28.58,-9.335,-12.993
3SE9,295,18.791,-21.239,-29.161
3SE9,347,31.707,-23.64,-5.362
3SE9,434,-7.196,-17.732,-24.856
3SE9,68,4.314,1.821,-29.311
3SE9,227,25.656,3.844,-10.013
3SE9,108,5.926,-3.788,-17.295
3SE9,342,25.711,-24.627,-12.122
3SE9,263,21.078,-8.784,-18.862
3SE9,290,30.356,-16.239,-18.54
3SE9,55,13.913,6.894,-21.325
3SE9,409,29.251,-37.555,-20.292
3SE9,483,17.126,-1.412,-10.226
3SE9,470,14.438,-23.587,-9.919
3SE9,389,18.163,-31.311,-18.945
3SE9,448,22.2,-13.715,-22.88
3SE9,222,15.599,17.387,-7.055
3SE9,431,-5.258,-14.584,-14.3
3SE9,386,11.677,-28.833,-18.588
3SE9,102,7.846,-1.347,-6.603
3SE9,375,7.012,-18.189,-18.674
3SE9,447,18.892,-15.431,-24.926
3SE9,62,8.351,-0.105,-34.987
3SE9,91,25.625,6.283,0.381
3SE9,254,12.78,-9.468,-19.746
3SE9,334,27.022,-25.132,-24.147
3SE9,215,13.403,1.334,-20.59
3SE9,251,16.467,-1.806,-17.877
3SE9,67,9.114,0.692,-29.785
3SE9,94,18.028,-2.15,0.605
3SE9,442,12.255,-20.687,-38.683
3SE9,228,26.927,1.117,-6.568
3SE9,107,5.963,1.015,-16.268
3SE9,383,8.185,-20.215,-25.557
3SE9,370,3.646,-20.09,-15.253
3SE9,489,18.455,10.924,-3.53
3SE9,210,7.237,-8.943,-27.738
3SE9,269,33.0,-12.461,-7.571
3SE9,348,29.641,-17.973,-3.971
3SE9,331,15.88,-24.634,-25.602
3SE9,369,3.264,-24.626,-15.719
3SE9,248,18.999,4.006,-15.244
3SE9,422,-2.957,-20.831,-26.937
3SE9,231,32.969,-4.326,-9.587
3SE9,351,31.438,-18.791,-0.326
3SE9,328,6.832,-29.561,-29.94
3SE9,490,15.294,15.051,-1.893
3SE9,463,20.875,-31.816,7.036
3SE9,209,5.714,-6.971,-32.78
3SE9,270,29.084,-15.22,-9.161
3SE9,283,14.147,-15.164,-3.512
3SE9,46,17.951,13.407,2.989
3SE9,234,25.266,-7.69,-1.558
3SE9,427,3.373,-10.668,-15.355
3SE9,88,35.221,10.808,0.335
3SE9,275,15.463,-9.489,2.25
3SE9,286,22.245,-15.91,-9.044
3SE9,466,21.232,-26.47,1.95
3SE9,123,-10.436,-11.529,-14.365
3SE9,354,29.328,-23.606,6.698
3SE9,289,30.497,-13.551,-14.157
3SE9,410,27.742,-34.173,-19.657
3SE9,469,13.753,-26.824,-5.344
3SE9,203,-10.522,-8.696,-26.799
3SE9,451,20.441,-15.21,-14.205
3SE9,242,29.031,6.441,-5.07
3SE9,74,8.862,7.677,-22.761
3SE9,428,0.11,-9.612,-14.685
3SE9,87,35.515,12.836,-4.332
3SE9,390,19.638,-26.548,-16.767
3SE9,114,-1.125,-0.72,-23.435
3SE9,363,13.028,-30.16,-9.193
3SE9,327,1.07,-25.733,-29.93
3SE9,206,-4.084,-9.4,-32.876
3SE9,415,17.728,-30.047,-25.628
3SE9,49,10.495,7.697,-2.485
3SE9,111,3.834,-2.42,-21.845
3SE9,395,27.093,-32.33,-14.309
3SE9,366,5.478,-26.998,-7.396
3SE9,71,6.744,6.495,-28.417
3SE9,82,26.308,14.306,-16.932
3SE9,247,19.283,7.992,-15.84
3SE9,454,17.497,-20.03,-6.608
3SE9,214,16.099,-0.563,-23.874
3SE9,335,26.886,-27.741,-21.34
3SE9,446,19.165,-16.148,-28.928
3SE9,90,29.876,5.943,1.979
3SE9,63,4.591,-1.84,-34.963
3SE9,255,8.901,-11.213,-18.407
3SE9,374,12.272,-20.585,-18.669
3SE9,103,8.21,3.207,-10.021
3SE9,387,14.617,-26.541,-16.294
3SE9,349,25.724,-21.197,-2.88
3SE9,330,14.126,-26.726,-29.989
3SE9,488,16.176,7.897,-5.263
3SE9,211,11.88,-7.252,-29.142
3SE9,268,34.599,-9.138,-10.029
3SE9,371,6.573,-21.359,-11.141
3SE9,382,3.152,-16.536,-23.866
3SE9,106,3.853,0.376,-11.437
3SE9,250,19.085,0.154,-19.999
3SE9,95,18.151,-4.874,-3.575
3SE9,66,8.181,-3.181,-25.899
3SE9,443,9.304,-19.131,-33.607
3SE9,229,30.083,1.86,-8.904
3SE9,109,1.768,-4.078,-15.414
3SE9,69,5.236,2.094,-22.849
3SE9,435,-2.926,-15.03,-25.799
3SE9,226,22.9,7.626,-5.823
3SE9,346,27.74,-24.558,-6.292
3SE9,474,8.211,-11.486,-7.673
3SE9,487,19.793,5.288,-3.638
3SE9,51,7.352,9.819,-9.756
3SE9,294,18.934,-19.932,-24.102
3SE9,267,31.345,-5.676,-13.524
3SE9,449,21.368,-17.128,-19.095
3SE9,223,14.199,14.249,-6.359
3SE9,430,-4.832,-10.817,-13.061
3SE9,388,15.21,-30.963,-15.244
3SE9,291,26.747,-15.043,-20.495
3SE9,262,18.673,-10.383,-22.408
3SE9,408,28.366,-37.4,-16.352
3SE9,54,10.785,7.043,-19.051
3SE9,471,12.66,-19.904,-8.836
3SE9,482,19.137,-4.906,-13.782
3SE9,343,30.688,-26.23,-9.875
3SE9,220,12.755,14.211,-11.094
3SE9,433,-5.095,-15.945,-20.84
3SE9,259,16.385,-18.418,-16.272
3SE9,378,9.316,-15.461,-28.158
3SE9,301,8.37,-28.59,-40.981
3SE9,57,16.318,5.064,-28.145
3SE9,292,24.888,-18.927,-20.877
3SE9,261,16.715,-13.697,-20.034
3SE9,218,14.748,9.022,-14.876
3SE9,472,10.888,-17.165,-8.449
3SE9,481,18.376,-7.676,-11.055
3SE9,339,27.481,-27.637,-16.359
3SE9,340,32.411,-23.588,-16.177
3SE9,436,-3.618,-17.348,-30.651
3SE9,99,9.862,2.68,-5.095
3SE9,225,19.912,8.179,-9.526
3SE9,345,26.733,-21.02,-8.624
3SE9,477,12.757,-10.205,-7.949
3SE9,484,22.164,-4.035,-7.99
3SE9,297,13.473,-22.969,-31.827
3SE9,264,23.194,-7.002,-16.622
3SE9,52,10.822,7.796,-11.64
3SE9,333,21.832,-24.867,-23.519
3SE9,212,12.171,-6.401,-25.559
3SE9,478,13.181,-9.873,-12.865
3SE9,298,7.875,-23.077,-33.987
3SE9,372,7.43,-25.372,-12.666
3SE9,381,4.338,-16.703,-29.152
3SE9,105,6.057,-4.28,-11.843
3SE9,439,3.618,-17.266,-35.718
3SE9,96,16.124,-7.384,-1.626
3SE9,65,4.664,-3.386,-28.45
3SE9,253,11.344,-5.229,-20.12
3SE9,440,3.366,-19.775,-39.488
3SE9,58,11.942,4.504,-29.516
3SE9,217,13.197,3.617,-15.29
3SE9,336,30.542,-27.371,-21.321
3SE9,445,14.746,-16.455,-29.204
3SE9,256,11.255,-14.366,-16.707
3SE9,93,22.776,1.488,-1.835
3SE9,60,7.847,6.106,-34.218
3SE9,377,7.309,-13.786,-24.722
3SE9,100,13.59,2.346,-8.541
3SE9,384,5.157,-22.227,-20.595
3SE9,324,3.322,-31.158,-36.62
3SE9,205,-6.31,-11.665,-30.803
3SE9,416,15.477,-27.508,-22.626
3SE9,198,-14.93,-14.003,-12.749
3SE9,112,3.166,-7.737,-20.954
3SE9,396,27.84,-30.341,-10.374
3SE9,365,7.905,-28.503,-5.552
3SE9,244,25.539,10.84,-9.727
3SE9,72,2.97,7.128,-27.052
3SE9,81,25.032,11.413,-20.274
3SE9,457,14.524,-26.534,0.562
3SE9,413,23.781,-29.835,-26.59
3SE9,279,14.165,-16.639,5.242
3SE9,200,-15.357,-13.475,-19.347
3SE9,358,26.123,-30.345,0.306
3SE9,238,27.996,-0.366,2.666
3SE9,452,19.787,-18.043,-11.654
3SE9,77,17.76,9.362,-24.729
3SE9,84,29.106,13.081,-10.706
3SE9,241,32.534,3.642,-6.002
3SE9,393,22.966,-32.597,-9.146
3SE9,117,-5.336,-7.281,-26.47
3SE9,360,21.381,-30.459,-3.519
3SE9,237,24.815,-1.609,2.236
3SE9,424,-1.455,-17.9,-19.847
3SE9,78,20.928,12.485,-22.658
3SE9,118,-6.135,-11.564,-24.593
3SE9,276,17.322,-13.358,5.109
3SE9,285,19.005,-12.915,-7.163
3SE9,465,22.496,-31.316,2.553
3SE9,120,-10.14,-14.905,-23.557
3SE9,357,25.897,-27.295,4.029
3SE9,421,0.742,-22.625,-23.159
3SE9,232,31.744,-7.67,-5.566
3SE9,458,13.473,-25.9,4.382
3SE9,352,27.043,-17.303,1.196
3SE9,460,17.769,-28.53,6.274
3SE9,45,23.217,13.243,-0.802
3SE9,419,4.415,-26.138,-24.167
3SE9,273,22.281,-10.22,-5.288
3SE9,280,13.325,-20.555,3.63
3SE9,64,7.629,-3.386,-30.969
3SE9,97,13.36,-1.455,1.437
3SE9,438,1.376,-20.336,-33.03
3SE9,252,15.924,-5.283,-22.38
3SE9,441,7.66,-20.649,-38.682
3SE9,104,10.161,-1.355,-13.874
3SE9,380,4.623,-13.318,-28.456
3SE9,373,8.279,-24.614,-16.757
3SE9,213,13.061,-1.611,-25.863
3SE9,479,11.839,-5.803,-13.306
3SE9,299,10.463,-25.583,-35.557
3SE9,332,19.669,-25.596,-28.427
3SE9,385,10.818,-24.454,-20.801
3SE9,101,11.314,-2.142,-8.179
3SE9,376,10.279,-17.684,-22.489
3SE9,444,14.551,-17.83,-32.818
3SE9,257,10.467,-17.667,-14.829
3SE9,61,9.332,3.718,-37.524
3SE9,92,23.864,2.954,2.953
3SE9,337,29.766,-22.765,-21.962
3SE9,59,12.099,2.95,-33.061
3SE9,216,16.988,4.442,-19.939
3SE9,338,24.188,-23.987,-17.181
3SE9,341,28.328,-21.418,-14.612
3SE9,56,13.731,5.596,-25.039
3SE9,260,17.336,-13.633,-15.083
3SE9,293,23.867,-18.138,-25.84
3SE9,219,15.392,11.616,-11.589
3SE9,480,14.159,-6.458,-6.688
3SE9,473,8.108,-15.228,-6.818
3SE9,379,10.172,-12.993,-31.462
3SE9,300,8.971,-24.284,-39.801
3SE9,221,13.837,17.857,-10.408
3SE9,432,-6.581,-17.124,-16.084
3SE9,258,13.264,-20.675,-13.513
3SE9,485,23.809,-0.627,-9.239
3SE9,476,8.788,-6.891,-7.929
3SE9,265,26.721,-9.617,-16.624
3SE9,296,14.809,-20.813,-28.217
3SE9,53,11.636,10.52,-16.283
3SE9,344,31.416,-21.012,-11.09
3SE9,98,14.213,0.188,-4.462
3SE9,437,-2.556,-19.911,-32.539
3SE9,224,19.743,12.101,-7.942
3SE9,121,-8.9,-11.344,-19.721
3SE9,284,18.309,-16.709,-3.978
3SE9,277,20.596,-16.21,2.71
3SE9,464,24.678,-32.01,5.218
3SE9,119,-8.762,-13.709,-27.162
3SE9,236,22.534,-4.884,1.262
3SE9,79,22.898,12.48,-25.808
3SE9,425,-1.51,-18.389,-15.427
3SE9,461,18.876,-26.549,9.44
3SE9,492,19.652,19.467,0.73
3SE9,418,9.6,-26.422,-25.047
3SE9,44,23.547,17.389,0.501
3SE9,281,11.152,-17.553,1.907
3SE9,272,24.57,-14.696,-3.933
3SE9,353,24.482,-21.625,2.743
3SE9,124,-12.592,-12.077,-11.272
3SE9,420,4.054,-22.443,-27.518
3SE9,233,26.609,-3.949,-3.411
3SE9,459,14.519,-27.722,7.326
3SE9,245,22.934,9.288,-12.37
3SE9,80,25.494,14.265,-23.921
3SE9,73,5.61,6.834,-22.012
3SE9,456,17.163,-22.349,1.44
3SE9,199,-14.736,-11.979,-15.427
3SE9,364,10.53,-27.209,-9.132
3SE9,113,-2.225,-4.264,-19.618
3SE9,204,-9.202,-8.9,-30.462
3SE9,417,11.799,-29.652,-23.254
3SE9,325,3.332,-29.858,-32.343
3SE9,361,20.82,-27.49,-7.693
3SE9,116,-0.055,-8.701,-24.711
3SE9,392,22.314,-32.406,-13.657
3SE9,239,28.926,1.873,-1.366
3SE9,453,15.535,-16.716,-9.826
3SE9,85,33.214,9.777,-7.871
3SE9,76,13.856,11.371,-25.533
3SE9,240,33.099,2.886,0.073
3SE9,359,24.997,-27.429,-2.766
3SE9,412,26.783,-31.159,-24.446
3SE9,278,18.675,-17.454,7.157
3SE9,201,-12.859,-10.049,-21.078
