4FFY,316,-45.501,-4.079,-15.664
4FFY,357,-21.664,-5.684,-20.569
4FFY,313,-37.852,1.073,-11.062
4FFY,399,-50.384,-20.305,-8.502
4FFY,352,-34.335,-10.658,-16.562
4FFY,324,-25.635,1.252,-13.041
4FFY,396,-46.39,-14.858,-3.392
4FFY,365,-25.927,-0.077,-17.506
4FFY,321,-35.902,-1.169,-14.051
4FFY,358,-19.48,-1.979,-18.8
4FFY,393,-41.384,-8.867,-3.859
4FFY,360,-18.236,3.442,-22.034
4FFY,319,-39.464,-6.602,-12.41
4FFY,298,-12.689,-12.562,-23.229
4FFY,333,-16.827,-5.348,-17.981
4FFY,372,-36.603,-11.941,-3.896
4FFY,381,-20.909,-6.14,-7.712
4FFY,336,-21.067,-8.157,-11.061
4FFY,377,-29.646,-6.441,0.689
4FFY,384,-16.599,-5.189,0.798
4FFY,378,-30.546,-5.804,-5.594
4FFY,301,-16.373,-10.029,-13.933
4FFY,339,-29.6,-11.799,-4.864
4FFY,340,-27.096,-10.792,-1.214
4FFY,304,-15.399,-1.956,-9.336
4FFY,297,-14.595,-10.92,-27.607
4FFY,345,-27.187,-14.881,2.138
4FFY,364,-25.071,4.515,-18.129
4FFY,397,-46.29,-16.671,-6.48
4FFY,325,-21.658,5.135,-13.65
4FFY,361,-16.304,4.566,-17.087
4FFY,392,-40.29,-6.055,1.111
4FFY,318,-41.992,-7.927,-10.543
4FFY,320,-36.492,-4.137,-10.686
4FFY,359,-19.391,-1.005,-23.144
4FFY,356,-24.781,-7.824,-17.758
4FFY,317,-43.256,-7.382,-15.165
4FFY,353,-30.417,-8.519,-18.226
4FFY,312,-35.108,1.64,-8.344
4FFY,398,-49.884,-15.608,-8.638
4FFY,338,-26.198,-10.702,-6.536
4FFY,341,-30.441,-12.265,3.437
4FFY,379,-25.754,-6.878,-5.229
4FFY,300,-13.126,-9.171,-16.996
4FFY,344,-27.891,-12.477,4.32
4FFY,296,-16.129,-12.607,-30.136
4FFY,305,-17.285,0.882,-8.068
4FFY,380,-24.326,-4.228,-8.517
4FFY,373,-41.605,-12.708,-3.231
4FFY,332,-14.657,-3.86,-21.626
4FFY,299,-15.325,-8.958,-22.187
4FFY,385,-16.492,-0.492,-2.157
4FFY,376,-33.646,-8.078,-0.627
4FFY,337,-26.984,-9.311,-10.233
4FFY,386,-20.917,-3.327,-3.525
4FFY,375,-35.495,-7.964,3.331
4FFY,334,-18.771,-9.835,-17.427
4FFY,309,-27.075,7.425,-12.275
4FFY,383,-17.603,-6.806,-2.613
4FFY,370,-37.385,-11.611,-10.663
4FFY,348,-33.679,-16.776,-4.454
4FFY,331,-13.71,-1.408,-19.426
4FFY,347,-31.544,-14.64,-0.759
4FFY,306,-20.935,-0.652,-10.192
4FFY,342,-33.584,-10.711,5.671
4FFY,389,-29.899,-1.979,-4.118
4FFY,303,-13.09,-5.015,-10.27
4FFY,350,-35.402,-15.249,-11.736
4FFY,329,-10.307,0.93,-14.703
4FFY,311,-35.142,6.493,-7.656
4FFY,368,-34.918,-6.349,-15.828
4FFY,355,-24.392,-10.48,-20.452
4FFY,314,-41.628,-1.207,-9.285
4FFY,362,-18.205,7.59,-19.188
4FFY,391,-36.952,-3.695,-3.622
4FFY,323,-29.44,3.508,-14.547
4FFY,367,-29.78,-3.98,-14.752
4FFY,394,-45.598,-6.639,-0.465
4FFY,326,-17.66,0.653,-13.635
4FFY,307,-21.906,4.455,-7.791
4FFY,346,-27.432,-17.421,-1.227
4FFY,388,-25.388,-3.692,-0.986
4FFY,302,-16.431,-5.716,-13.205
4FFY,343,-29.724,-12.838,7.674
4FFY,335,-22.168,-6.24,-14.516
4FFY,374,-39.238,-9.885,0.605
4FFY,387,-24.486,-1.041,-5.433
4FFY,349,-33.544,-14.932,-7.972
4FFY,330,-12.15,-3.076,-15.847
4FFY,308,-27.866,4.31,-8.068
4FFY,371,-36.808,-9.455,-6.855
4FFY,382,-17.765,-7.07,-6.075
4FFY,322,-31.292,-0.951,-11.945
4FFY,390,-32.714,-2.2,-0.312
4FFY,363,-22.192,4.793,-22.073
4FFY,327,-16.713,4.981,-11.509
4FFY,395,-46.0,-11.866,-1.157
4FFY,366,-30.131,-0.158,-18.03
4FFY,310,-32.15,6.398,-12.252
4FFY,369,-34.51,-7.732,-11.816
4FFY,351,-30.386,-11.327,-14.083
4FFY,328,-13.794,1.739,-13.192
4FFY,315,-42.034,-3.4,-13.542
4FFY,354,-28.742,-11.196,-20.59
