4PP1,17,51.661,-22.886,-24.003
4PP1,123,30.427,-19.026,-30.924
4PP1,56,59.641,-7.782,-30.087
4PP1,191,50.507,-8.41,-19.857
4PP1,162,34.505,-12.464,-11.116
4PP1,126,33.072,-20.316,-34.652
4PP1,98,55.086,2.591,-19.226
4PP1,209,30.755,-15.258,-20.83
4PP1,12,40.091,-31.434,-27.525
4PP1,194,56.589,-14.558,-15.581
4PP1,167,33.384,-4.234,-15.065
4PP1,53,59.016,-14.051,-38.769
4PP1,111,57.192,-5.738,-39.426
4PP1,168,37.801,-3.728,-14.027
4PP1,25,55.174,-13.457,-21.266
4PP1,150,43.041,-11.561,-12.298
4PP1,129,36.228,-23.697,-35.161
4PP1,64,52.922,6.896,-28.118
4PP1,97,58.496,3.286,-21.347
4PP1,206,34.603,-22.411,-20.642
4PP1,59,53.83,-2.931,-27.457
4PP1,20,57.819,-23.925,-30.678
4PP1,114,45.822,-7.542,-44.313
4PP1,203,45.237,-22.069,-16.817
4PP1,18,52.78,-27.621,-28.352
4PP1,61,54.222,2.651,-32.582
4PP1,92,64.701,-2.224,-30.785
4PP1,155,47.861,-21.153,-11.788
4PP1,106,61.253,5.21,-35.96
4PP1,32,46.887,0.83,-19.892
4PP1,3,32.824,-10.763,-39.427
4PP1,147,41.343,-6.585,-9.774
4PP1,80,44.484,-4.41,-34.837
4PP1,73,43.07,2.944,-22.74
4PP1,211,35.762,-12.442,-16.728
4PP1,37,51.027,-5.403,-24.594
4PP1,6,37.239,-18.682,-39.836
4PP1,189,49.874,-13.964,-23.799
4PP1,103,54.571,9.92,-31.869
4PP1,214,33.262,-16.358,-24.649
4PP1,85,45.665,1.239,-41.85
4PP1,76,41.579,-4.552,-29.276
4PP1,142,38.755,-9.763,-19.527
4PP1,79,45.62,-1.251,-32.904
4PP1,134,44.923,-19.727,-37.268
4PP1,41,50.219,-10.873,-29.626
4PP1,9,37.924,-28.599,-37.866
4PP1,38,46.326,-7.907,-27.409
4PP1,175,46.672,-19.296,-26.373
4PP1,186,38.917,-20.665,-23.366
4PP1,148,41.982,-8.088,-5.268
4PP1,131,42.567,-21.321,-32.08
4PP1,109,61.45,-3.092,-41.299
4PP1,170,42.298,-6.154,-18.591
4PP1,183,36.394,-28.072,-16.261
4PP1,44,54.168,-11.144,-32.127
4PP1,96,56.586,-0.513,-22.682
4PP1,65,50.809,6.732,-32.187
4PP1,207,31.573,-22.806,-22.539
4PP1,151,46.781,-7.767,-9.18
4PP1,128,36.64,-23.862,-29.17
4PP1,24,57.959,-14.228,-25.198
4PP1,110,56.836,0.315,-40.047
4PP1,169,36.043,-3.699,-19.207
4PP1,154,48.445,-19.353,-8.369
4PP1,202,45.805,-18.814,-17.628
4PP1,19,51.527,-25.44,-31.619
4PP1,93,64.552,-0.228,-34.135
4PP1,60,55.344,2.676,-26.508
4PP1,115,42.241,-7.312,-42.405
4PP1,58,56.104,-1.835,-30.634
4PP1,21,52.527,-19.975,-32.199
4PP1,163,32.724,-12.502,-6.928
4PP1,190,48.294,-11.543,-19.06
4PP1,57,56.42,-5.968,-32.654
4PP1,122,28.935,-14.257,-29.492
4PP1,16,49.368,-21.85,-29.411
4PP1,52,58.147,-20.5,-39.474
4PP1,166,32.613,-2.214,-11.603
4PP1,195,55.725,-14.201,-11.018
4PP1,99,56.726,6.75,-20.042
4PP1,208,30.614,-19.829,-18.333
4PP1,13,43.908,-30.674,-26.448
4PP1,127,36.835,-18.948,-30.234
4PP1,187,45.082,-21.529,-22.472
4PP1,174,42.385,-17.059,-26.313
4PP1,40,51.24,-7.015,-30.604
4PP1,222,49.091,-11.72,-42.27
4PP1,39,47.527,-7.072,-30.735
4PP1,8,37.229,-25.19,-38.477
4PP1,135,47.585,-22.961,-35.357
4PP1,78,41.767,2.847,-31.811
4PP1,45,51.134,-15.43,-33.353
4PP1,108,62.431,1.384,-39.267
4PP1,182,35.512,-31.531,-15.972
4PP1,171,43.299,-7.157,-22.709
4PP1,149,41.826,-12.299,-7.164
4PP1,130,40.036,-20.118,-35.087
4PP1,72,44.92,6.245,-19.318
4PP1,81,42.279,-0.475,-37.283
4PP1,210,34.454,-16.15,-17.047
4PP1,146,37.911,-9.739,-7.828
4PP1,2,34.786,-7.188,-40.916
4PP1,33,48.721,-1.068,-22.36
4PP1,107,65.275,4.657,-39.345
4PP1,143,35.703,-8.372,-17.072
4PP1,215,31.232,-10.974,-25.069
4PP1,77,40.203,-2.432,-32.606
4PP1,84,45.393,-2.705,-41.358
4PP1,188,44.794,-16.863,-21.003
4PP1,102,55.107,11.903,-28.168
4PP1,7,36.706,-23.011,-42.003
4PP1,36,48.416,-3.115,-27.274
4PP1,139,42.1,-10.899,-29.056
4PP1,140,40.146,-11.273,-25.718
4PP1,216,33.591,-8.091,-26.985
4PP1,74,41.88,2.27,-26.446
4PP1,87,52.576,-0.476,-39.077
4PP1,178,41.692,-28.137,-22.345
4PP1,101,56.067,8.788,-25.078
4PP1,4,34.893,-13.741,-38.776
4PP1,35,45.533,-0.726,-26.373
4PP1,71,48.299,4.44,-20.444
4PP1,82,48.979,2.215,-36.073
4PP1,213,36.468,-14.488,-22.426
4PP1,145,33.625,-8.423,-11.459
4PP1,1,34.773,-4.606,-37.359
4PP1,30,51.616,1.082,-15.055
4PP1,49,51.993,-19.498,-37.775
4PP1,104,59.283,8.533,-30.263
4PP1,46,50.749,-14.812,-37.03
4PP1,181,39.224,-31.008,-12.677
4PP1,172,43.784,-10.871,-22.845
4PP1,133,42.427,-22.833,-39.672
4PP1,184,35.938,-27.226,-20.661
4PP1,177,41.075,-25.696,-26.788
4PP1,43,50.558,-9.708,-34.883
4PP1,221,44.018,-11.443,-41.473
4PP1,136,46.782,-17.636,-34.136
4PP1,219,41.265,-12.702,-35.822
4PP1,88,54.719,-2.02,-36.105
4PP1,28,51.111,-3.811,-18.792
4PP1,51,55.121,-14.912,-42.636
4PP1,165,28.855,-3.054,-9.189
4PP1,196,49.13,-13.668,-13.681
4PP1,69,43.573,7.562,-24.159
4PP1,10,38.011,-28.334,-33.069
4PP1,124,33.021,-20.767,-28.317
4PP1,160,35.165,-21.795,-11.743
4PP1,193,55.754,-10.676,-16.005
4PP1,119,34.667,-14.226,-33.351
4PP1,54,60.38,-14.198,-34.18
4PP1,121,27.956,-13.936,-33.284
4PP1,158,40.285,-23.653,-13.466
4PP1,15,48.896,-25.26,-26.207
4PP1,157,43.359,-22.892,-10.198
4PP1,201,50.543,-18.059,-20.21
4PP1,90,61.388,-4.316,-34.675
4PP1,63,50.757,3.758,-26.477
4PP1,116,40.237,-6.311,-37.955
4PP1,22,53.405,-17.902,-28.511
4PP1,95,62.758,1.204,-24.793
4PP1,66,47.002,5.095,-31.8
4PP1,204,40.456,-17.844,-17.67
4PP1,152,46.225,-12.647,-5.553
4PP1,27,55.098,-6.348,-17.64
4PP1,113,48.093,-6.681,-40.619
4PP1,199,55.071,-19.103,-15.979
4PP1,132,42.498,-24.557,-35.401
4PP1,173,45.548,-13.061,-25.868
4PP1,180,40.355,-30.42,-16.13
4PP1,47,54.342,-12.133,-38.802
4PP1,218,38.75,-8.596,-31.733
4PP1,89,58.383,-0.708,-35.335
4PP1,137,46.4,-15.471,-31.008
4PP1,42,48.181,-11.505,-32.444
4PP1,220,45.105,-11.189,-37.077
4PP1,176,43.762,-22.144,-25.849
4PP1,185,41.302,-25.378,-19.538
4PP1,5,34.71,-16.24,-42.297
4PP1,179,39.897,-31.046,-20.372
4PP1,100,51.047,8.511,-22.068
4PP1,217,36.552,-12.156,-30.268
4PP1,86,50.53,2.546,-40.15
4PP1,75,39.977,-0.225,-28.564
4PP1,138,42.318,-14.997,-30.277
4PP1,141,37.877,-7.947,-23.773
4PP1,105,56.613,8.494,-36.893
4PP1,31,50.311,1.156,-18.455
4PP1,48,55.388,-17.56,-35.185
4PP1,144,38.248,-8.038,-14.099
4PP1,83,49.199,-2.841,-37.036
4PP1,70,47.334,4.618,-23.882
4PP1,212,32.645,-10.439,-20.42
4PP1,23,55.893,-14.619,-28.23
4PP1,117,38.162,-10.375,-37.636
4PP1,200,51.646,-15.756,-17.424
4PP1,62,50.287,1.004,-30.585
4PP1,91,60.561,-3.26,-28.623
4PP1,156,49.121,-23.109,-8.22
4PP1,112,51.98,-6.027,-40.936
4PP1,198,51.584,-20.908,-15.183
4PP1,26,56.113,-9.739,-23.754
4PP1,153,45.725,-17.027,-11.103
4PP1,67,45.998,6.611,-28.434
4PP1,94,58.82,3.341,-30.191
4PP1,205,36.287,-21.189,-17.573
4PP1,125,32.154,-23.555,-30.778
4PP1,68,44.368,10.585,-28.19
4PP1,11,40.45,-30.262,-31.489
4PP1,197,50.461,-17.277,-12.648
4PP1,164,31.338,-8.228,-8.229
4PP1,29,52.577,-2.383,-15.918
4PP1,50,50.013,-18.323,-41.109
4PP1,14,44.526,-26.105,-29.16
4PP1,120,28.928,-10.65,-34.127
4PP1,159,39.482,-18.772,-13.057
4PP1,55,58.713,-10.508,-34.695
4PP1,192,49.006,-8.488,-15.124
4PP1,161,32.926,-18.446,-8.675
4PP1,118,34.408,-9.361,-34.133
