4XAK,447,16.238,-18.429,-14.304
4XAK,386,24.008,-6.23,-21.889
4XAK,566,5.644,-12.603,-16.751
4XAK,406,38.279,0.275,-13.359
4XAK,527,27.659,-29.199,-12.823
4XAK,563,7.607,-21.33,-17.291
4XAK,383,29.587,-0.753,-16.151
4XAK,442,30.427,-10.097,-8.475
4XAK,522,32.637,-22.764,-6.144
4XAK,489,11.666,-8.265,-26.063
4XAK,403,33.208,-9.295,-13.135
4XAK,554,28.785,-37.963,-7.999
4XAK,486,5.336,-9.575,-21.522
4XAK,475,31.883,-10.539,0.972
4XAK,515,26.134,-34.524,1.575
4XAK,434,23.359,1.997,-5.264
4XAK,409,27.308,1.732,-9.993
4XAK,483,9.251,-10.15,-13.118
4XAK,470,26.495,-20.69,-0.837
4XAK,551,36.01,-42.612,-5.243
4XAK,528,29.5,-32.719,-14.552
4XAK,448,14.564,-18.871,-8.593
4XAK,431,20.552,2.137,-0.558
4XAK,389,19.31,-7.56,-21.118
4XAK,510,28.502,-49.273,-1.483
4XAK,569,15.354,-13.489,-13.422
4XAK,543,30.968,-39.401,-12.376
4XAK,462,17.668,-25.936,0.652
4XAK,491,14.944,-11.594,-21.908
4XAK,588,25.889,11.843,-10.828
4XAK,502,20.612,-34.501,-3.396
4XAK,423,16.473,-5.571,-2.981
4XAK,467,22.646,-29.27,-3.095
4XAK,494,13.101,-21.028,-20.62
4XAK,546,38.949,-41.636,-9.791
4XAK,426,23.752,-9.138,3.825
4XAK,507,31.284,-43.655,0.787
4XAK,450,8.614,-15.819,-7.112
4XAK,429,21.473,-1.438,2.139
4XAK,391,18.616,-14.123,-23.819
4XAK,508,33.502,-47.696,-0.033
4XAK,582,37.537,1.479,-4.053
4XAK,571,19.065,-10.637,-10.597
4XAK,411,21.682,-0.744,-9.924
4XAK,468,21.978,-25.156,-6.756
4XAK,549,38.111,-38.203,-8.438
4XAK,530,23.495,-31.871,-14.39
4XAK,587,27.283,7.506,-13.556
4XAK,574,29.039,-9.678,-4.46
4XAK,394,20.933,-19.32,-16.909
4XAK,455,14.537,-22.78,-1.236
4XAK,535,13.853,-34.316,-21.44
4XAK,414,19.271,-2.784,-14.486
4XAK,435,25.471,4.548,-3.214
4XAK,514,28.17,-37.623,1.778
4XAK,474,32.788,-12.682,3.713
4XAK,487,7.234,-4.416,-22.557
4XAK,555,24.608,-39.185,-6.868
4XAK,388,21.204,-9.54,-17.749
4XAK,511,25.239,-48.699,4.208
4XAK,568,9.93,-15.512,-12.518
4XAK,449,11.188,-19.681,-9.487
4XAK,430,19.135,-1.684,-0.537
4XAK,550,38.255,-41.022,-4.186
4XAK,529,26.47,-35.235,-13.896
4XAK,408,31.229,4.168,-13.3
4XAK,471,25.665,-15.302,-1.958
4XAK,482,12.532,-10.423,-10.837
4XAK,526,26.897,-32.238,-9.716
4XAK,407,33.565,0.944,-13.881
4XAK,387,24.974,-9.476,-21.062
4XAK,567,11.043,-14.98,-16.993
4XAK,446,19.583,-17.017,-11.505
4XAK,488,12.044,-6.989,-21.613
4XAK,402,28.678,-10.487,-14.933
4XAK,523,29.45,-22.929,-10.938
4XAK,443,25.797,-9.59,-11.371
4XAK,562,6.554,-24.57,-14.515
4XAK,382,28.866,2.96,-18.042
4XAK,548,43.082,-38.618,-8.462
4XAK,531,21.771,-31.179,-17.603
4XAK,410,22.678,3.447,-12.653
4XAK,469,23.692,-18.973,-5.707
4XAK,390,21.119,-11.308,-24.136
4XAK,509,30.268,-48.455,2.427
4XAK,570,17.898,-13.83,-10.454
4XAK,583,37.33,1.313,-9.067
4XAK,451,7.744,-20.314,-5.951
4XAK,428,24.562,-3.84,2.325
4XAK,415,16.521,-2.649,-11.119
4XAK,534,15.977,-31.155,-16.179
4XAK,454,12.169,-19.887,0.943
4XAK,575,30.508,-6.087,-2.938
4XAK,586,28.511,5.597,-8.307
4XAK,395,18.432,-22.604,-15.024
4XAK,422,12.657,-9.721,-2.99
4XAK,503,24.562,-33.588,-4.562
4XAK,490,15.761,-8.64,-25.01
4XAK,463,17.674,-27.51,-2.325
4XAK,542,24.077,-42.546,-10.414
4XAK,506,28.367,-43.765,-2.512
4XAK,427,27.344,-7.213,5.883
4XAK,547,41.398,-43.202,-7.746
4XAK,495,11.07,-24.959,-22.117
4XAK,466,22.365,-27.427,0.741
4XAK,505,31.41,-38.808,-2.729
4XAK,424,17.233,-9.112,0.389
4XAK,544,32.826,-44.657,-11.596
4XAK,496,11.603,-26.398,-18.03
4XAK,465,21.328,-23.328,-0.409
4XAK,421,9.079,-9.121,-6.785
4XAK,458,21.491,-20.763,4.675
4XAK,579,42.594,0.505,0.164
4XAK,500,20.284,-29.61,-8.328
4XAK,399,25.885,-19.203,-11.457
4XAK,493,10.382,-17.7,-21.715
4XAK,460,16.814,-23.407,5.122
4XAK,419,9.147,-6.415,-11.585
4XAK,538,13.605,-37.282,-11.468
4XAK,541,21.45,-36.841,-13.277
4XAK,416,13.849,0.034,-14.363
4XAK,537,10.701,-34.282,-12.289
4XAK,457,17.847,-19.711,2.854
4XAK,576,35.093,-7.152,-2.985
4XAK,585,31.952,4.304,-8.539
4XAK,396,20.301,-21.884,-10.358
4XAK,532,21.311,-27.043,-19.016
4XAK,413,18.663,1.703,-14.405
4XAK,499,15.329,-27.769,-8.733
4XAK,393,18.226,-16.909,-18.769
4XAK,573,24.759,-8.32,-6.01
4XAK,580,43.581,1.969,-3.367
4XAK,452,11.819,-21.935,-5.24
4XAK,478,22.475,-8.624,-2.479
4XAK,401,30.093,-14.826,-11.565
4XAK,520,31.164,-19.771,-2.308
4XAK,559,13.896,-30.956,-10.335
4XAK,439,37.11,-3.16,-5.676
4XAK,440,34.522,-5.64,-6.967
4XAK,561,9.277,-25.674,-12.066
4XAK,518,27.519,-25.304,-2.925
4XAK,381,33.804,3.957,-18.12
4XAK,525,30.006,-30.589,-7.465
4XAK,404,31.246,-5.424,-13.447
4XAK,384,27.891,-3.684,-19.918
4XAK,564,5.842,-18.455,-15.572
4XAK,445,22.774,-13.67,-15.328
4XAK,512,27.498,-43.848,3.433
4XAK,433,24.344,-1.706,-3.177
4XAK,553,29.496,-44.56,-8.45
4XAK,472,29.786,-14.696,0.405
4XAK,481,13.597,-12.175,-6.642
4XAK,436,28.565,2.544,-1.99
4XAK,517,27.338,-28.944,0.432
4XAK,477,25.569,-9.929,-0.153
4XAK,484,10.846,-10.179,-17.28
4XAK,556,22.307,-36.572,-8.911
4XAK,584,33.123,0.192,-8.874
4XAK,577,34.05,-2.223,0.309
4XAK,397,21.957,-25.851,-12.502
4XAK,456,17.435,-18.284,-1.965
4XAK,536,11.598,-36.525,-17.001
4XAK,417,14.271,-2.648,-17.351
4XAK,453,12.184,-16.502,-1.435
4XAK,392,18.04,-17.743,-22.417
4XAK,581,41.095,-0.807,-5.377
4XAK,572,23.492,-11.648,-7.456
4XAK,412,18.482,2.377,-10.427
4XAK,498,15.605,-26.429,-13.697
4XAK,533,17.762,-28.417,-19.163
4XAK,464,18.72,-23.749,-4.266
4XAK,497,11.588,-21.943,-14.095
4XAK,545,34.651,-40.987,-8.844
4XAK,425,20.715,-7.569,1.722
4XAK,504,25.451,-37.266,-3.188
4XAK,539,15.904,-37.408,-14.237
4XAK,540,18.537,-39.983,-9.673
4XAK,461,17.526,-27.038,3.906
4XAK,492,14.272,-15.564,-24.17
4XAK,418,13.84,-6.016,-14.664
4XAK,578,39.385,-1.524,-0.351
4XAK,501,17.015,-32.585,-5.814
4XAK,398,24.307,-23.342,-14.929
4XAK,420,11.393,-5.615,-8.099
4XAK,459,18.143,-21.187,7.585
4XAK,480,17.387,-9.097,-6.662
4XAK,473,28.262,-16.738,4.567
4XAK,552,33.085,-43.676,-5.917
4XAK,432,23.991,1.302,-0.057
4XAK,513,24.304,-41.081,0.59
4XAK,557,18.461,-35.359,-8.822
4XAK,485,8.625,-7.422,-18.327
4XAK,476,29.096,-7.468,1.123
4XAK,516,28.751,-33.181,-2.051
4XAK,437,32.528,2.852,-3.773
4XAK,560,11.112,-29.489,-13.132
4XAK,519,31.264,-24.05,-1.997
4XAK,438,31.439,-0.975,-4.424
4XAK,441,30.22,-5.433,-8.737
4XAK,521,31.958,-17.701,-5.346
4XAK,558,16.408,-33.389,-10.818
4XAK,479,19.389,-11.965,-3.468
4XAK,400,26.847,-15.754,-16.61
4XAK,444,25.574,-13.777,-10.145
4XAK,385,24.691,-4.037,-16.343
4XAK,565,2.469,-15.786,-18.544
4XAK,405,36.753,-3.75,-12.708
4XAK,524,27.9,-27.955,-8.191
