5C0N,101,-7.11,-1.464,7.763
5C0N,49,-2.633,-22.731,8.976
5C0N,-6,12.707,-16.485,12.793
5C0N,30,-12.141,-1.246,25.432
5C0N,9,2.111,-18.447,28.344
5C0N,71,-14.403,-14.887,5.059
5C0N,82,-8.207,-12.028,5.972
5C0N,35,-8.479,-7.799,32.451
5C0N,-3,11.826,-26.536,11.823
5C0N,104,-2.065,-8.806,12.92
5C0N,74,-13.447,-10.86,14.905
5C0N,87,6.781,-10.835,5.241
5C0N,88,10.303,-11.822,7.016
5C0N,3,8.378,-21.277,14.541
5C0N,43,-1.502,-25.609,13.838
5C0N,6,2.161,-24.214,19.379
5C0N,46,-0.375,-29.001,5.46
5C0N,15,-0.407,0.323,23.835
5C0N,124,-0.152,-3.259,20.186
5C0N,54,-8.079,-20.842,24.059
5C0N,121,-0.411,4.181,14.199
5C0N,10,0.005,-13.288,27.431
5C0N,69,-9.206,-13.371,0.531
5C0N,119,-5.622,1.024,13.302
5C0N,51,-4.344,-19.285,14.548
5C0N,28,-17.073,-2.904,28.101
5C0N,116,3.783,-6.036,16.288
5C0N,27,-15.351,1.342,28.107
5C0N,95,-8.025,-7.685,9.627
5C0N,66,-0.146,-18.963,3.345
5C0N,22,-8.275,3.453,16.459
5C0N,113,5.271,-15.13,19.536
5C0N,90,6.538,-13.118,9.469
5C0N,63,-8.606,-21.894,9.173
5C0N,42,0.006,-22.004,16.095
5C0N,2,7.14,-25.364,12.365
5C0N,89,9.326,-14.465,8.804
5C0N,47,-2.254,-26.472,2.817
5C0N,7,1.152,-23.735,23.08
5C0N,83,-4.327,-11.996,3.646
5C0N,70,-9.395,-15.746,5.428
5C0N,8,3.429,-19.711,21.759
5C0N,48,-4.723,-25.873,6.554
5C0N,-7,13.416,-15.507,9.843
5C0N,31,-12.06,-4.757,29.666
5C0N,100,-12.041,0.572,8.289
5C0N,86,5.696,-16.112,5.369
5C0N,75,-13.634,-11.483,18.894
5C0N,105,4.123,-8.473,12.371
5C0N,34,-7.578,-6.75,28.67
5C0N,-2,11.411,-27.919,8.548
5C0N,67,-2.391,-16.162,0.185
5C0N,94,-4.277,-7.778,6.424
5C0N,26,-16.151,-1.176,23.306
5C0N,117,-1.312,-4.769,16.421
5C0N,62,-8.137,-18.687,12.139
5C0N,91,2.734,-14.948,10.282
5C0N,112,9.648,-14.548,23.574
5C0N,23,-10.691,-1.259,15.939
5C0N,55,-10.089,-16.906,26.868
5C0N,125,3.037,-5.082,21.773
5C0N,14,2.788,-3.042,25.602
5C0N,50,-4.865,-23.44,12.687
5C0N,29,-15.749,-5.35,25.316
5C0N,118,-1.068,-1.55,13.29
5C0N,11,4.044,-12.613,29.126
5C0N,68,-5.72,-17.456,0.286
5C0N,120,-5.005,5.516,11.54
5C0N,53,-7.447,-17.937,20.919
5C0N,12,3.232,-8.976,27.868
5C0N,98,-16.378,-1.19,6.852
5C0N,123,1.232,0.105,17.986
5C0N,56,-12.495,-16.076,29.871
5C0N,126,-0.601,-8.918,23.38
5C0N,17,-7.286,0.162,25.459
5C0N,129,6.32,-17.665,27.169
5C0N,61,-10.481,-21.889,15.055
5C0N,92,1.713,-10.701,7.965
5C0N,18,-4.943,2.543,22.905
5C0N,111,12.039,-17.162,24.104
5C0N,20,-9.149,-2.497,21.5
5C0N,59,-12.82,-19.567,22.689
5C0N,64,-4.716,-19.752,7.385
5C0N,97,-12.828,-3.428,9.118
5C0N,25,-13.826,-2.178,20.672
5C0N,114,6.058,-10.759,19.121
5C0N,85,1.727,-13.57,4.469
5C0N,76,-14.596,-7.705,17.965
5C0N,106,0.881,-13.367,14.367
5C0N,-1,9.386,-25.193,8.201
5C0N,37,-4.066,-13.895,31.089
5C0N,80,-13.104,-9.432,8.261
5C0N,73,-16.173,-13.496,12.497
5C0N,32,-13.398,-8.203,29.299
5C0N,-4,12.121,-23.416,13.444
5C0N,103,-1.716,-5.111,10.372
5C0N,44,0.248,-27.08,10.374
5C0N,4,5.374,-19.207,14.021
5C0N,109,12.397,-11.987,19.619
5C0N,38,-4.514,-15.012,25.919
5C0N,41,-3.12,-22.921,19.972
5C0N,131,4.003,-23.808,27.754
5C0N,1,6.223,-22.635,9.681
5C0N,79,-17.865,-9.855,8.229
5C0N,21,-9.858,3.471,21.626
5C0N,58,-14.597,-15.323,22.562
5C0N,110,13.623,-15.569,20.521
5C0N,93,-3.556,-10.965,9.811
5C0N,60,-11.099,-17.876,18.437
5C0N,19,-5.473,-2.385,18.154
5C0N,128,1.942,-14.446,23.285
5C0N,115,1.759,-9.96,18.477
5C0N,24,-14.197,-0.082,17.828
5C0N,96,-9.314,-5.099,4.178
5C0N,65,-4.738,-22.17,2.252
5C0N,122,-2.189,2.892,17.074
5C0N,13,0.326,-6.058,27.191
5C0N,99,-12.38,0.531,4.51
5C0N,52,-6.899,-23.151,19.17
5C0N,16,-5.022,-4.574,23.514
5C0N,127,4.806,-10.919,24.548
5C0N,57,-13.339,-12.122,25.396
5C0N,5,4.059,-24.853,15.808
5C0N,45,-2.737,-30.582,8.484
5C0N,78,-14.013,-6.805,13.464
5C0N,130,6.988,-22.307,23.201
5C0N,0,9.962,-20.591,7.498
5C0N,39,-3.365,-19.431,25.799
5C0N,40,-1.65,-18.201,20.545
5C0N,108,10.006,-16.467,17.216
5C0N,36,-7.48,-12.146,29.593
5C0N,107,7.852,-10.971,15.639
5C0N,77,-18.563,-9.823,16.07
5C0N,84,-2.235,-14.631,6.537
5C0N,102,-5.683,-4.038,10.796
5C0N,33,-10.198,-8.085,26.67
5C0N,-5,13.146,-20.065,13.564
5C0N,72,-11.99,-13.327,10.321
5C0N,81,-12.386,-10.424,3.569
