5SY8,20,-12.051,-10.872,26.398
5SY8,59,-0.383,-23.032,7.003
5SY8,106,7.987,-21.579,20.244
5SY8,92,-2.759,-15.555,31.879
5SY8,61,2.601,-18.496,11.306
5SY8,18,-13.688,-4.635,19.689
5SY8,147,-8.242,-2.811,33.79
5SY8,103,12.948,-19.276,13.626
5SY8,25,-8.029,-22.699,30.981
5SY8,142,1.786,-1.656,32.369
5SY8,97,0.657,-18.287,18.77
5SY8,64,5.602,-11.501,16.607
5SY8,134,5.587,-4.758,19.889
5SY8,12,-9.187,0.897,13.054
5SY8,98,4.023,-21.64,14.812
5SY8,53,-7.882,-16.899,11.444
5SY8,17,-16.944,-4.523,22.521
5SY8,131,6.686,-2.958,15.077
5SY8,148,-10.505,-4.775,30.383
5SY8,56,-2.945,-17.217,8.264
5SY8,109,1.716,-15.344,23.201
5SY8,123,-1.106,-4.702,6.555
5SY8,9,-4.676,2.942,12.91
5SY8,44,-16.812,-5.562,11.632
5SY8,79,-12.796,-12.25,1.29
5SY8,126,-1.406,-1.841,10.862
5SY8,38,-16.518,-9.243,19.188
5SY8,41,-21.458,-10.089,17.446
5SY8,37,-17.11,-12.668,19.117
5SY8,111,-0.578,-9.766,23.753
5SY8,76,-7.821,-13.53,7.193
5SY8,85,-10.733,-4.046,13.145
5SY8,129,0.185,0.905,15.908
5SY8,150,-6.688,0.558,32.741
5SY8,114,-7.759,-10.297,15.94
5SY8,32,-8.78,-17.208,17.367
5SY8,155,-4.773,0.604,22.892
5SY8,73,-0.51,-10.428,14.189
5SY8,80,-13.062,-14.042,4.543
5SY8,52,-11.549,-18.526,7.254
5SY8,13,-13.902,0.521,13.775
5SY8,99,8.209,-17.605,14.5
5SY8,135,9.041,-2.194,20.742
5SY8,108,5.895,-17.026,24.354
5SY8,57,-1.862,-19.228,12.511
5SY8,130,1.946,-3.476,15.784
5SY8,149,-11.577,-0.118,31.538
5SY8,16,-14.48,-1.887,26.951
5SY8,146,-3.632,-2.337,32.457
5SY8,60,0.668,-18.933,6.124
5SY8,93,-0.421,-19.051,31.566
5SY8,19,-10.533,-5.482,25.373
5SY8,107,6.113,-17.312,20.436
5SY8,21,-8.085,-9.989,30.434
5SY8,58,-2.687,-24.352,11.46
5SY8,65,9.627,-12.892,18.384
5SY8,96,3.019,-21.619,22.233
5SY8,143,-0.945,-4.338,28.351
5SY8,24,-5.418,-21.162,33.3
5SY8,102,10.464,-19.683,10.886
5SY8,128,5.954,1.496,10.989
5SY8,151,-6.136,-2.152,28.125
5SY8,84,-11.205,-1.9,9.075
5SY8,77,-8.427,-12.513,2.893
5SY8,110,0.962,-13.093,28.272
5SY8,36,-14.009,-12.928,16.834
5SY8,81,-13.289,-7.919,6.325
5SY8,72,0.072,-12.23,18.02
5SY8,7,-4.495,6.511,8.701
5SY8,154,-3.929,2.721,26.255
5SY8,33,-13.304,-19.381,18.277
5SY8,115,-5.575,-7.749,12.592
5SY8,45,-16.249,-10.074,10.412
5SY8,8,-5.821,2.732,9.132
5SY8,122,-4.658,-0.866,5.097
5SY8,39,-15.306,-8.452,15.364
5SY8,40,-18.82,-12.011,14.439
5SY8,127,2.401,-3.605,10.876
5SY8,78,-9.928,-8.98,2.713
5SY8,43,-20.188,-7.057,11.424
5SY8,124,1.932,-1.429,5.782
5SY8,88,-7.142,-6.99,22.256
5SY8,46,-17.454,-13.171,8.079
5SY8,119,-7.459,-3.036,1.821
5SY8,160,-3.842,8.461,17.885
5SY8,158,0.142,4.1,21.169
5SY8,121,-3.069,-2.045,-0.675
5SY8,82,-18.409,-7.428,6.646
5SY8,71,2.85,-10.735,20.224
5SY8,157,-4.454,7.02,23.157
5SY8,49,-12.724,-13.928,10.922
5SY8,30,-10.199,-21.256,22.664
5SY8,116,-9.699,-6.682,10.548
5SY8,152,-10.704,1.451,25.012
5SY8,87,-9.366,-7.795,18.854
5SY8,74,-4.136,-13.003,14.395
5SY8,113,-2.469,-7.072,18.909
5SY8,35,-10.547,-12.202,20.072
5SY8,66,8.538,-9.774,21.239
5SY8,95,-0.268,-19.549,24.309
5SY8,140,3.571,-4.454,25.973
5SY8,139,2.021,0.062,25.929
5SY8,27,-6.641,-22.698,23.044
5SY8,101,9.967,-16.319,10.575
5SY8,145,-0.964,-4.815,35.005
5SY8,63,4.404,-14.889,15.716
5SY8,90,-4.51,-9.982,27.747
5SY8,104,12.359,-23.279,15.337
5SY8,22,-8.542,-14.976,27.73
5SY8,54,-7.854,-21.226,12.868
5SY8,133,3.403,-0.971,20.366
5SY8,15,-16.05,-0.742,18.922
5SY8,51,-12.531,-21.366,11.363
5SY8,28,-4.16,-21.036,18.934
5SY8,10,-7.762,6.441,12.026
5SY8,69,5.581,-9.435,25.873
5SY8,136,6.763,0.282,24.332
5SY8,117,-7.526,-5.362,7.521
5SY8,48,-16.724,-18.011,8.731
5SY8,31,-7.43,-17.197,21.798
5SY8,156,-9.119,5.401,21.509
5SY8,70,4.541,-11.913,23.417
5SY8,83,-16.485,-2.606,9.039
5SY8,34,-12.899,-14.955,21.626
5SY8,112,-3.568,-11.313,20.892
5SY8,75,-4.095,-11.878,9.632
5SY8,86,-8.538,-4.25,16.695
5SY8,153,-7.929,3.943,27.308
5SY8,89,-5.73,-10.144,24.126
5SY8,125,-0.545,1.713,8.672
5SY8,42,-20.23,-5.549,15.833
5SY8,159,-4.831,4.027,17.72
5SY8,120,-4.285,-7.981,2.658
5SY8,118,-10.421,-4.849,3.956
5SY8,47,-19.69,-15.931,10.317
5SY8,14,-10.252,-0.281,19.961
5SY8,132,5.778,1.766,17.933
5SY8,55,-6.904,-22.353,8.437
5SY8,137,10.085,-2.911,26.862
5SY8,11,-10.25,3.904,11.001
5SY8,68,9.227,-9.179,27.601
5SY8,50,-12.378,-17.876,13.151
5SY8,29,-8.379,-22.522,18.275
5SY8,100,6.576,-15.544,11.602
5SY8,26,-6.969,-20.651,26.593
5SY8,141,5.736,-4.517,31.256
5SY8,138,6.289,-0.237,29.244
5SY8,94,1.993,-18.394,28.287
5SY8,67,11.681,-10.297,24.593
5SY8,23,-8.786,-17.819,30.736
5SY8,105,11.909,-21.996,18.969
5SY8,91,-3.053,-14.428,27.392
5SY8,62,0.943,-14.689,13.474
5SY8,144,0.646,-7.926,31.466
