317P.txt,-18.172,7.764,17.612
311P.txt,-20.3,-1.492,3.419
375P.txt,-8.867,-10.015,12.744
377P.txt,-14.404,-12.967,11.855
373P.txt,-7.933,-2.851,18.739
366P.txt,-28.59,1.91,12.316
370P.txt,-16.303,-1.165,20.583
364P.txt,-32.763,-0.657,7.2
359P.txt,-39.12,-1.867,13.19
354P.txt,-29.954,-0.317,22.305
368P.txt,-23.133,1.465,16.645
341P.txt,-11.683,-12.951,18.061
355P.txt,-30.963,-4.723,22.779
343P.txt,-9.294,-17.623,17.848
357P.txt,-35.813,-4.709,18.517
342P.txt,-8.688,-14.626,14.834
395P.txt,-3.493,-0.72,17.615
352P.txt,-21.906,0.619,21.567
353P.txt,-26.505,-0.378,19.52
390P.txt,-13.16,-9.554,8.093
384P.txt,-27.804,-21.526,7.06
392P.txt,-7.786,-5.347,10.689
351P.txt,-23.692,-5.095,20.653
