100P.txt,21.178,-25.334,0.78
101P.txt,22.464,-21.93,0.082
14P.txt,25.775,-23.318,9.35
103P.txt,18.041,-19.861,-0.937
102P.txt,20.72,-21.799,-2.729
13P.txt,24.215,-25.314,5.495
10P.txt,21.259,-17.41,1.848
104P.txt,16.016,-23.618,-0.711
49P.txt,8.519,-14.518,25.248
58P.txt,15.718,-15.064,17.699
67P.txt,11.116,-27.111,23.728
66P.txt,13.701,-26.074,21.353
57P.txt,16.955,-19.261,18.462
142P.txt,9.408,-7.631,7.188
81P.txt,-12.912,-17.823,25.395
157P.txt,14.339,-11.729,6.772
56P.txt,18.61,-20.079,21.825
141P.txt,6.752,-5.26,9.667
155P.txt,18.861,-10.779,11.373
154P.txt,23.252,-13.198,9.21
55P.txt,14.892,-20.551,23.169
150P.txt,19.735,-14.846,14.628
151P.txt,22.329,-17.392,12.355
52P.txt,8.174,-19.605,28.473
153P.txt,24.141,-12.596,13.439
152P.txt,25.432,-15.7,13.584
