114P.txt,-6.894,39.407,-8.575
100P.txt,9.309,37.457,-5.156
101P.txt,6.9,40.715,-6.537
103P.txt,4.028,33.901,-1.951
116P.txt,-12.416,36.389,-9.248
102P.txt,5.276,37.342,-3.448
106P.txt,11.308,25.47,-0.852
107P.txt,12.245,28.28,-5.236
105P.txt,7.844,27.038,0.057
104P.txt,10.831,32.15,-2.066
149P.txt,-8.204,28.444,0.893
99P.txt,12.842,39.393,-6.57
143P.txt,3.805,30.06,4.116
141P.txt,1.158,20.503,4.584
140P.txt,-2.352,20.836,1.789
183P.txt,11.175,28.228,-10.719
145P.txt,-3.106,26.803,2.63
184P.txt,13.864,31.83,-8.688
147P.txt,-1.373,33.729,1.58
146P.txt,-3.763,30.548,4.806
109P.txt,7.366,32.604,-7.18
