101P.txt,-10.878,35.44,18.728
76P.txt,-12.874,44.163,7.679
49P.txt,-11.824,34.59,3.249
61P.txt,13.901,22.683,12.185
60P.txt,14.691,23.886,7.999
48P.txt,-9.202,35.176,2.112
64P.txt,5.177,21.015,14.137
70P.txt,-11.305,26.653,8.777
65P.txt,5.962,19.09,7.284
73P.txt,-15.001,36.037,11.327
99P.txt,-10.276,27.641,17.629
72P.txt,-13.55,30.85,10.446
5P.txt,-5.742,27.77,27.185
43P.txt,-4.109,29.454,-1.174
42P.txt,0.356,26.783,-0.185
68P.txt,-3.848,22.427,6.56
97P.txt,-10.449,22.099,16.16
55P.txt,0.275,24.361,3.343
45P.txt,-10.269,26.738,-0.661
51P.txt,-13.156,29.381,3.802
3P.txt,-9.449,22.564,27.413
50P.txt,-14.506,33.646,4.912
44P.txt,-5.28,25.102,-0.466
46P.txt,-9.752,30.845,-1.842
47P.txt,-10.369,34.646,-2.483
108P.txt,-5.154,55.38,25.023
24P.txt,-5.784,41.771,5.822
