305P.txt,48.281,9.943,169.851
347P.txt,24.065,10.323,155.214
348P.txt,22.412,12.983,158.865
350P.txt,20.698,16.2,162.723
353P.txt,25.041,8.049,161.783
354P.txt,28.258,6.162,161.358
307.txt,40.535,13.921,169.719
340.txt,42.418,10.861,167.299
342.txt,38.684,13.717,163.786
343.txt,37.179,10.733,160.762
344.txt,32.619,10.448,160.111
347.txt,24.065,10.323,155.214
348.txt,22.412,12.983,158.865
350.txt,20.698,16.2,162.723
351.txt,22.844,12.144,163.322
352.txt,27.258,12.605,162.718
353.txt,25.041,8.049,161.783
354.txt,28.258,6.162,161.358
