38P.txt,-41.189,83.094,13.513
39P.txt,-36.906,80.911,14.575
62P.txt,-26.198,55.291,23.758
63P.txt,-24.179,56.347,19.648
60P.txt,-24.668,60.876,22.398
58P.txt,-30.019,58.676,26.503
59P.txt,-29.78,59.65,22.369
65P.txt,-22.711,51.875,25.288
67P.txt,-20.278,51.621,19.575
66P.txt,-24.445,50.221,21.672
57P.txt,-25.906,65.588,26.22
43P.txt,-38.454,77.745,19.648
42P.txt,-38.518,75.347,15.947
54P.txt,-31.257,65.506,28.443
82P.txt,-5.015,34.409,15.15
55P.txt,-34.668,63.611,25.227
41P.txt,-41.907,76.672,14.122
51P.txt,-36.516,68.294,27.679
79P.txt,-8.104,38.584,18.191
78P.txt,-11.395,40.028,13.172
44P.txt,-37.687,74.1,23.613
52P.txt,-32.65,68.569,24.797
53P.txt,-28.382,70.109,27.586
34P.txt,-31.728,95.768,14.705
35P.txt,-38.212,94.238,12.921
37P.txt,-37.051,86.077,12.076
36P.txt,-35.855,88.31,14.619
33P.txt,-31.623,93.554,10.718
