101P.txt,6.992,4.676,61.103
103P.txt,10.873,-0.528,62.443
117P.txt,25.194,-6.386,66.062
102P.txt,8.182,1.897,64.553
106P.txt,14.97,-2.645,60.951
113P.txt,22.089,-7.549,56.634
62P.txt,6.456,2.363,51.277
77P.txt,6.048,15.717,50.848
49P.txt,9.331,0.27,40.13
61P.txt,5.849,1.811,47.327
48P.txt,8.404,-2.636,42.94
70P.txt,3.89,2.077,41.517
71P.txt,2.479,3.079,45.494
65P.txt,7.752,11.398,44.035
73P.txt,2.293,4.855,50.092
67P.txt,6.808,9.392,38.779
72P.txt,3.031,6.232,45.408
68P.txt,9.086,5.936,37.669
69P.txt,6.578,4.463,41.457
45P.txt,15.545,-0.406,38.92
51P.txt,14.316,3.538,42.619
50P.txt,11.261,0.914,42.85
46P.txt,13.787,-2.524,43.545
47P.txt,11.295,-6.136,42.245
