114P.txt,7.25,-37.75,-75.764
115P.txt,9.439,-41.911,-70.506
75P.txt,3.0,-43.841,-69.514
74P.txt,5.42,-46.832,-66.392
48P.txt,3.265,9.548,-55.049
9P.txt,-14.231,-31.289,-56.17
99P.txt,2.879,2.599,-67.243
8P.txt,-15.178,-27.381,-54.972
43P.txt,2.344,9.971,-60.602
94P.txt,16.585,6.407,-70.847
95P.txt,17.169,10.991,-71.106
40P.txt,9.898,3.14,-57.156
97P.txt,9.817,7.87,-68.521
96P.txt,11.495,9.608,-71.785
45P.txt,-3.15,14.931,-61.079
92P.txt,14.315,4.828,-67.215
93P.txt,13.817,4.154,-71.926
44P.txt,-2.253,10.127,-60.639
46P.txt,-2.516,14.261,-56.12
47P.txt,-0.667,10.647,-55.513
34P.txt,15.198,-5.301,-74.842
35P.txt,17.534,-5.64,-68.612
32P.txt,10.7,-4.597,-76.962
33P.txt,13.766,-8.393,-74.32
