201P.txt,15.192,-85.282,3.853
229P.txt,-4.922,-74.642,28.66
177P.txt,8.158,-73.551,5.528
176P.txt,9.586,-75.034,2.405
189P.txt,-3.315,-92.692,14.52
200P.txt,10.468,-87.013,1.444
202P.txt,12.68,-81.207,2.283
148P.txt,17.75,-90.738,11.609
175P.txt,12.967,-73.825,1.023
203P.txt,17.668,-82.509,1.125
164P.txt,-2.681,-86.524,28.534
204P.txt,16.4,-78.017,-0.349
210P.txt,9.704,-68.629,8.246
198P.txt,4.802,-91.838,5.53
205P.txt,17.881,-74.011,1.195
143P.txt,26.012,-85.158,8.106
194P.txt,3.532,-93.666,12.469
141P.txt,23.453,-79.065,5.855
140P.txt,21.603,-80.961,1.6
197P.txt,6.193,-94.44,8.213
187P.txt,-4.727,-87.29,19.782
193P.txt,7.274,-94.821,15.159
144P.txt,22.818,-88.219,6.646
145P.txt,23.697,-90.17,10.388
243P.txt,19.233,-68.92,4.141
244P.txt,16.139,-66.683,6.14
