114P.txt,-19.928,11.388,-51.669
116P.txt,-20.986,12.028,-46.372
117P.txt,-23.33,13.815,-49.448
33P.txt,-21.671,7.086,-41.216
60P.txt,-12.365,5.131,-55.627
64P.txt,-18.435,-1.097,-62.059
91P.txt,-16.221,4.838,-47.478
92P.txt,-16.848,8.612,-46.43
93P.txt,-15.747,12.334,-46.878
94P.txt,-15.412,8.609,-51.601
114.txt,-19.928,11.388,-51.669
117.txt,-23.33,13.815,-49.448
33.txt,-21.671,7.086,-41.216
59.txt,-15.323,2.247,-54.511
60.txt,-12.365,5.131,-55.627
62.txt,-12.031,-0.432,-56.266
88.txt,-16.104,-2.349,-47.135
91.txt,-16.221,4.838,-47.478
92.txt,-16.848,8.612,-46.43
93.txt,-15.747,12.334,-46.878
94.txt,-15.412,8.609,-51.601
95.txt,-16.106,8.715,-55.197
