1481P.txt,1.918,-12.216,-68.098
1468P.txt,17.058,-12.441,-56.216
1482P.txt,1.586,-9.565,-70.9
1469P.txt,16.744,-15.915,-54.605
1518P.txt,11.314,-38.886,-67.996
1484P.txt,6.217,-5.499,-67.896
1435P.txt,40.944,-28.114,-64.56
1557P.txt,4.35,-38.49,-76.834
1620P.txt,21.72,-28.691,-64.135
1556P.txt,5.776,-34.321,-79.762
1618P.txt,27.094,-32.357,-60.115
1547P.txt,4.407,-23.182,-82.256
1592P.txt,22.78,-7.277,-77.424
1431P.txt,42.311,-29.814,-73.327
1550P.txt,-2.36,-26.635,-86.503
1578P.txt,7.97,-42.904,-69.976
1549P.txt,0.457,-24.93,-88.133
1548P.txt,2.195,-26.628,-84.878
1577P.txt,3.876,-43.662,-71.943
1559P.txt,6.41,-43.959,-76.518
1489P.txt,13.644,-7.002,-67.748
1463P.txt,23.925,-9.684,-57.044
1474P.txt,6.984,-11.904,-59.315
1500P.txt,9.4,-5.855,-71.733
1504P.txt,11.816,-6.498,-80.349
1510P.txt,22.019,-21.657,-86.405
1470P.txt,13.362,-13.172,-53.373
1471P.txt,13.164,-11.333,-57.678
1459P.txt,28.428,-11.835,-69.765
