114P.txt,-20.404,9.502,14.125
100P.txt,-32.852,12.75,29.76
101P.txt,-27.147,14.391,27.288
116P.txt,-20.053,13.655,19.081
102P.txt,-28.889,16.411,23.503
38P.txt,-7.305,-1.951,23.669
89P.txt,-2.894,-3.245,28.379
88P.txt,-4.105,-0.48,29.603
75P.txt,-33.869,13.905,25.37
74P.txt,-35.385,14.922,21.94
71P.txt,-28.467,18.842,17.745
73P.txt,-35.715,18.439,18.244
66P.txt,-24.457,17.264,2.995
83P.txt,-10.998,4.132,31.601
69P.txt,-23.6,17.219,11.949
86P.txt,-5.32,3.346,33.38
91P.txt,-8.54,-6.078,33.99
85P.txt,-6.767,4.299,36.264
90P.txt,-7.461,-6.583,29.983
37P.txt,-8.629,-5.101,22.771
122P.txt,-19.143,15.415,31.854
123P.txt,-16.059,16.258,33.689
118P.txt,-16.855,14.477,22.583
119P.txt,-20.77,15.423,23.806
