504P.txt,54.882,13.35,47.256
464P.txt,48.114,11.122,39.789
465P.txt,49.912,9.562,43.844
539P.txt,48.092,2.794,37.239
507P.txt,48.74,15.095,38.461
498P.txt,58.063,10.818,51.463
467P.txt,54.095,7.27,46.111
499P.txt,56.874,11.225,55.819
506P.txt,49.683,14.794,43.963
463P.txt,44.247,12.27,39.629
449P.txt,38.231,9.846,39.445
461P.txt,39.105,15.827,37.891
448P.txt,42.708,8.142,41.978
545P.txt,33.415,2.05,37.439
451P.txt,33.249,12.089,41.862
444P.txt,54.341,3.785,44.093
450P.txt,36.348,13.094,40.208
493P.txt,53.262,18.551,42.074
491P.txt,48.967,20.263,36.932
446P.txt,48.881,4.8,43.259
452P.txt,28.738,13.904,38.834
453P.txt,30.857,18.587,43.543
447P.txt,44.699,6.835,39.338
494P.txt,57.153,20.668,42.4
508P.txt,44.111,19.037,38.294
497P.txt,60.873,13.953,51.155
468P.txt,57.681,5.936,47.224
454P.txt,27.431,19.326,41.814
496P.txt,56.144,17.855,49.095
