510P.txt,38.696,64.414,60.302
538P.txt,27.597,76.458,46.31
539P.txt,30.314,78.778,46.884
511P.txt,34.825,60.958,62.714
513P.txt,28.746,67.406,60.563
502P.txt,24.849,73.478,54.713
528P.txt,32.984,84.694,59.814
573P.txt,8.671,93.626,63.615
549P.txt,38.182,79.212,68.473
414P.txt,7.8,102.603,56.654
560P.txt,22.614,82.067,44.706
548P.txt,40.721,78.859,72.492
588P.txt,-1.339,109.992,68.093
591P.txt,-5.135,119.78,64.515
546P.txt,41.906,77.538,67.538
553P.txt,38.761,72.631,59.694
547P.txt,42.951,75.173,70.038
590P.txt,-2.744,115.688,67.394
544P.txt,42.097,75.69,60.784
540P.txt,33.57,74.772,51.073
542P.txt,38.388,75.659,54.112
531P.txt,30.538,86.121,51.997
532P.txt,28.146,89.911,51.857
533P.txt,27.593,88.695,48.303
537P.txt,25.081,78.316,43.714
495P.txt,25.243,91.596,42.5
536P.txt,29.288,81.228,41.898
535P.txt,31.524,85.592,42.535
509P.txt,37.318,63.747,64.572
