303P.txt,11.255,13.753,34.242
317P.txt,47.828,-0.075,36.867
329P.txt,39.285,-11.232,32.651
260P.txt,40.327,21.364,51.523
258P.txt,40.958,21.979,58.057
338P.txt,37.428,-5.699,33.622
299P.txt,4.574,15.715,42.025
349P.txt,16.367,16.953,44.942
362P.txt,14.422,14.916,49.314
363P.txt,17.934,13.679,48.515
359P.txt,4.147,14.837,51.573
257P.txt,44.683,20.928,59.713
323P.txt,56.483,-0.951,35.639
322P.txt,58.46,2.297,34.085
295P.txt,6.804,4.737,39.433
297P.txt,4.473,7.497,44.138
254P.txt,49.79,17.98,67.969
320P.txt,56.115,1.312,39.534
255P.txt,49.324,20.568,63.781
319P.txt,52.577,0.452,39.419
324P.txt,52.805,-0.44,33.852
318P.txt,50.886,2.534,36.982
252P.txt,55.762,16.219,69.449
327P.txt,43.832,-6.199,34.826
253P.txt,55.188,20.571,66.217
