103P.txt,123.165,128.881,103.881
104P.txt,123.961,130.622,108.826
107P.txt,122.043,132.395,112.654
188P.txt,123.468,122.797,82.635
198P.txt,124.275,129.696,81.316
214P.txt,127.595,132.707,91.904
216P.txt,125.394,125.83,93.267
221P.txt,120.616,113.959,97.221
222P.txt,115.291,112.529,92.797
225P.txt,111.484,114.332,93.746
234P.txt,119.686,135.95,106.932
238P.txt,119.178,148.803,110.562
29P.txt,132.462,124.556,155.524
30P.txt,132.817,122.044,159.784
391P.txt,118.667,134.544,131.981
403P.txt,128.79,122.314,113.679
405P.txt,136.813,127.55,115.922
406P.txt,131.179,128.276,116.468
409P.txt,133.158,128.547,121.847
412P.txt,134.693,125.435,127.413
413P.txt,130.355,129.05,127.1
415P.txt,130.35,122.885,130.67
419P.txt,131.069,123.455,136.229
420P.txt,131.802,128.564,137.432
421P.txt,125.835,129.62,138.974
423P.txt,132.387,126.049,143.711
424P.txt,128.698,129.038,142.985
431P.txt,129.318,129.094,153.39
434P.txt,128.756,125.769,159.383
438P.txt,127.309,127.966,164.016
445P.txt,125.529,128.959,173.627
449P.txt,125.753,132.778,178.525
453P.txt,125.17,137.344,181.31
456P.txt,124.812,138.763,189.837
500P.txt,129.442,129.323,198.917
82P.txt,101.293,132.798,114.903
271.txt,108.893,116.158,122.459
273.txt,102.648,117.437,126.193
50.txt,102.107,117.806,131.186
59.txt,103.324,129.044,118.563
60.txt,102.63,123.794,119.455
62.txt,101.518,120.856,115.304
63.txt,104.129,119.336,111.995
74.txt,102.285,124.057,102.416
75.txt,103.051,121.467,106.71
78.txt,98.322,126.799,111.043
79.txt,102.306,127.909,112.615
82.txt,101.293,132.798,114.903
90.txt,106.766,119.661,119.57
92.txt,105.495,114.984,115.412
94.txt,107.104,116.858,108.308
