106P.txt,-7.19,50.788,20.635
127P.txt,-5.299,17.846,29.85
136P.txt,1.316,29.361,20.248
2P.txt,-13.175,22.656,25.302
20P.txt,-4.234,47.089,6.716
3P.txt,-9.449,22.564,27.413
43P.txt,-4.109,29.454,-1.174
44P.txt,-5.28,25.102,-0.466
45P.txt,-10.269,26.738,-0.661
46P.txt,-9.752,30.845,-1.842
47P.txt,-10.369,34.646,-2.483
48P.txt,-9.202,35.176,2.112
49P.txt,-11.824,34.59,3.249
50P.txt,-14.506,33.646,4.912
53P.txt,-8.009,26.436,3.346
60P.txt,14.691,23.886,7.999
61P.txt,13.901,22.683,12.185
62P.txt,10.357,22.764,12.503
63P.txt,8.829,21.401,15.345
64P.txt,5.177,21.015,14.137
65P.txt,5.962,19.09,7.284
76P.txt,-12.874,44.163,7.679
79P.txt,-10.001,46.156,13.729
81P.txt,-8.398,36.387,11.625
87P.txt,-4.358,19.065,8.419
89P.txt,0.907,19.268,13.591
93P.txt,-3.807,11.465,19.249
42.txt,0.356,26.783,-0.185
43.txt,-4.109,29.454,-1.174
44.txt,-5.28,25.102,-0.466
45.txt,-10.269,26.738,-0.661
46.txt,-9.752,30.845,-1.842
47.txt,-10.369,34.646,-2.483
48.txt,-9.202,35.176,2.112
49.txt,-11.824,34.59,3.249
50.txt,-14.506,33.646,4.912
51.txt,-13.156,29.381,3.802
53.txt,-8.009,26.436,3.346
70.txt,-11.305,26.653,8.777
72.txt,-13.55,30.85,10.446
76.txt,-12.874,44.163,7.679
87.txt,-4.358,19.065,8.419
97.txt,-10.449,22.099,16.16
