100P.txt,44.725,12.679,12.87
101P.txt,41.353,17.04,9.371
102P.txt,39.959,19.08,11.782
114P.txt,26.114,17.836,8.079
119P.txt,37.116,18.331,4.324
12P.txt,25.487,8.367,7.764
121P.txt,35.153,15.713,-1.799
122P.txt,42.807,13.723,-3.351
123P.txt,40.803,16.844,-6.128
37P.txt,20.641,1.422,-2.034
40P.txt,27.249,7.727,-0.145
41P.txt,30.416,9.039,-4.186
5P.txt,17.708,15.199,11.817
68P.txt,25.953,27.116,9.029
8P.txt,20.008,9.054,10.844
82P.txt,36.465,7.894,-2.411
84P.txt,36.626,2.63,-8.2
85P.txt,33.178,3.496,-10.473
86P.txt,29.863,3.806,-12.172
87P.txt,27.251,1.95,-10.45
88P.txt,24.7,3.7,-8.629
89P.txt,21.815,1.306,-7.873
95P.txt,39.802,3.56,-3.878
97P.txt,41.576,7.16,2.89
34.txt,22.746,1.517,4.47
35.txt,25.07,3.915,3.033
36.txt,24.477,0.177,-0.426
37.txt,20.641,1.422,-2.034
38.txt,21.96,4.381,-3.563
39.txt,26.095,3.6,-3.844
40.txt,27.249,7.727,-0.145
41.txt,30.416,9.039,-4.186
83.txt,32.364,4.643,-5.299
85.txt,33.178,3.496,-10.473
86.txt,29.863,3.806,-12.172
87.txt,27.251,1.95,-10.45
88.txt,24.7,3.7,-8.629
89.txt,21.815,1.306,-7.873
90.txt,24.612,-2.715,-5.795
91.txt,28.161,-4.32,-6.684
93.txt,33.396,-1.741,-5.312
