104P.txt,2.921,-7.263,34.751
105P.txt,2.844,-9.489,38.432
106P.txt,3.59,-13.887,35.894
124P.txt,-1.105,-19.405,30.606
128P.txt,-2.172,-22.511,18.811
134P.txt,-1.125,-32.04,15.883
135P.txt,-0.085,-28.232,14.69
168P.txt,-0.844,-22.742,6.916
169P.txt,-2.389,-23.995,10.04
170P.txt,-7.375,-21.748,8.211
179P.txt,-6.342,-14.037,11.609
181P.txt,-2.442,-17.472,13.686
196P.txt,-5.216,-18.776,20.162
197P.txt,-2.768,-14.642,22.07
199P.txt,-1.439,-9.575,21.416
202P.txt,-2.466,-4.636,28.164
207P.txt,-1.057,4.632,33.939
208P.txt,-2.525,-1.284,34.174
209P.txt,-5.883,1.098,34.606
216P.txt,-4.351,-7.672,39.874
217P.txt,-7.901,-7.702,37.551
218P.txt,-5.458,-6.537,34.811
219P.txt,-3.509,-10.407,30.749
335P.txt,-2.505,5.343,14.67
472P.txt,19.563,24.918,-10.516
473P.txt,24.657,20.441,-12.403
474P.txt,23.033,18.1,-9.332
82P.txt,-13.096,-13.695,11.335
83P.txt,-16.738,-14.495,10.656
84P.txt,-18.691,-10.428,9.794
86P.txt,-12.777,-5.282,10.73
87P.txt,-10.419,-9.477,14.532
88P.txt,-4.798,-4.483,14.567
427.txt,46.86,8.527,1.211
428.txt,47.515,8.741,-3.082
431.txt,43.101,13.499,-6.736
432.txt,43.625,15.014,-2.113
433.txt,43.398,18.487,-2.925
434.txt,45.263,18.028,0.692
435.txt,48.073,15.593,2.72
436.txt,45.064,12.991,3.301
437.txt,42.23,12.935,8.542
450.txt,38.514,16.841,4.922
451.txt,40.207,19.326,1.023
452.txt,36.6,18.676,-1.098
