113P.txt,13.979,18.198,60.34
114P.txt,14.129,16.526,63.763
141P.txt,28.809,4.556,69.227
144P.txt,19.521,9.669,67.45
145P.txt,18.538,5.824,68.749
146P.txt,15.737,7.948,72.427
147P.txt,13.529,2.565,71.762
148P.txt,18.154,-1.966,72.377
149P.txt,13.607,-3.626,71.548
150P.txt,15.917,-7.532,72.51
155P.txt,10.571,-13.927,71.861
162P.txt,4.592,-13.332,71.424
2P.txt,20.871,10.711,59.545
28P.txt,11.268,8.448,68.188
29P.txt,9.804,5.832,72.539
35P.txt,2.55,-5.9,69.922
4P.txt,27.293,7.827,58.297
40P.txt,7.253,-3.633,67.203
6P.txt,27.114,2.345,53.853
71P.txt,7.282,-4.557,51.401
75P.txt,17.327,-0.515,42.028
76P.txt,19.105,3.1,44.288
77P.txt,22.156,5.839,41.427
78P.txt,23.407,3.828,46.319
79P.txt,24.454,-0.323,45.999
8P.txt,32.242,-0.14,50.662
125.txt,19.984,-18.138,63.407
126.txt,17.177,-18.932,66.199
127.txt,21.237,-18.381,67.643
154.txt,11.395,-18.498,72.512
156.txt,13.305,-15.163,67.519
157.txt,10.925,-19.743,66.327
158.txt,6.755,-17.504,68.514
162.txt,4.592,-13.332,71.424
19.txt,18.125,-12.604,57.435
20.txt,15.298,-15.246,62.69
43.txt,12.229,-9.795,59.1
44.txt,9.553,-14.075,56.891
45.txt,11.704,-14.225,53.261
47.txt,11.987,-12.83,48.094
57.txt,8.314,-11.504,53.386
59.txt,5.771,-10.989,60.665
65.txt,-4.16,-10.168,64.007
66.txt,0.153,-11.357,63.372
67.txt,0.249,-9.592,59.968
68.txt,1.912,-12.138,57.411
70.txt,4.482,-8.704,49.988
