-2P.txt,104.076,36.391,8.364
-3P.txt,106.254,32.742,11.623
-4P.txt,109.613,33.931,12.713
-5P.txt,112.149,30.767,10.327
-6P.txt,113.434,28.217,13.911
-7P.txt,116.058,27.398,11.655
0P.txt,101.737,35.204,16.091
110P.txt,74.385,13.149,-0.491
111P.txt,77.703,13.77,2.266
113P.txt,74.347,19.203,-0.212
144P.txt,107.154,31.153,7.156
157P.txt,75.34,25.62,20.526
158P.txt,75.348,32.166,20.565
159P.txt,70.641,32.887,23.78
160P.txt,73.337,32.838,16.101
162P.txt,79.211,31.595,15.535
164P.txt,87.123,31.293,15.004
17P.txt,84.866,31.676,2.645
172P.txt,95.956,30.442,24.853
173P.txt,91.643,35.996,24.193
174P.txt,88.725,33.413,21.828
178P.txt,94.536,23.252,32.672
243P.txt,68.536,3.598,13.679
278P.txt,64.941,18.935,17.399
287P.txt,75.975,7.408,16.277
3P.txt,91.58,34.756,13.998
5P.txt,82.981,32.652,10.402
51P.txt,71.667,17.291,-7.949
7P.txt,79.394,27.652,9.543
92P.txt,92.098,35.083,4.955
93P.txt,95.685,36.639,5.898
199.txt,77.874,7.386,32.272
200.txt,79.352,8.901,35.568
201.txt,80.992,7.385,38.69
232.txt,72.425,5.268,25.173
233.txt,70.802,1.26,28.11
234.txt,71.936,5.195,31.254
235.txt,70.614,8.138,28.774
236.txt,67.017,5.802,28.785
237.txt,67.166,5.889,25.44
248.txt,60.946,12.969,28.056
250.txt,61.765,15.993,31.192
251.txt,63.892,12.142,31.524
253.txt,67.771,17.432,34.31
254.txt,68.232,13.325,35.504
256.txt,74.47,11.382,33.997
257.txt,78.079,14.246,33.333
270.txt,76.398,18.125,30.542
272.txt,72.702,21.2,28.774
