10P.txt,10.436,-36.168,-48.063
103P.txt,35.357,-22.939,-15.368
108P.txt,42.036,-24.819,-12.216
110P.txt,47.794,-26.382,-12.822
115P.txt,40.784,-33.19,-12.55
12P.txt,14.653,-31.148,-47.057
123P.txt,32.74,-42.347,-18.582
143P.txt,4.657,-39.872,-17.844
169P.txt,0.441,-36.017,-31.356
179P.txt,5.712,-29.539,-16.532
198P.txt,28.587,-16.1,-17.217
199P.txt,30.66,-17.438,-13.769
205P.txt,37.763,-11.28,-20.494
257P.txt,0.52,-27.878,-21.609
258P.txt,1.614,-24.053,-20.194
263P.txt,-3.678,-21.322,-31.986
264P.txt,-3.722,-25.894,-31.182
267P.txt,1.007,-29.197,-39.655
270P.txt,5.087,-28.329,-36.217
272P.txt,10.005,-24.829,-39.562
29P.txt,38.484,-40.332,-41.831
290P.txt,34.939,-19.94,-39.36
296P.txt,40.757,-24.53,-41.752
300P.txt,42.666,-28.177,-47.618
303P.txt,38.618,-34.064,-49.256
304P.txt,43.288,-31.886,-51.401
33P.txt,44.176,-39.131,-39.175
67P.txt,4.767,-37.776,-40.355
68P.txt,2.589,-40.252,-42.146
75P.txt,7.048,-51.377,-26.19
8P.txt,9.323,-30.894,-50.521
9P.txt,9.376,-32.808,-44.549
102.txt,37.564,-25.453,-22.406
110.txt,47.794,-26.382,-12.822
113.txt,46.089,-31.911,-16.892
216.txt,56.637,-10.521,-17.117
217.txt,56.611,-10.221,-21.046
221.txt,50.393,-17.099,-21.22
222.txt,49.055,-12.236,-22.745
223.txt,48.91,-17.29,-26.61
224.txt,47.856,-20.264,-24.06
227.txt,45.337,-20.343,-28.312
228.txt,42.308,-22.379,-23.889
231.txt,37.815,-22.769,-27.438
292.txt,39.106,-25.091,-35.197
293.txt,43.589,-21.743,-37.172
294.txt,44.198,-28.197,-36.659
297.txt,44.57,-27.335,-41.898
298.txt,42.325,-32.178,-41.036
301.txt,44.307,-34.215,-45.298
33.txt,44.176,-39.131,-39.175
34.txt,45.305,-35.361,-36.348
35.txt,47.099,-36.842,-32.942
36.txt,47.36,-32.946,-33.064
37.txt,42.369,-33.213,-33.077
39.txt,42.011,-33.446,-27.156
41.txt,38.149,-31.804,-25.126
42.txt,37.825,-33.484,-28.968
