119P.txt,39.867,-13.222,51.494
120P.txt,41.14,-14.697,47.947
122P.txt,41.194,-15.433,41.96
198P.txt,46.01,-13.954,36.847
199P.txt,45.5,-11.934,39.376
200P.txt,46.36,-13.246,43.365
201P.txt,44.195,-9.784,45.218
202P.txt,45.88,-12.204,49.224
203P.txt,41.791,-8.305,50.75
220P.txt,19.189,15.548,36.238
221P.txt,18.387,19.238,35.309
246P.txt,12.998,13.511,39.985
327P.txt,29.731,-24.902,55.083
365P.txt,22.068,-28.318,31.459
368P.txt,29.005,-22.284,36.474
369P.txt,27.273,-24.204,40.998
370P.txt,26.947,-19.729,40.367
423P.txt,34.793,-20.635,46.836
425P.txt,31.992,-17.936,40.103
434P.txt,37.913,-17.242,49.554
44P.txt,9.543,19.212,24.028
45P.txt,9.156,14.681,25.535
492P.txt,13.168,21.671,24.464
53P.txt,20.279,11.791,41.501
71P.txt,25.075,7.659,53.616
72P.txt,28.788,7.923,52.299
73P.txt,26.059,8.029,47.321
75P.txt,20.271,12.132,48.189
76P.txt,17.738,12.669,50.752
82P.txt,6.069,16.626,41.527
84P.txt,3.144,14.999,35.39
87P.txt,-3.916,14.094,27.891
122.txt,41.194,-15.433,41.96
124.txt,43.531,-12.186,35.436
278.txt,11.859,-16.535,18.458
279.txt,16.454,-16.038,20.404
280.txt,17.004,-19.984,22.301
281.txt,19.465,-17.016,23.758
282.txt,17.78,-13.479,24.06
365.txt,22.068,-28.318,31.459
366.txt,24.608,-26.605,32.902
367.txt,27.299,-25.075,34.488
368.txt,29.005,-22.284,36.474
370.txt,26.947,-19.729,40.367
371.txt,23.509,-20.659,36.689
425.txt,31.992,-17.936,40.103
427.txt,27.738,-9.73,40.46
429.txt,32.894,-11.283,35.867
431.txt,36.117,-14.354,38.779
432.txt,37.291,-16.777,40.686
455.txt,16.47,-20.761,29.569
456.txt,13.202,-21.47,24.207
457.txt,15.432,-25.96,25.298
458.txt,16.45,-25.786,21.538
459.txt,15.17,-27.833,18.905
460.txt,11.635,-27.742,19.401
462.txt,10.05,-30.236,14.254
469.txt,16.081,-26.083,31.157
473.txt,23.859,-14.228,35.553
474.txt,23.034,-10.841,33.201
476.txt,22.752,-5.928,33.389
480.txt,17.225,-5.498,32.147
