118P.txt,-20.637,18.706,-1.098
119P.txt,-24.923,18.867,-2.41
121P.txt,-29.495,16.908,-3.692
130P.txt,-52.101,16.614,10.433
348P.txt,-53.594,15.476,2.877
349P.txt,-50.513,19.886,6.361
350P.txt,-49.389,20.463,1.753
356P.txt,-35.552,19.595,-2.877
367P.txt,-38.166,21.528,-0.04
372P.txt,-43.495,28.28,3.12
374P.txt,-39.615,23.23,5.596
381P.txt,-37.533,4.918,8.069
384P.txt,-45.09,1.074,4.327
393P.txt,-50.729,2.072,3.541
394P.txt,-54.897,3.774,0.468
405P.txt,-49.255,10.235,-13.83
409P.txt,-41.803,13.746,-18.891
412P.txt,-38.794,12.798,-15.194
414P.txt,-40.99,5.465,-10.126
415P.txt,-34.146,5.548,-7.174
416P.txt,-37.859,3.34,-5.828
417P.txt,-40.16,1.536,-3.468
433P.txt,-38.342,9.037,-5.933
435P.txt,-33.597,9.242,-10.85
131.txt,-49.44,11.141,14.299
359.txt,-28.394,13.191,2.947
360.txt,-27.278,15.128,6.287
361.txt,-24.089,12.794,9.271
362.txt,-28.137,13.494,11.362
379.txt,-31.834,9.826,8.76
380.txt,-36.289,8.913,12.498
381.txt,-37.533,4.918,8.069
382.txt,-42.008,4.683,9.302
383.txt,-42.325,-0.053,8.231
386.txt,-46.778,0.763,11.004
388.txt,-50.472,3.532,11.747
422.txt,-41.537,10.692,12.289
