40P.txt,1.27,10.33,19.254
41P.txt,6.139,7.676,22.827
42P.txt,3.503,9.096,26.545
43P.txt,-0.186,7.92,24.552
44P.txt,1.319,4.358,23.825
45P.txt,3.087,3.598,27.111
46P.txt,-0.661,5.014,28.698
47P.txt,-2.915,2.877,25.537
48P.txt,1.016,-1.842,26.761
49P.txt,-0.616,-0.081,30.74
50P.txt,-4.723,0.474,29.863
51P.txt,-4.689,-2.693,26.972
52P.txt,-1.923,-5.135,30.143
53P.txt,-4.784,-3.06,33.564
54P.txt,-8.837,-3.774,30.492
55P.txt,-6.431,-8.169,29.81
56P.txt,-6.333,-8.364,34.237
57P.txt,-10.26,-6.365,34.645
58P.txt,-11.635,-9.353,31.585
59P.txt,-8.967,-14.806,31.514
60P.txt,-6.502,-12.742,34.521
61P.txt,-12.047,-12.292,37.196
71P.txt,3.509,-16.688,36.98
73P.txt,10.782,-16.158,37.467
77P.txt,9.949,-10.556,30.169
80P.txt,12.014,-7.824,26.707
81P.txt,9.336,-6.317,31.896
84P.txt,11.755,-1.464,25.296
85P.txt,12.302,0.984,27.94
88P.txt,11.601,4.391,24.104
