100P.txt,43.289,36.088,11.253
101P.txt,46.156,38.913,8.558
102P.txt,46.24,37.531,5.378
103P.txt,49.878,37.912,5.835
107P.txt,54.539,36.268,10.247
20P.txt,42.625,28.991,13.91
21P.txt,41.23,31.002,9.71
22P.txt,43.834,26.08,7.725
43P.txt,64.126,36.649,24.203
59P.txt,57.082,41.815,17.435
62P.txt,53.359,45.53,13.996
63P.txt,51.004,41.492,16.71
67P.txt,57.359,49.912,26.59
71P.txt,55.403,51.844,17.196
72P.txt,53.62,50.007,19.681
73P.txt,50.52,49.429,15.479
74P.txt,49.108,46.211,21.648
75P.txt,47.335,44.394,17.312
76P.txt,47.137,41.302,21.118
77P.txt,45.151,43.936,23.339
79P.txt,51.352,42.371,28.19
93P.txt,44.903,33.87,22.632
96P.txt,44.231,31.947,17.489
97P.txt,44.463,38.837,16.389
