100P.txt,-3.527,54.972,0.766
101P.txt,-6.132,55.496,5.025
102P.txt,-9.104,56.761,2.062
103P.txt,-10.882,60.609,2.066
104P.txt,-7.412,61.217,0.362
107P.txt,-5.493,64.119,5.403
122P.txt,-0.873,77.521,-10.878
123P.txt,0.899,76.386,-6.199
125P.txt,2.994,77.796,-14.959
126P.txt,7.611,77.05,-14.616
20P.txt,0.3,57.613,-5.33
21P.txt,-4.494,56.185,-4.555
22P.txt,-4.817,60.679,-8.64
23P.txt,-4.663,62.946,-5.585
5P.txt,6.56,76.886,-7.176
59P.txt,1.028,62.485,13.18
61P.txt,-0.784,58.726,17.897
62P.txt,-2.144,55.966,13.779
63P.txt,0.903,57.339,9.17
73P.txt,-0.14,52.305,14.366
74P.txt,6.195,53.405,12.657
75P.txt,2.364,52.632,9.666
96P.txt,3.261,57.117,-1.301
97P.txt,1.239,54.086,3.648
