113P.txt,324.77,-14.618,78.952
114P.txt,324.672,-16.112,85.205
115P.txt,328.476,-14.595,84.46
116P.txt,328.431,-13.018,90.893
117P.txt,328.519,-8.942,91.403
118P.txt,326.357,-8.629,88.208
119P.txt,322.862,-10.688,91.009
120P.txt,320.546,-7.03,91.264
122P.txt,318.732,-13.552,88.508
22P.txt,322.747,-3.842,71.384
33P.txt,327.615,0.922,73.539
35P.txt,324.214,-6.544,76.863
6P.txt,320.787,-0.485,96.808
76P.txt,325.358,-0.093,89.182
78P.txt,327.322,-4.155,92.106
79P.txt,330.641,-5.023,87.985
80P.txt,332.801,-3.358,85.532
81P.txt,328.791,0.547,83.696
82P.txt,333.815,-2.48,81.126
83P.txt,331.685,-5.854,78.332
84P.txt,335.45,-7.679,75.759
85P.txt,332.665,-6.69,72.975
86P.txt,332.958,-1.952,76.064
87P.txt,328.94,-4.367,75.13
89P.txt,327.428,-3.933,80.898
