128P.txt,18.272,14.165,12.645
129P.txt,20.447,11.219,15.328
131P.txt,16.208,9.875,13.867
132P.txt,17.247,6.654,9.14
133P.txt,14.805,9.34,5.005
139P.txt,0.836,12.086,0.396
140P.txt,-2.4,8.822,3.753
141P.txt,-6.893,9.017,1.563
145P.txt,-16.752,15.037,6.321
146P.txt,-15.79,18.334,6.519
147P.txt,-16.811,18.041,1.555
148P.txt,-12.778,23.238,4.101
150P.txt,-11.686,16.302,2.663
151P.txt,-12.206,21.484,-0.822
152P.txt,-6.856,22.578,3.246
154P.txt,-8.841,16.942,-1.519
155P.txt,-5.979,20.983,-3.286
156P.txt,-2.888,21.702,0.899
157P.txt,-1.302,16.352,-0.258
158P.txt,1.314,21.229,-2.272
159P.txt,1.664,22.848,2.104
162P.txt,6.264,11.781,0.799
185P.txt,11.554,14.197,14.102
