101P.txt,79.342,83.832,4.247
105P.txt,68.064,80.322,-2.676
108P.txt,67.568,75.007,-6.423
109P.txt,71.161,77.271,-7.012
110P.txt,73.452,77.784,-2.759
111P.txt,73.942,81.448,-6.228
112P.txt,77.776,81.21,-1.507
114P.txt,82.666,87.364,-0.696
115P.txt,84.523,86.09,2.883
34P.txt,62.424,84.523,-1.789
37P.txt,71.119,83.905,4.153
39P.txt,76.283,82.478,6.652
5P.txt,72.493,85.673,-9.377
52P.txt,72.019,80.276,10.099
55P.txt,65.802,84.224,5.589
57P.txt,62.674,88.218,3.984
58P.txt,62.122,89.645,0.423
6P.txt,75.738,89.483,-8.788
62P.txt,60.063,87.239,9.069
63P.txt,63.887,87.83,11.054
64P.txt,64.698,83.52,11.032
65P.txt,68.146,85.966,14.531
66P.txt,70.06,80.657,15.31
8P.txt,79.035,92.864,-4.973
