100P.txt,-30.925,-1.932,9.539
101P.txt,-35.296,-1.538,7.544
102P.txt,-36.072,-4.638,6.08
103P.txt,-35.954,-2.913,2.174
107P.txt,-33.622,1.73,-0.37
20P.txt,-23.693,-3.506,8.018
21P.txt,-27.341,-6.52,8.86
22P.txt,-24.644,-9.153,4.148
23P.txt,-26.012,-6.177,2.006
49P.txt,-39.755,17.991,-2.352
59P.txt,-34.684,11.427,1.09
61P.txt,-40.223,13.396,2.496
62P.txt,-39.332,8.879,5.757
63P.txt,-33.714,8.024,6.239
70P.txt,-42.606,19.391,5.021
71P.txt,-41.97,15.73,6.715
72P.txt,-38.794,15.578,8.015
73P.txt,-40.639,11.586,9.294
74P.txt,-34.166,13.446,11.003
75P.txt,-35.024,8.572,10.9
77P.txt,-31.046,12.28,14.249
78P.txt,-28.446,14.116,10.294
96P.txt,-24.397,1.345,8.759
97P.txt,-30.477,3.74,10.956
