111P.txt,-0.521,66.266,41.07
113P.txt,1.272,61.976,38.36
125P.txt,5.369,52.572,35.942
126P.txt,7.883,55.494,36.933
130P.txt,15.475,54.397,35.547
132P.txt,15.052,58.089,28.019
184P.txt,-0.52,63.727,45.99
188P.txt,6.361,59.261,47.924
20P.txt,-18.218,69.514,40.741
225P.txt,-0.929,59.286,50.388
23P.txt,-23.512,71.1,42.82
244P.txt,2.554,56.466,54.487
301P.txt,-9.364,61.96,46.305
303P.txt,-13.162,60.151,42.272
304P.txt,-15.313,62.07,39.568
308P.txt,-20.778,59.624,37.593
43P.txt,-21.338,78.071,47.29
45P.txt,-16.91,76.832,44.183
46P.txt,-12.632,71.284,42.974
47P.txt,-10.561,74.831,41.796
53P.txt,-5.852,70.604,43.062
55P.txt,-3.901,66.719,37.128
56P.txt,-0.65,68.124,34.784
59P.txt,4.615,71.555,29.323
63P.txt,6.951,59.595,29.196
64P.txt,2.13,61.01,28.089
65P.txt,0.493,57.115,26.907
74P.txt,4.678,66.569,28.461
93P.txt,-1.181,80.598,31.687
94P.txt,-2.647,76.354,33.446
98P.txt,-7.357,76.796,37.683
