109P.txt,-10.102,-6.796,0.377
110P.txt,-12.194,-10.91,2.47
111P.txt,-9.631,-9.767,4.842
149P.txt,-11.902,11.502,-5.633
150P.txt,-14.089,14.079,-9.349
29P.txt,-8.955,8.724,3.869
33P.txt,-4.96,10.064,0.821
35P.txt,-1.58,10.158,-7.058
40P.txt,-5.674,7.059,-6.504
55P.txt,-8.708,-8.806,-19.424
56P.txt,-9.32,-5.585,-16.1
58P.txt,-5.423,-1.236,-14.506
69P.txt,-1.137,-3.901,-13.49
70P.txt,-2.908,-7.368,-18.012
71P.txt,-6.459,-7.827,-13.622
72P.txt,-7.995,-11.823,-14.229
74P.txt,-12.212,-15.461,-11.686
83P.txt,-12.539,-13.985,-7.41
84P.txt,-9.401,-10.46,-8.017
85P.txt,-6.525,-15.081,-7.996
86P.txt,-5.164,-11.569,-5.906
87P.txt,-3.31,-11.536,-1.802
88P.txt,-6.028,-9.832,-0.175
89P.txt,-9.431,-13.132,-2.682
90P.txt,-9.897,-8.033,-3.987
92P.txt,-15.681,-6.892,-7.994
