100P.txt,-10.554,-16.886,-4.338
208P.txt,-7.802,-24.48,-3.516
209P.txt,-10.406,-27.614,1.79
215P.txt,-19.085,-23.824,-3.071
216P.txt,-20.381,-27.875,-0.027
217P.txt,-22.588,-24.994,4.005
220P.txt,-27.626,-23.458,3.131
222P.txt,-24.395,-17.665,6.657
242P.txt,-2.85,-33.674,13.639
246P.txt,-4.265,-40.405,18.34
247P.txt,-3.746,-42.11,12.812
248P.txt,-6.924,-39.945,13.245
249P.txt,-5.787,-38.038,8.513
251P.txt,-7.808,-34.171,5.009
252P.txt,-10.109,-36.097,7.616
253P.txt,-8.221,-33.728,13.026
255P.txt,-13.114,-31.775,7.139
256P.txt,-14.853,-34.26,12.912
257P.txt,-12.264,-29.634,14.688
259P.txt,-17.811,-30.174,7.062
260P.txt,-17.378,-28.786,14.222
263P.txt,-22.418,-26.574,11.457
264P.txt,-21.342,-26.033,15.898
265P.txt,-21.955,-20.553,13.2
266P.txt,-25.459,-21.834,11.217
267P.txt,-26.298,-20.387,15.205
98P.txt,-8.426,-9.795,-4.734
