101P.txt,3.408,28.625,15.684
102P.txt,0.91,31.501,17.391
103P.txt,3.636,36.921,17.637
104P.txt,-2.424,35.687,19.709
105P.txt,-2.738,36.715,24.077
106P.txt,-3.73,32.399,25.405
107P.txt,-2.85,31.131,20.508
109P.txt,-6.505,26.809,23.959
110P.txt,-8.15,28.138,20.435
34P.txt,8.258,41.119,27.268
35P.txt,4.624,41.369,23.597
37P.txt,-0.002,35.507,28.524
39P.txt,-2.393,27.317,28.06
51P.txt,-0.477,26.595,32.728
52P.txt,1.147,31.068,31.981
54P.txt,5.814,36.104,29.893
56P.txt,9.565,38.274,23.129
58P.txt,6.066,33.393,18.317
77P.txt,7.193,30.019,25.254
78P.txt,9.104,30.15,20.582
79P.txt,13.719,32.496,22.858
80P.txt,12.864,37.882,19.125
