100P.txt,79.878,41.29,7.723
101P.txt,79.497,43.895,10.103
102P.txt,74.682,43.597,9.64
103P.txt,71.853,38.848,10.585
105P.txt,67.019,35.892,7.589
106P.txt,63.124,37.498,7.927
107P.txt,60.614,39.598,2.39
109P.txt,59.183,44.609,10.452
110P.txt,63.889,44.354,11.574
111P.txt,63.965,49.351,12.895
112P.txt,67.8,46.832,14.091
114P.txt,70.526,41.247,13.474
115P.txt,75.2,42.894,16.519
117P.txt,77.841,35.741,15.473
118P.txt,81.673,37.704,14.719
125P.txt,83.961,30.858,10.123
134P.txt,74.601,34.524,11.289
139P.txt,83.484,22.876,17.314
85P.txt,67.384,44.511,2.915
86P.txt,66.834,47.977,7.71
95P.txt,67.99,50.105,4.371
