126P.txt,19.79,-104.604,11.228
127P.txt,20.24,-100.986,7.941
128P.txt,17.369,-97.476,9.567
129P.txt,15.492,-98.913,4.91
130P.txt,13.032,-94.559,4.774
132P.txt,7.207,-93.875,-0.081
153P.txt,1.834,-100.684,-7.429
154P.txt,7.628,-97.797,-8.021
155P.txt,7.583,-99.858,-2.251
156P.txt,10.676,-94.238,-4.555
160P.txt,22.608,-94.023,6.257
172P.txt,22.4,-94.034,-0.73
173P.txt,18.539,-92.63,-3.313
174P.txt,17.152,-96.973,-3.404
175P.txt,14.203,-97.258,-6.355
176P.txt,12.769,-101.501,-4.502
177P.txt,11.178,-100.964,-10.354
190P.txt,7.257,-91.158,4.639
191P.txt,6.181,-96.712,4.69
192P.txt,10.173,-94.892,11.607
193P.txt,10.975,-100.211,6.306
194P.txt,14.659,-102.097,10.075
195P.txt,17.029,-104.235,6.153
