129P.txt,7.464,-21.509,-9.618
130P.txt,2.667,-24.118,-10.209
162P.txt,9.45,-20.422,-0.968
163P.txt,8.244,-20.704,-4.832
195P.txt,6.59,-20.402,9.913
198P.txt,4.761,-25.828,-1.848
199P.txt,2.353,-29.704,0.092
204P.txt,6.417,-30.791,2.237
209P.txt,10.229,-29.599,4.579
211P.txt,10.983,-22.451,5.477
212P.txt,10.638,-18.069,9.03
213P.txt,9.521,-16.182,4.82
236P.txt,-1.026,-28.637,-2.164
265P.txt,-5.685,-16.021,8.476
32P.txt,-9.233,-9.261,-33.557
33P.txt,-5.165,-12.755,-34.911
34P.txt,-4.921,-8.935,-38.284
39P.txt,-16.057,-19.807,-30.711
4P.txt,-24.519,-30.077,-21.634
40P.txt,-12.726,-22.527,-28.565
57P.txt,-5.421,-11.099,-22.734
60P.txt,-0.745,-6.816,-29.879
61P.txt,-1.731,-6.833,-33.862
62P.txt,-3.746,-11.252,-30.142
63P.txt,-7.804,-9.384,-28.603
69P.txt,-20.485,-19.112,-17.073
71P.txt,-25.0,-22.502,-12.931
73P.txt,-29.927,-24.935,-12.525
75P.txt,-29.328,-28.885,-18.384
78P.txt,-28.808,-25.705,-22.695
