118P.txt,11.509,-81.494,1.711
121P.txt,7.976,-84.135,-0.191
122P.txt,10.344,-84.815,2.839
271P.txt,-0.258,-94.763,5.475
272P.txt,1.899,-95.667,1.044
279P.txt,3.186,-85.058,-5.339
286P.txt,4.926,-78.793,-11.884
289P.txt,5.483,-75.569,-7.216
330P.txt,17.433,-82.075,-7.095
331P.txt,14.59,-79.14,-8.015
333P.txt,16.405,-84.208,-12.91
334P.txt,13.444,-84.931,-9.93
335P.txt,10.222,-83.27,-15.424
38P.txt,1.583,-90.663,19.219
40P.txt,-1.792,-92.816,15.77
41P.txt,-5.94,-92.388,14.376
63P.txt,19.242,-91.702,14.997
65P.txt,11.237,-93.577,13.071
68P.txt,4.701,-93.307,6.991
70P.txt,7.204,-90.406,-1.443
71P.txt,10.667,-92.476,-0.965
72P.txt,13.73,-90.636,-4.538
74P.txt,15.107,-92.615,-8.999
76P.txt,18.076,-97.282,-5.956
77P.txt,22.397,-96.813,-6.132
78P.txt,22.996,-91.756,-6.815
82P.txt,19.129,-92.93,-1.605
84P.txt,19.138,-85.519,0.507
86P.txt,14.293,-92.436,4.759
88P.txt,18.077,-95.451,10.567
89P.txt,12.506,-95.439,8.786
90P.txt,8.742,-94.661,7.296
91P.txt,6.16,-94.028,11.585
93P.txt,5.738,-92.786,16.462
96P.txt,10.563,-89.238,18.494
