119P.txt,5.581,-22.501,61.398
120P.txt,8.247,-24.189,58.094
121P.txt,7.103,-18.942,53.624
122P.txt,10.181,-23.812,50.408
202P.txt,11.955,-21.009,60.915
203P.txt,7.903,-17.635,61.305
204P.txt,6.822,-17.668,65.678
205P.txt,3.411,-20.057,64.246
206P.txt,1.185,-17.388,66.637
207P.txt,-3.218,-21.445,65.593
208P.txt,-4.184,-16.112,63.35
297P.txt,-17.716,-29.297,62.656
299P.txt,-15.386,-33.354,65.578
300P.txt,-14.737,-31.613,71.159
301P.txt,-12.034,-33.875,72.057
325P.txt,-8.002,-37.636,64.045
326P.txt,-6.145,-33.343,66.063
327P.txt,-4.556,-33.839,61.634
330P.txt,-17.975,-33.365,59.737
421P.txt,-3.586,-30.783,54.132
422P.txt,-0.227,-29.116,59.611
423P.txt,2.51,-29.664,55.063
431P.txt,6.096,-22.752,47.243
432P.txt,5.872,-26.825,50.799
434P.txt,5.223,-26.469,56.596
435P.txt,0.293,-22.709,58.377
436P.txt,0.467,-25.036,63.78
437P.txt,-0.824,-28.525,65.09
439P.txt,-7.597,-24.719,67.994
440P.txt,-8.884,-28.919,73.319
441P.txt,-12.035,-28.055,70.832
442P.txt,-15.926,-26.755,69.046
444P.txt,-20.012,-24.417,63.685
