240P.txt,24.937,114.158,337.718
241P.txt,29.475,114.16,334.559
242P.txt,25.886,115.82,332.988
300P.txt,35.283,107.826,337.218
347P.txt,-7.084,72.047,377.052
349P.txt,-4.012,68.523,375.488
350P.txt,-7.228,69.461,372.825
352P.txt,-7.485,76.989,369.921
398P.txt,31.282,105.604,316.882
399P.txt,36.231,105.062,318.992
400P.txt,34.394,111.287,319.786
401P.txt,38.507,113.31,321.356
402P.txt,36.216,113.444,325.697
404P.txt,38.12,109.524,326.79
405P.txt,34.726,111.525,332.17
406P.txt,31.025,111.746,329.939
407P.txt,32.838,105.742,328.501
408P.txt,35.047,105.708,332.582
411P.txt,32.503,101.038,331.666
446P.txt,-5.807,76.94,359.788
449P.txt,-6.265,71.656,367.818
491P.txt,18.99,107.142,330.226
492P.txt,20.719,111.35,331.521
495P.txt,20.514,112.692,325.64
496P.txt,26.092,114.728,327.039
498P.txt,23.976,110.606,321.049
499P.txt,20.863,113.883,321.117
500P.txt,25.817,117.281,323.417
501P.txt,28.636,114.905,322.143
502P.txt,26.839,114.335,318.096
504P.txt,27.037,107.769,314.573
