131P.txt,39.15,7.307,27.493
143P.txt,28.659,-2.773,40.538
146P.txt,25.211,-6.685,40.501
45P.txt,33.369,23.599,29.502
46P.txt,37.217,25.565,22.172
47P.txt,39.545,25.874,26.5
49P.txt,42.222,21.1,24.39
50P.txt,45.323,17.964,28.905
52P.txt,39.622,17.05,24.894
53P.txt,44.438,16.09,22.999
54P.txt,47.844,13.742,26.426
55P.txt,48.03,9.644,26.483
56P.txt,48.548,10.676,30.832
57P.txt,50.578,4.877,31.065
68P.txt,38.871,-4.95,47.298
82P.txt,48.55,17.595,39.675
85P.txt,45.049,22.272,39.122
86P.txt,47.438,22.502,34.083
88P.txt,41.814,26.503,36.013
89P.txt,45.874,27.591,34.537
90P.txt,46.275,27.967,30.755
92P.txt,40.58,31.047,33.797
93P.txt,36.618,26.916,31.752
95P.txt,36.268,28.159,39.478
