100P.txt,25.688,66.569,9.662
104P.txt,20.051,66.94,9.741
105P.txt,17.465,68.127,13.966
107P.txt,12.402,68.882,15.76
157P.txt,16.223,56.795,2.631
158P.txt,21.056,59.012,1.373
159P.txt,21.314,63.559,4.862
160P.txt,18.767,59.793,7.381
161P.txt,21.67,55.736,4.86
162P.txt,24.882,58.996,6.464
164P.txt,21.304,54.389,11.16
165P.txt,26.366,54.843,10.063
168P.txt,24.583,50.563,14.254
38P.txt,15.773,58.766,21.088
40P.txt,16.664,54.988,15.855
41P.txt,12.226,57.237,17.547
42P.txt,13.017,62.412,15.199
43P.txt,15.144,60.216,11.83
44P.txt,13.744,56.044,11.744
45P.txt,10.152,57.559,12.586
46P.txt,10.625,60.403,9.17
47P.txt,13.221,56.697,6.686
48P.txt,11.239,54.105,7.687
64P.txt,33.638,55.88,12.145
74P.txt,40.21,43.901,24.357
