100P.txt,155.156,375.863,676.528
102P.txt,155.745,368.903,673.38
103P.txt,153.176,370.541,679.555
261P.txt,145.302,362.345,681.789
263P.txt,151.251,361.854,677.076
264P.txt,154.456,363.005,674.732
265P.txt,156.079,358.397,674.815
49P.txt,147.017,355.355,670.862
51P.txt,151.039,356.181,666.502
53P.txt,153.898,356.162,661.567
54P.txt,158.5,359.078,660.696
63P.txt,151.21,370.261,658.025
66P.txt,155.506,363.987,654.256
68P.txt,149.043,363.943,654.795
69P.txt,148.691,359.347,658.863
71P.txt,145.074,365.845,657.786
72P.txt,141.908,364.818,660.31
73P.txt,143.5,362.968,664.582
77P.txt,145.303,358.412,674.946
78P.txt,149.238,357.121,674.722
80P.txt,153.728,357.646,670.253
81P.txt,157.322,361.732,669.33
82P.txt,159.996,358.264,666.604
85P.txt,161.535,362.915,664.018
87P.txt,158.777,363.9,658.635
97P.txt,157.543,378.268,672.945
98P.txt,158.263,371.811,670.093
99P.txt,159.862,372.795,674.681
