108P.txt,48.874,5.616,-50.507
14P.txt,53.623,9.858,-58.143
46P.txt,48.642,14.208,-55.509
47P.txt,47.075,9.527,-53.154
48P.txt,42.929,9.776,-55.137
49P.txt,42.845,11.196,-61.05
50P.txt,40.595,7.381,-60.02
51P.txt,36.435,6.983,-60.985
52P.txt,35.875,12.961,-62.04
53P.txt,32.606,11.829,-59.784
54P.txt,36.145,12.102,-54.858
55P.txt,36.772,16.688,-56.702
56P.txt,33.874,17.794,-55.369
58P.txt,38.804,16.661,-52.402
59P.txt,38.622,21.359,-54.019
60P.txt,34.329,20.69,-49.83
62P.txt,41.987,23.016,-47.893
63P.txt,37.598,24.537,-46.584
64P.txt,36.746,22.713,-43.529
66P.txt,43.242,21.96,-43.839
67P.txt,43.882,18.298,-41.714
69P.txt,41.309,12.986,-45.26
72P.txt,43.673,8.142,-49.738
73P.txt,47.124,9.771,-46.845
