116P.txt,-0.396,-11.031,-59.08
119P.txt,-8.279,-16.747,-61.662
120P.txt,-9.663,-17.749,-57.998
121P.txt,-8.475,-14.05,-54.446
122P.txt,-9.99,-18.599,-51.9
125P.txt,-15.524,-16.252,-47.133
200P.txt,-15.032,-16.814,-53.913
201P.txt,-12.756,-13.125,-55.506
202P.txt,-14.374,-15.806,-59.746
203P.txt,-10.138,-11.171,-61.784
204P.txt,-8.97,-11.995,-65.082
205P.txt,-6.07,-14.692,-65.573
206P.txt,-3.853,-12.153,-67.397
207P.txt,0.037,-15.124,-67.935
208P.txt,2.31,-11.257,-65.543
368P.txt,1.998,-24.974,-45.962
369P.txt,3.843,-27.324,-50.271
380P.txt,5.01,-15.848,-62.727
421P.txt,1.309,-25.475,-57.694
422P.txt,-2.323,-23.448,-61.299
423P.txt,-3.603,-23.85,-56.295
425P.txt,-0.968,-21.065,-49.69
429P.txt,-2.029,-14.727,-45.22
430P.txt,-4.804,-13.592,-47.045
431P.txt,-4.905,-17.318,-48.439
432P.txt,-5.994,-20.346,-50.758
434P.txt,-6.445,-20.625,-59.249
436P.txt,-2.935,-20.109,-64.99
437P.txt,-2.038,-22.637,-66.956
44P.txt,22.502,14.917,-32.209
53P.txt,11.205,8.528,-49.932
75P.txt,11.131,8.8,-56.816
