100P.txt,-6.118,-16.644,-0.303
35P.txt,-21.794,-16.597,-7.225
45P.txt,-10.194,-14.128,-13.287
47P.txt,-7.634,-7.564,-13.997
48P.txt,-5.659,-5.91,-10.433
51P.txt,0.078,-3.264,-7.202
52P.txt,-1.129,-3.404,-10.216
54P.txt,-2.014,0.357,-14.879
58P.txt,-9.814,-1.658,-9.096
60P.txt,-11.659,-6.273,-12.34
62P.txt,-10.354,-10.836,-16.864
63P.txt,-10.937,-15.075,-18.843
64P.txt,-16.116,-15.794,-16.995
65P.txt,-12.42,-19.439,-15.958
66P.txt,-17.522,-19.931,-19.211
78P.txt,-16.706,-9.207,-18.159
81P.txt,-15.503,-2.995,-9.241
94P.txt,-3.418,-8.218,-3.717
95P.txt,-4.618,-11.789,-8.94
96P.txt,-2.074,-14.465,-3.463
97P.txt,-4.344,-10.598,-0.662
99P.txt,-7.464,-17.879,-5.236
