12P.txt,-5.364,-58.283,-42.327
129P.txt,-13.981,-36.24,-9.363
130P.txt,-14.057,-39.22,-6.081
131P.txt,-16.122,-42.127,-9.869
14P.txt,-1.255,-55.88,-43.174
141P.txt,-23.692,-44.313,-38.418
142P.txt,-21.643,-48.077,-38.781
143P.txt,-18.722,-45.556,-39.944
144P.txt,-18.363,-42.661,-36.376
150P.txt,-7.886,-47.131,-43.283
151P.txt,-5.992,-51.086,-44.288
152P.txt,-5.448,-51.391,-47.962
153P.txt,-8.304,-50.057,-49.11
154P.txt,-10.407,-53.222,-47.119
155P.txt,-13.419,-49.015,-43.582
157P.txt,-16.758,-51.469,-40.13
29P.txt,-26.366,-34.324,-17.152
30P.txt,-27.402,-33.013,-14.009
33P.txt,-23.238,-39.163,-7.836
34P.txt,-19.217,-37.408,-7.417
35P.txt,-20.208,-40.17,-11.092
36P.txt,-17.883,-38.674,-14.603
45P.txt,-14.503,-38.512,-39.843
58P.txt,-8.668,-43.18,-41.371
8P.txt,-18.603,-56.899,-40.768
9P.txt,-14.084,-57.151,-42.747
