100P.txt,8.849,14.278,-11.513
107P.txt,11.778,27.064,1.32
132P.txt,1.569,25.034,-10.622
133P.txt,5.483,26.652,-4.146
134P.txt,1.669,23.405,-3.484
135P.txt,3.445,27.992,0.891
136P.txt,3.371,23.802,2.723
137P.txt,5.12,24.625,7.45
59P.txt,7.774,14.82,-1.939
61P.txt,2.924,19.273,-0.903
62P.txt,4.501,15.982,1.081
63P.txt,1.111,18.373,4.795
64P.txt,2.764,15.005,7.218
65P.txt,9.139,13.812,2.532
66P.txt,10.845,14.637,7.723
67P.txt,13.377,14.764,3.319
68P.txt,16.36,13.673,0.877
89P.txt,16.49,7.19,-8.482
90P.txt,14.855,9.891,-4.655
93P.txt,5.442,10.073,-5.082
95P.txt,0.541,10.856,-5.514
96P.txt,2.966,14.51,-4.686
