319P.txt,39.989,11.682,145.371
320P.txt,37.925,7.703,142.903
321P.txt,41.121,5.671,144.773
322P.txt,42.811,2.452,142.01
323P.txt,41.671,0.746,145.292
324P.txt,37.052,3.472,145.211
347P.txt,24.065,10.323,155.214
356P.txt,31.294,3.326,156.358
359P.txt,40.926,2.66,155.076
377P.txt,42.035,5.714,152.307
379P.txt,35.198,2.684,152.232
381P.txt,29.031,4.859,151.156
382P.txt,25.314,2.885,146.98
383P.txt,26.359,6.964,147.012
384P.txt,25.029,10.312,147.992
386P.txt,27.568,14.692,153.797
397P.txt,31.923,19.057,155.183
398P.txt,33.352,17.406,150.057
399P.txt,28.583,15.352,148.559
400P.txt,32.704,11.285,147.201
401P.txt,28.267,9.853,143.964
402P.txt,31.271,4.436,145.976
403P.txt,28.964,4.902,141.298
