31P.txt,-31.67,31.243,-3.919
32P.txt,-34.46,28.044,-5.42
34P.txt,-36.725,26.966,-13.178
36P.txt,-30.422,22.08,-16.123
37P.txt,-30.285,19.009,-18.534
44P.txt,-27.202,28.398,-22.852
45P.txt,-29.394,26.884,-19.856
47P.txt,-26.59,32.017,-18.62
48P.txt,-31.41,30.943,-19.667
51P.txt,-29.199,35.837,-15.615
52P.txt,-33.134,34.642,-13.494
54P.txt,-30.92,39.06,-8.705
55P.txt,-27.172,39.85,-7.434
56P.txt,-25.233,37.523,-5.324
57P.txt,-21.992,38.69,-6.383
60P.txt,-20.951,37.057,-11.523
63P.txt,-23.456,35.156,-14.529
64P.txt,-17.148,36.051,-17.41
67P.txt,-21.443,34.319,-21.693
70P.txt,-23.642,31.317,-25.334
86P.txt,-40.651,22.39,-13.945
87P.txt,-38.185,21.819,-10.935
88P.txt,-36.962,25.468,-8.712
