276P.txt,-3.936,5.853,-0.599
129P.txt,13.677,24.875,-8.032
263P.txt,-6.937,19.17,-1.436
116P.txt,-1.744,52.911,3.64
248P.txt,-6.859,26.719,1.566
264P.txt,-5.849,15.752,0.341
106P.txt,19.235,37.626,2.696
265P.txt,-4.696,16.498,4.088
38P.txt,5.58,54.267,-10.344
39P.txt,0.002,52.421,-10.749
62P.txt,11.885,50.759,-3.658
9P.txt,-1.948,50.193,-21.461
66P.txt,2.477,43.409,-4.113
72P.txt,-17.974,37.309,-8.707
195P.txt,5.199,9.228,-0.061
80P.txt,-10.871,49.985,-7.234
40P.txt,1.751,48.712,-13.086
140P.txt,17.578,31.138,-5.648
7P.txt,-2.981,45.388,-21.347
92P.txt,-2.438,52.772,11.208
185P.txt,18.605,24.049,7.363
34P.txt,14.014,59.359,-3.192
281P.txt,-16.657,13.885,-3.135
36P.txt,8.106,58.643,-8.685
22P.txt,-15.099,31.421,-11.356
269P.txt,2.921,8.454,7.957
279P.txt,-12.832,12.493,-6.126
32P.txt,8.176,56.047,-2.011
278P.txt,-9.742,9.87,-2.795
118P.txt,-5.877,49.384,9.841
247P.txt,-4.982,22.267,3.415
