276P.txt,95.365,124.531,130.431
303P.txt,112.189,132.085,131.732
277P.txt,98.619,125.079,133.534
275P.txt,98.808,121.634,129.709
103P.txt,123.165,128.881,103.881
300P.txt,117.813,123.618,127.011
305P.txt,114.359,129.457,135.403
62P.txt,101.518,120.856,115.304
214P.txt,127.595,132.707,91.904
175P.txt,114.565,146.31,111.77
239P.txt,115.341,151.962,110.404
208P.txt,124.671,148.028,106.32
156P.txt,111.739,131.01,80.847
143P.txt,94.689,121.244,95.278
221P.txt,120.616,113.959,97.221
155P.txt,110.442,131.169,86.222
96P.txt,105.888,118.317,102.801
55P.txt,103.009,133.576,132.282
222P.txt,115.291,112.529,92.797
193P.txt,114.548,125.549,80.978
93P.txt,109.128,118.405,112.858
192P.txt,119.408,126.854,80.179
78P.txt,98.322,126.799,111.043
280P.txt,107.087,131.771,135.591
294P.txt,120.223,126.138,142.981
136P.txt,106.907,122.441,92.85
269P.txt,115.864,122.038,119.294
132P.txt,105.56,136.877,89.256
278P.txt,99.678,129.461,135.907
291P.txt,109.991,127.11,144.312
