115P.txt,3.559,-5.517,-27.706
28P.txt,0.258,7.728,0.922
112P.txt,-1.476,-10.225,-19.688
113P.txt,-0.908,-4.706,-23.268
139P.txt,4.293,-12.355,-31.225
110P.txt,2.674,-9.413,-14.658
76P.txt,24.66,6.36,-10.846
163P.txt,0.613,-14.003,-27.678
162P.txt,1.573,-16.424,-25.108
88P.txt,-0.828,0.192,-19.572
65P.txt,3.093,3.537,-21.675
212P.txt,0.94,-24.709,-28.269
211P.txt,1.217,-25.896,-24.269
45P.txt,0.266,7.986,-16.001
87P.txt,-2.364,-3.235,-17.471
52P.txt,20.164,10.518,-7.337
90P.txt,3.413,-0.87,-25.882
53P.txt,21.34,7.423,-4.735
34P.txt,11.577,2.398,0.991
135P.txt,2.528,-12.396,-18.084
35P.txt,15.344,2.029,5.105
256P.txt,4.494,-35.558,-19.231
137P.txt,2.574,-9.704,-25.398
36P.txt,18.983,1.191,2.622
255P.txt,7.515,-35.996,-15.525
26P.txt,-1.74,13.333,0.538
33P.txt,12.745,6.494,-0.091
27P.txt,0.61,11.47,2.387
25P.txt,-0.174,16.774,-0.6
