103P.txt,20.111,-27.711,74.342
107P.txt,17.339,-23.901,76.998
216P.txt,16.117,-32.379,86.141
202P.txt,11.137,0.031,73.829
438P.txt,16.201,-0.288,92.317
439P.txt,11.679,-1.348,93.876
411P.txt,41.369,-11.736,110.869
388P.txt,40.87,-7.249,93.818
366P.txt,40.42,-6.637,81.53
365P.txt,43.762,-7.809,82.934
198P.txt,21.425,-0.315,65.921
432P.txt,24.23,-2.596,75.578
368P.txt,33.776,-5.761,79.185
425P.txt,27.318,-5.592,78.456
419P.txt,28.359,0.321,91.084
430P.txt,26.914,-8.665,71.055
420P.txt,23.136,-2.141,91.445
434P.txt,18.156,0.157,80.3
421P.txt,25.593,-1.492,86.833
437P.txt,15.523,1.518,88.767
423P.txt,23.254,0.297,81.491
422P.txt,20.914,0.429,85.891
436P.txt,14.926,-0.486,86.163
120P.txt,16.272,-0.86,76.264
297P.txt,23.821,-6.188,99.935
122P.txt,21.032,-1.723,71.998
126P.txt,26.763,-4.451,60.395
252P.txt,20.915,-24.698,91.843
440P.txt,13.836,-2.937,97.224
441P.txt,15.869,-1.715,100.11
125P.txt,22.573,-4.863,62.302
119P.txt,13.553,-0.965,79.285
