15P.txt,-4.461,123.641,-19.185
14P.txt,-7.088,120.27,-17.469
16P.txt,-3.652,124.525,-15.832
17P.txt,1.948,124.503,-17.454
13P.txt,-6.836,120.151,-13.62
229P.txt,5.583,121.638,27.78
361P.txt,4.642,138.059,21.337
360P.txt,7.644,140.088,23.887
228P.txt,5.91,127.378,25.23
362P.txt,4.901,143.072,19.955
358P.txt,1.77,137.131,27.622
359P.txt,4.596,138.826,25.822
221P.txt,13.275,121.287,24.028
223P.txt,12.856,124.03,29.047
196P.txt,-1.337,113.02,30.751
54P.txt,12.777,121.905,-15.249
83P.txt,-1.525,124.849,-11.498
357P.txt,0.327,136.286,24.538
82P.txt,-4.573,125.586,-7.393
55P.txt,10.724,124.899,-16.88
222P.txt,9.654,119.603,26.269
226P.txt,8.481,130.36,29.458
51P.txt,18.319,122.145,-14.639
227P.txt,6.632,126.344,31.29
225P.txt,11.439,128.745,31.921
52P.txt,18.122,124.779,-16.751
53P.txt,16.556,121.065,-18.247
230P.txt,2.041,122.793,28.935
224P.txt,12.13,124.37,32.165
20P.txt,6.987,129.301,-14.138
322P.txt,-18.827,122.643,-2.098
334P.txt,-3.812,147.14,22.489
321P.txt,-19.169,120.45,1.516
22P.txt,10.521,134.002,-9.311
18P.txt,2.704,124.248,-13.891
