38P.txt,27.852,-4.438,-48.343
77P.txt,24.903,-26.837,-29.903
75P.txt,26.322,-31.575,-33.481
148P.txt,16.448,-1.231,-35.392
5P.txt,6.449,-6.02,-42.185
4P.txt,1.231,-5.13,-38.778
6P.txt,9.98,-3.66,-40.422
54P.txt,10.094,-8.338,-21.617
141P.txt,32.402,-15.003,-24.046
97P.txt,8.672,-23.096,-32.421
7P.txt,12.539,-3.227,-44.314
150P.txt,13.885,1.879,-39.045
151P.txt,15.715,0.931,-44.578
52P.txt,4.772,-9.816,-22.978
147P.txt,21.191,-1.348,-32.923
152P.txt,13.054,3.949,-46.367
34P.txt,30.83,4.893,-49.347
23P.txt,25.364,-19.225,-49.288
37P.txt,26.594,0.036,-49.642
33P.txt,31.102,4.564,-44.599
27P.txt,30.793,-13.133,-41.21
25P.txt,27.901,-17.543,-43.538
118P.txt,14.53,-21.212,-24.748
130P.txt,33.718,-14.392,-36.549
131P.txt,30.497,-16.275,-37.621
24P.txt,22.943,-21.128,-47.161
