29P.txt,29.321,1.739,27.833
303P.txt,24.975,39.053,46.596
317P.txt,13.163,53.822,39.538
328P.txt,15.486,48.899,48.5
314P.txt,20.135,52.47,36.307
270P.txt,15.743,24.67,43.522
310P.txt,25.051,48.684,39.364
271P.txt,12.28,20.93,43.478
306P.txt,27.319,43.41,40.091
65P.txt,4.029,32.294,47.425
67P.txt,8.836,27.558,45.571
66P.txt,3.9,26.609,47.508
40P.txt,5.274,0.901,30.435
41P.txt,8.207,0.856,32.738
222P.txt,36.151,13.27,38.332
3P.txt,33.181,12.679,1.341
0P.txt,23.322,6.647,1.142
224P.txt,31.211,6.201,39.542
34P.txt,21.549,-2.995,26.854
322P.txt,5.814,48.63,41.885
108P.txt,33.433,30.895,20.148
35P.txt,19.044,1.286,28.844
37P.txt,14.031,3.13,26.174
36P.txt,15.151,-0.323,28.479
32P.txt,21.436,0.176,19.405
319P.txt,9.025,51.192,33.044
325P.txt,10.405,49.854,46.667
331P.txt,18.809,44.913,50.283
318P.txt,11.315,55.162,34.894
332P.txt,16.873,47.341,54.488
326P.txt,10.407,44.806,46.742
125P.txt,24.302,1.437,16.24
30P.txt,26.373,-1.772,23.423
