215P.txt,-42.776,35.9,-70.944
177P.txt,-21.569,18.065,-49.006
176P.txt,-21.778,18.479,-56.564
189P.txt,-30.74,9.216,-59.832
175P.txt,-17.616,17.832,-57.135
210P.txt,-47.122,32.513,-63.686
198P.txt,-33.321,33.613,-57.891
211P.txt,-49.077,35.081,-66.493
220P.txt,-33.937,34.412,-70.962
195P.txt,-29.366,27.103,-54.213
156P.txt,-18.358,12.352,-58.493
180P.txt,-25.531,20.857,-51.114
194P.txt,-30.02,23.548,-51.759
182P.txt,-32.734,17.818,-53.452
196P.txt,-30.77,28.401,-57.341
154P.txt,-18.46,13.313,-52.408
197P.txt,-29.259,31.276,-60.79
183P.txt,-34.308,14.856,-54.368
151P.txt,-21.445,7.902,-48.07
179P.txt,-26.245,17.473,-47.42
225P.txt,-40.037,19.926,-64.409
184P.txt,-35.916,14.943,-58.565
153P.txt,-21.418,13.447,-46.807
152P.txt,-17.238,10.347,-48.574
