29P.txt,-29.208,33.443,1.2
106P.txt,-11.459,19.058,-18.99
112P.txt,-16.671,24.08,-27.141
107P.txt,-12.815,12.51,-18.069
10P.txt,-8.933,25.303,-16.541
111P.txt,-12.24,21.553,-24.422
104P.txt,-17.893,13.962,-16.128
110P.txt,-17.484,18.289,-25.379
5P.txt,-8.086,24.967,-26.048
4P.txt,-4.541,26.829,-24.193
6P.txt,-8.696,23.942,-22.022
7P.txt,-8.254,27.781,-20.605
86P.txt,-40.651,22.39,-13.945
87P.txt,-38.185,21.819,-10.935
109P.txt,-12.77,17.16,-24.639
108P.txt,-15.308,13.01,-22.617
21P.txt,-14.648,27.079,-0.842
23P.txt,-16.084,28.399,4.104
22P.txt,-17.307,23.934,2.849
26P.txt,-24.665,29.461,1.878
25P.txt,-21.661,31.102,2.227
24P.txt,-17.432,30.404,1.091
30P.txt,-30.868,29.923,-1.138
