115P.txt,23.195,3.801,-13.186
16P.txt,15.862,8.217,-22.426
116P.txt,19.966,0.147,-13.165
17P.txt,15.421,12.535,-22.634
13P.txt,14.076,9.45,-28.125
10P.txt,10.378,1.173,-29.948
11P.txt,12.208,5.072,-30.445
49P.txt,15.99,-5.771,-14.177
48P.txt,17.126,-7.016,-9.654
98P.txt,10.27,0.947,3.947
99P.txt,15.136,2.146,4.742
4P.txt,12.368,12.878,-32.932
6P.txt,8.902,7.806,-32.956
7P.txt,6.763,4.5,-31.221
50P.txt,16.517,-11.269,-12.98
20P.txt,20.324,12.417,-19.874
121P.txt,11.597,-3.252,-20.327
120P.txt,12.793,-0.319,-23.298
21P.txt,17.668,16.321,-17.08
23P.txt,22.623,10.632,-14.718
123P.txt,10.26,-10.199,-17.837
124P.txt,14.594,-11.408,-19.485
119P.txt,16.981,3.119,-21.991
24P.txt,21.836,17.995,-15.921
