215P.txt,14.935,41.721,136.024
163P.txt,21.357,35.608,150.982
216P.txt,17.542,41.315,132.183
75P.txt,25.425,39.625,126.348
74P.txt,28.862,38.377,126.572
159P.txt,15.756,27.85,145.088
71P.txt,35.138,31.865,127.774
212P.txt,17.801,39.459,138.94
73P.txt,31.63,36.551,128.817
199P.txt,19.002,15.138,135.921
98P.txt,36.189,24.928,126.251
167P.txt,25.507,40.058,141.921
198P.txt,16.785,17.16,138.741
72P.txt,36.569,35.236,129.71
195P.txt,26.232,16.806,137.864
209P.txt,12.826,38.994,141.068
54P.txt,16.596,17.652,116.445
141P.txt,20.245,36.542,133.272
169P.txt,25.502,38.944,136.845
168P.txt,27.653,36.134,140.629
96P.txt,32.493,23.184,123.472
69P.txt,34.685,38.536,125.806
51P.txt,11.063,24.877,111.728
192P.txt,26.6,24.355,135.924
2P.txt,12.517,45.023,120.319
52P.txt,9.556,18.551,114.355
34P.txt,26.474,30.84,129.676
30P.txt,35.71,25.801,131.758
