114P.txt,4.163,30.921,12.714
101P.txt,-3.247,24.657,32.045
103P.txt,-2.113,30.19,29.119
117P.txt,-4.559,37.119,14.831
116P.txt,-2.24,35.104,18.739
102P.txt,-4.766,28.784,31.164
112P.txt,2.874,33.704,21.148
113P.txt,4.737,33.583,17.589
62P.txt,5.107,20.065,32.483
63P.txt,1.197,17.978,29.278
49P.txt,15.616,17.861,27.011
75P.txt,-0.187,15.575,33.261
48P.txt,14.61,21.316,28.335
70P.txt,14.676,14.601,33.553
73P.txt,4.385,16.432,36.178
47P.txt,16.706,23.652,25.02
34P.txt,3.29,26.846,11.414
20P.txt,-11.964,22.248,23.746
23P.txt,-9.015,28.514,21.14
33P.txt,1.699,23.785,9.018
27P.txt,-6.621,28.405,15.821
19P.txt,-15.049,26.198,18.921
118P.txt,-4.005,35.33,12.081
125P.txt,-11.044,29.26,3.132
