114P.txt,24.031,24.186,63.809
178P.txt,35.532,24.885,65.781
179P.txt,33.257,28.398,64.574
180P.txt,30.561,30.507,66.395
181P.txt,29.339,33.102,63.222
182P.txt,28.439,29.796,59.158
183P.txt,31.913,33.513,57.328
206P.txt,25.632,29.986,54.852
208P.txt,23.422,30.308,58.829
209P.txt,20.317,28.743,55.892
243P.txt,24.577,22.961,74.412
245P.txt,21.4,26.611,75.683
246P.txt,25.487,28.136,71.978
247P.txt,22.983,24.935,69.904
248P.txt,17.873,27.206,71.031
250P.txt,10.949,26.634,68.252
268P.txt,3.781,29.008,67.177
270P.txt,10.542,28.646,73.073
289P.txt,11.903,26.458,63.89
290P.txt,16.524,27.157,64.689
291P.txt,15.043,30.547,69.746
292P.txt,18.567,31.721,67.571
293P.txt,18.88,31.443,62.172
294P.txt,13.398,30.947,59.512
297P.txt,8.589,24.574,61.395
