105P.txt,13.281,-4.877,6.065
138P.txt,-2.694,13.139,-15.753
62P.txt,4.747,-10.764,14.059
148P.txt,-1.19,7.624,-2.221
161P.txt,-8.761,-7.357,11.248
60P.txt,5.114,-13.921,21.086
165P.txt,-6.181,-12.742,15.976
171P.txt,-1.892,-1.193,20.055
170P.txt,1.979,-2.089,23.628
158P.txt,-6.393,-6.656,5.832
59P.txt,1.757,-16.204,21.198
99P.txt,5.364,4.77,3.957
167P.txt,-4.734,-7.208,20.638
66P.txt,-2.588,-14.144,9.399
81P.txt,-3.699,-8.459,-11.823
168P.txt,1.952,-9.796,21.34
82P.txt,-4.365,-4.109,-15.755
92P.txt,8.156,6.86,-5.987
145P.txt,-10.769,6.808,-8.898
78P.txt,-11.854,-7.002,-2.326
147P.txt,-6.967,9.041,-2.748
146P.txt,-10.172,3.628,-6.158
120P.txt,8.843,-14.946,-11.99
136P.txt,-5.254,6.523,-15.564
137P.txt,-4.455,11.887,-20.291
