29P.txt,-77.008,-34.471,124.56
15P.txt,-65.667,-24.61,149.158
316P.txt,-66.975,-24.43,122.731
317P.txt,-67.69,-24.664,126.687
14P.txt,-66.226,-22.1,152.568
28P.txt,-76.052,-30.26,125.885
16P.txt,-66.43,-22.615,145.528
17P.txt,-69.263,-22.426,142.212
13P.txt,-63.116,-22.812,155.189
106P.txt,-67.805,-28.147,80.567
107P.txt,-62.968,-30.803,80.873
12P.txt,-66.526,-20.819,158.902
10P.txt,-66.384,-19.082,164.833
111P.txt,-57.841,-26.145,82.087
39P.txt,-67.578,-19.102,125.676
11P.txt,-63.19,-20.165,163.078
9P.txt,-68.693,-18.337,167.576
42P.txt,-66.443,-22.281,116.75
209P.txt,-54.863,-34.392,67.577
20P.txt,-70.722,-14.095,135.631
21P.txt,-72.759,-10.618,133.884
320P.txt,-68.389,-22.933,135.175
308P.txt,-69.935,-24.606,104.687
309P.txt,-70.684,-25.782,108.311
325P.txt,-74.946,-16.348,145.033
324P.txt,-77.449,-17.883,140.775
318P.txt,-64.928,-22.487,128.299
31P.txt,-79.097,-29.324,130.0
19P.txt,-69.802,-15.98,138.899
326P.txt,-78.869,-17.602,146.686
18P.txt,-66.576,-17.373,138.961
30P.txt,-78.594,-34.37,128.966
