158P.txt,19.783,-33.226,39.362
159P.txt,17.197,-34.224,43.786
160P.txt,24.967,-33.219,40.853
161P.txt,23.877,-27.774,38.272
162P.txt,24.155,-32.46,35.096
163P.txt,23.96,-30.931,31.03
164P.txt,22.964,-32.185,27.348
17P.txt,35.535,-32.231,27.103
26P.txt,41.572,-33.149,26.043
3P.txt,23.317,-35.61,22.97
328P.txt,14.483,-33.148,37.871
4P.txt,27.737,-32.384,24.544
5P.txt,28.44,-33.298,30.414
51P.txt,48.298,-17.63,37.77
52P.txt,45.303,-26.855,37.425
53P.txt,45.203,-23.47,32.884
7P.txt,29.764,-28.313,33.817
92P.txt,32.354,-35.474,20.887
93P.txt,30.713,-37.428,17.544
