2200P.txt,28.031,3.489,67.234
2214P.txt,19.731,4.432,56.5
2176P.txt,21.098,8.182,31.193
2215P.txt,22.872,4.062,61.229
2201P.txt,28.466,6.913,62.482
2229P.txt,35.854,18.302,47.718
2175P.txt,18.972,12.159,30.86
2174P.txt,21.555,12.475,27.269
2202P.txt,29.75,6.814,58.533
2206P.txt,29.564,6.251,49.595
2198P.txt,29.436,10.248,65.394
2199P.txt,29.101,7.082,68.668
2300P.txt,26.402,20.201,27.972
2294P.txt,16.761,18.195,38.349
2254P.txt,15.774,18.327,57.952
2253P.txt,16.407,16.972,61.609
2284P.txt,18.999,27.279,43.299
2252P.txt,12.634,14.694,63.957
2222P.txt,33.897,16.539,59.971
2197P.txt,32.801,10.633,61.927
2223P.txt,33.216,21.035,59.03
2227P.txt,36.633,26.088,51.561
2226P.txt,32.332,27.198,51.796
2224P.txt,29.226,22.59,57.838
2225P.txt,32.824,24.669,54.809
