106P.txt,40.617,53.889,71.952
107P.txt,42.165,50.934,72.086
105P.txt,38.074,56.606,70.502
110P.txt,39.027,39.759,69.834
49P.txt,49.625,47.281,68.935
48P.txt,48.899,48.404,72.52
58P.txt,38.97,35.799,58.992
59P.txt,34.891,36.256,62.84
43P.txt,54.774,57.397,73.53
4P.txt,43.909,44.367,54.521
40P.txt,55.592,67.669,69.256
55P.txt,41.415,37.871,63.706
41P.txt,52.262,66.452,73.476
45P.txt,56.984,53.607,73.072
51P.txt,47.274,44.198,63.815
44P.txt,56.678,55.319,68.705
52P.txt,42.888,42.264,66.201
46P.txt,53.01,51.647,73.01
47P.txt,51.986,47.672,73.035
34P.txt,49.609,58.555,68.265
109P.txt,40.014,43.983,73.111
37P.txt,47.29,69.954,66.655
122P.txt,22.702,42.744,64.574
33P.txt,47.988,56.102,68.867
30P.txt,52.781,51.602,62.239
