62P.txt,61.596,100.717,179.101
89P.txt,52.829,68.469,154.389
63P.txt,63.733,105.523,177.885
200P.txt,75.988,117.84,154.646
202P.txt,73.123,119.242,160.72
61P.txt,58.255,101.056,181.942
75P.txt,51.031,93.655,168.566
198P.txt,78.281,115.543,148.723
72P.txt,55.889,102.821,167.541
432P.txt,80.599,108.267,156.018
368P.txt,84.764,99.361,154.525
209P.txt,69.55,103.033,176.459
430P.txt,75.689,104.15,150.124
82P.txt,49.039,76.777,169.385
45P.txt,49.956,75.374,150.986
51P.txt,52.755,93.739,155.51
86P.txt,51.124,70.815,158.279
434P.txt,79.755,112.901,162.95
87P.txt,49.977,64.332,158.655
423P.txt,83.519,109.006,161.489
84P.txt,48.934,73.487,163.871
53P.txt,51.339,91.154,162.812
492P.txt,43.352,78.966,148.812
120P.txt,77.003,115.233,160.515
122P.txt,79.064,112.765,155.555
491P.txt,45.244,79.539,153.599
442P.txt,83.167,101.001,182.916
244P.txt,51.109,75.82,160.429
246P.txt,49.415,82.211,164.944
124P.txt,77.28,111.969,149.112
440P.txt,84.07,110.673,181.372
327P.txt,89.651,107.177,170.511
