262P.txt,-25.664,4.688,17.66
101P.txt,-21.512,9.012,2.393
263P.txt,-27.157,4.661,22.846
264P.txt,-30.715,1.268,23.354
113P.txt,-24.414,-0.575,22.097
107P.txt,-19.693,9.783,12.483
265P.txt,-27.268,-0.849,25.699
111P.txt,-20.463,4.408,19.426
104P.txt,-21.742,10.24,8.229
110P.txt,-18.036,5.423,16.712
201P.txt,-30.376,-0.031,-15.889
163P.txt,-33.611,-9.867,-14.494
214P.txt,-26.836,4.232,-14.367
207P.txt,-39.159,3.288,3.478
212P.txt,-32.788,3.73,-9.207
238P.txt,-36.716,1.098,10.429
210P.txt,-34.472,5.15,-3.171
199P.txt,-28.003,-1.256,-21.351
173P.txt,-36.627,-4.805,17.77
211P.txt,-28.991,5.712,-5.718
208P.txt,-37.076,5.747,5.148
81P.txt,-16.366,3.752,22.634
209P.txt,-31.936,4.32,-0.049
82P.txt,-14.249,6.789,20.931
79P.txt,-19.34,-3.172,22.568
52P.txt,-13.608,0.223,25.032
53P.txt,-11.54,0.983,22.368
246P.txt,-34.776,-5.087,-8.84
