114P.txt,41.141,-3.937,-3.716
115P.txt,37.009,-4.735,-8.396
249P.txt,20.82,-19.996,26.4
117P.txt,30.119,-4.845,-4.727
116P.txt,33.571,-1.536,-4.19
112P.txt,46.514,-7.64,-9.092
113P.txt,42.238,-6.74,-9.196
228P.txt,9.439,-5.988,26.2
160P.txt,24.595,-13.194,-14.4
161P.txt,25.02,-9.606,-10.128
159P.txt,28.648,-14.9,-12.42
158P.txt,30.506,-16.014,-15.321
65P.txt,33.52,-31.793,-6.074
5P.txt,47.405,-9.967,9.54
156P.txt,36.093,-14.866,-14.434
157P.txt,32.619,-13.292,-15.875
194P.txt,19.172,-36.304,7.025
223P.txt,17.791,-9.987,37.02
155P.txt,36.632,-13.364,-10.841
41P.txt,25.103,-18.736,29.937
222P.txt,16.001,-6.761,35.109
227P.txt,10.407,-5.489,29.612
225P.txt,14.062,-9.989,32.208
91P.txt,35.158,-8.782,-5.765
240P.txt,7.354,-17.62,19.948
241P.txt,6.328,-14.452,23.078
251P.txt,18.569,-20.43,20.24
26P.txt,31.373,-24.361,17.994
118P.txt,27.146,-0.418,-5.077
