114P.txt,-27.768,-0.082,-12.93
101P.txt,-35.296,-1.538,7.544
103P.txt,-35.954,-2.913,2.174
117P.txt,-27.7,-9.552,-9.823
116P.txt,-30.592,-6.819,-6.982
102P.txt,-36.072,-4.638,6.08
106P.txt,-34.043,-2.897,-1.62
112P.txt,-34.299,-1.514,-6.537
62P.txt,-39.332,8.879,5.757
63P.txt,-33.714,8.024,6.239
61P.txt,-40.223,13.396,2.496
75P.txt,-35.024,8.572,10.9
48P.txt,-41.712,14.739,-3.118
73P.txt,-40.639,11.586,9.294
5P.txt,-12.765,1.39,-8.268
34P.txt,-24.924,2.953,-10.81
21P.txt,-27.341,-6.52,8.86
23P.txt,-26.012,-6.177,2.006
123P.txt,-18.171,-1.714,-9.434
22P.txt,-24.644,-9.153,4.148
33P.txt,-21.135,4.621,-10.148
118P.txt,-24.793,-8.058,-10.616
125P.txt,-12.499,-7.487,-9.898
119P.txt,-20.118,-9.565,-10.292
