105P.txt,65.958,-1.084,148.056
108P.txt,57.007,-1.413,147.181
16P.txt,61.494,4.454,130.429
18P.txt,59.15,4.85,137.902
19P.txt,59.913,8.68,140.58
20P.txt,56.191,4.705,144.751
21P.txt,52.556,6.657,144.083
24P.txt,47.88,2.776,143.16
25P.txt,45.43,6.531,142.604
26P.txt,44.307,9.036,146.041
29P.txt,50.108,10.324,137.437
30P.txt,53.521,9.926,134.642
31P.txt,51.45,13.736,132.648
32P.txt,53.349,12.585,127.41
33P.txt,53.076,17.588,127.314
41P.txt,57.67,12.079,129.655
166.txt,54.146,20.23,137.789
33.txt,53.076,17.588,127.314
42.txt,55.006,15.851,133.698
44.txt,50.976,15.644,138.294
