132P.txt,45.85,26.273,131.669
133P.txt,43.283,29.267,128.828
135P.txt,47.748,25.597,125.984
46P.txt,45.146,18.974,140.742
47P.txt,43.589,16.86,144.164
48P.txt,42.484,21.952,144.435
49P.txt,38.249,21.597,145.5
50P.txt,39.733,18.08,148.107
79P.txt,46.649,26.082,137.697
84P.txt,41.078,26.655,140.769
85P.txt,36.162,28.587,141.188
129.txt,44.144,31.551,133.668
132.txt,45.85,26.273,131.669
133.txt,43.283,29.267,128.828
135.txt,47.748,25.597,125.984
164.txt,48.113,22.511,140.899
46.txt,45.146,18.974,140.742
48.txt,42.484,21.952,144.435
49.txt,38.249,21.597,145.5
79.txt,46.649,26.082,137.697
83.txt,42.094,29.749,138.889
84.txt,41.078,26.655,140.769
85.txt,36.162,28.587,141.188
