101P.txt,46.156,38.913,8.558
102P.txt,46.24,37.531,5.378
103P.txt,49.878,37.912,5.835
106P.txt,53.603,34.148,6.011
109P.txt,60.445,34.236,9.338
112P.txt,58.411,33.029,5.649
113P.txt,62.47,30.124,5.857
114P.txt,63.522,25.616,8.368
116P.txt,55.646,27.561,3.415
117P.txt,56.543,22.852,2.094
118P.txt,57.507,21.008,4.713
119P.txt,55.642,16.696,5.854
121P.txt,51.214,16.526,10.032
125P.txt,54.274,11.658,11.738
128P.txt,50.373,8.204,22.267
33P.txt,61.961,23.513,16.656
34P.txt,62.619,25.663,13.213
41P.txt,60.932,31.928,28.919
43P.txt,64.126,36.649,24.203
45P.txt,66.862,43.589,21.773
47P.txt,67.91,45.744,14.72
61P.txt,57.677,47.718,16.103
70P.txt,58.979,52.564,19.217
73P.txt,50.52,49.429,15.479
100.txt,43.289,36.088,11.253
101.txt,46.156,38.913,8.558
102.txt,46.24,37.531,5.378
103.txt,49.878,37.912,5.835
15.txt,45.361,25.649,24.047
16.txt,42.952,24.99,19.094
19.txt,41.858,23.023,11.254
20.txt,42.625,28.991,13.91
21.txt,41.23,31.002,9.71
63.txt,51.004,41.492,16.71
73.txt,50.52,49.429,15.479
75.txt,47.335,44.394,17.312
89.txt,46.87,30.701,27.004
93.txt,44.903,33.87,22.632
96.txt,44.231,31.947,17.489
97.txt,44.463,38.837,16.389
98.txt,48.962,36.949,14.164
