1003P.txt,34.46,65.242,3.093
1004P.txt,32.046,63.162,1.918
1006P.txt,28.218,59.612,3.288
1009P.txt,26.431,56.91,7.443
1039P.txt,25.622,69.399,0.202
1040P.txt,23.633,67.134,-1.791
1042P.txt,25.961,60.849,-1.716
1043P.txt,23.832,58.652,1.056
1044P.txt,19.927,57.338,0.876
1051P.txt,15.292,54.337,11.872
1056P.txt,9.944,56.211,19.585
1065P.txt,21.766,77.81,2.1
1067P.txt,25.622,73.827,-2.374
1090P.txt,22.687,84.683,6.813
921P.txt,9.1,66.209,24.604
923P.txt,12.397,70.313,29.066
937P.txt,35.03,69.482,2.327
938P.txt,31.646,71.392,0.693
940P.txt,32.87,77.534,3.367
941P.txt,35.708,76.936,6.698
942P.txt,34.076,80.029,7.908
943P.txt,29.94,78.425,6.441
962P.txt,20.869,65.614,36.812
963P.txt,17.693,61.801,36.393
974P.txt,34.87,60.628,5.816
975P.txt,34.316,59.36,9.606
983P.txt,28.528,60.238,29.955
1023.txt,28.88,53.264,23.891
1024.txt,25.58,56.539,27.36
1026.txt,19.699,59.002,29.349
962.txt,20.869,65.614,36.812
963.txt,17.693,61.801,36.393
966.txt,23.102,63.679,27.894
981.txt,31.112,62.374,24.464
982.txt,25.964,60.521,24.843
983.txt,28.528,60.238,29.955
984.txt,30.913,64.503,29.725
985.txt,31.575,66.568,33.423
986.txt,27.713,67.662,33.766
987.txt,29.546,71.674,34.333
989.txt,32.405,74.846,30.683
990.txt,33.838,69.946,30.175
993.txt,35.862,73.32,26.298
994.txt,35.102,69.462,24.74
996.txt,36.324,75.344,21.719
997.txt,38.908,71.354,20.466
