301P.txt,-40.086,16.652,-7.819
302P.txt,-36.87,14.252,-6.198
316P.txt,-59.168,-3.548,-15.672
317P.txt,-61.818,-3.778,-19.36
319P.txt,-65.303,-0.582,-21.693
324P.txt,-57.767,0.496,-14.641
346P.txt,-41.117,-7.939,-23.856
348P.txt,-39.634,-3.017,-28.764
350P.txt,-41.372,1.273,-28.484
354P.txt,-53.544,6.672,-24.888
355P.txt,-50.601,6.779,-20.559
356P.txt,-55.391,7.978,-19.979
358P.txt,-51.677,12.88,-16.561
359P.txt,-47.11,12.522,-15.586
363P.txt,-46.777,12.304,-4.674
372P.txt,-54.93,4.729,-10.37
378P.txt,-52.326,-1.861,-28.219
379P.txt,-56.757,-3.091,-30.704
381P.txt,-50.808,-9.144,-27.808
383P.txt,-46.335,-7.429,-23.109
395P.txt,-49.641,-7.848,-16.916
396P.txt,-50.114,-10.286,-21.654
398P.txt,-55.501,-9.552,-26.408
302.txt,-36.87,14.252,-6.198
306.txt,-35.496,3.621,-8.527
307.txt,-36.746,1.261,-5.943
308.txt,-39.971,-1.613,-7.745
309.txt,-43.442,0.186,-9.167
330.txt,-41.213,-0.139,-3.049
332.txt,-38.064,6.301,-0.216
333.txt,-37.29,7.761,-4.547
365.txt,-41.276,10.04,0.265
366.txt,-43.581,7.622,1.757
367.txt,-43.486,3.746,1.17
368.txt,-46.944,1.234,0.58
389.txt,-33.87,-3.257,-15.593
390.txt,-31.854,-5.869,-12.38
391.txt,-35.547,-2.806,-11.235
