14P.txt,-13.351,-3.443,58.641
15P.txt,-14.38,0.53,52.732
17P.txt,-10.923,5.986,52.148
18P.txt,-6.124,7.683,53.34
19P.txt,-4.7,3.364,48.917
20P.txt,-1.902,2.475,51.764
21P.txt,0.77,3.804,54.22
23P.txt,-2.998,5.196,60.732
24P.txt,-9.388,2.684,59.895
26P.txt,-2.161,0.05,61.963
27P.txt,-6.849,2.464,64.508
31P.txt,-8.916,-3.414,67.87
42P.txt,-4.847,-4.344,48.375
43P.txt,-8.319,-2.33,47.304
44P.txt,-9.731,1.341,48.205
50P.txt,3.43,-8.829,60.626
53P.txt,-0.722,-19.328,60.301
59P.txt,-13.273,-15.999,54.211
62P.txt,-23.053,-18.624,56.074
63P.txt,-21.033,-14.604,58.417
14.txt,-13.351,-3.443,58.641
15.txt,-14.38,0.53,52.732
17.txt,-10.923,5.986,52.148
18.txt,-6.124,7.683,53.34
19.txt,-4.7,3.364,48.917
22.txt,-4.133,3.554,56.676
24.txt,-9.388,2.684,59.895
27.txt,-6.849,2.464,64.508
42.txt,-4.847,-4.344,48.375
43.txt,-8.319,-2.33,47.304
44.txt,-9.731,1.341,48.205
45.txt,-9.259,-2.869,52.185
7.txt,-17.129,-7.981,60.761
