1P.txt,26.25,-3.74,93.4
11P.txt,47.403,-23.076,78.71
114P.txt,33.996,-54.165,77.985
118P.txt,28.935,-57.137,78.897
119P.txt,26.666,-58.32,76.569
12P.txt,41.37,-22.715,82.717
149P.txt,35.688,-27.503,91.177
175P.txt,56.076,-50.887,60.165
176P.txt,53.717,-53.029,57.318
182P.txt,48.556,-45.047,47.66
187P.txt,41.839,-42.957,49.029
2P.txt,29.842,-4.404,89.198
223P.txt,46.46,-16.275,71.938
226P.txt,45.593,-21.387,66.099
274P.txt,42.136,-51.632,83.642
278P.txt,39.308,-46.363,83.937
3P.txt,28.295,-8.324,89.874
337P.txt,16.542,-42.766,66.341
363P.txt,33.483,-12.218,52.032
372P.txt,43.539,-11.843,51.885
397P.txt,25.901,-45.474,52.829
398P.txt,22.41,-44.818,55.859
399P.txt,19.062,-44.702,52.06
4P.txt,33.229,-9.572,89.456
400P.txt,16.956,-44.404,59.249
415P.txt,11.029,-24.584,67.05
418P.txt,6.588,-21.658,65.025
419P.txt,10.14,-19.252,69.917
421P.txt,4.639,-16.348,64.268
422P.txt,4.592,-17.418,69.717
423P.txt,7.747,-15.276,71.417
424P.txt,7.059,-11.649,68.24
435P.txt,27.479,-1.422,79.077
1.txt,26.25,-3.74,93.4
3.txt,28.295,-8.324,89.874
305.txt,15.739,-15.521,76.125
307.txt,19.075,-11.968,75.89
309.txt,22.837,-13.592,81.135
310.txt,26.287,-9.041,82.401
311.txt,26.722,-10.733,85.765
312.txt,26.321,-16.902,83.425
313.txt,27.968,-20.582,87.361
316.txt,25.037,-24.549,86.685
318.txt,22.386,-20.266,83.533
319.txt,17.954,-19.077,82.577
4.txt,33.229,-9.572,89.456
435.txt,27.479,-1.422,79.077
5.txt,31.688,-13.436,85.927
6.txt,33.81,-16.832,88.78
