157P.txt,9.53,10.196,44.329
159P.txt,6.111,12.661,37.207
160P.txt,4.158,11.075,33.682
161P.txt,5.679,8.93,31.641
162P.txt,8.692,9.705,33.067
175P.txt,37.013,22.268,61.451
176P.txt,40.578,22.174,63.402
177P.txt,39.26,25.14,64.77
178P.txt,35.532,24.885,65.781
179P.txt,33.257,28.398,64.574
180P.txt,30.561,30.507,66.395
181P.txt,29.339,33.102,63.222
183P.txt,31.913,33.513,57.328
189P.txt,31.466,20.877,43.723
228P.txt,-10.345,16.255,79.913
229P.txt,-6.908,20.908,81.366
246P.txt,25.487,28.136,71.978
247P.txt,22.983,24.935,69.904
254P.txt,-1.425,21.31,64.763
256P.txt,-7.938,17.23,63.366
264P.txt,-7.289,29.738,62.542
278P.txt,-9.76,18.287,74.378
279P.txt,-11.451,15.173,70.767
283P.txt,-4.991,14.222,65.631
287P.txt,5.803,22.11,63.162
291P.txt,15.043,30.547,69.746
292P.txt,18.567,31.721,67.571
293P.txt,18.88,31.443,62.172
294P.txt,13.398,30.947,59.512
303P.txt,-1.073,11.859,69.924
304P.txt,-3.726,10.144,71.115
305P.txt,-7.35,12.412,71.191
15.txt,26.307,22.661,19.333
17.txt,25.921,26.78,13.626
18.txt,28.762,29.374,12.314
20.txt,34.574,25.561,15.253
23.txt,43.362,20.323,16.413
40.txt,36.672,4.715,18.667
42.txt,33.082,-1.32,19.445
43.txt,35.94,-0.451,16.295
45.txt,37.837,0.326,11.64
47.txt,41.515,5.83,13.412
54.txt,45.848,14.49,15.305
55.txt,41.51,14.203,16.502
56.txt,37.823,17.573,14.297
58.txt,32.012,19.529,15.984
59.txt,29.625,16.256,16.871
61.txt,31.307,10.817,17.328
62.txt,34.251,12.731,17.483
66.txt,39.735,7.88,20.769
