44P.txt,43.883,9.907,21.883
45P.txt,46.161,7.364,19.306
46P.txt,45.69,8.284,16.557
52P.txt,47.284,1.346,9.321
60P.txt,42.854,-7.784,20.608
61P.txt,44.507,-4.187,19.504
63P.txt,39.566,-5.52,24.761
64P.txt,44.319,-4.387,25.819
65P.txt,45.323,-0.482,24.919
66P.txt,41.247,0.994,25.172
67P.txt,38.856,0.769,29.616
68P.txt,35.599,-0.817,29.838
69P.txt,34.975,3.699,30.914
7P.txt,16.786,-3.181,20.941
70P.txt,36.615,4.902,26.917
72P.txt,30.208,5.522,26.411
73P.txt,34.309,9.971,28.096
74P.txt,36.303,10.103,24.257
8P.txt,20.478,-1.038,17.684
9P.txt,18.5,-4.265,13.811
91P.txt,40.736,-12.973,6.737
92P.txt,39.057,-8.934,8.384
97P.txt,52.983,-7.727,16.881
30.txt,33.117,-7.631,21.572
63.txt,39.566,-5.52,24.761
64.txt,44.319,-4.387,25.819
65.txt,45.323,-0.482,24.919
66.txt,41.247,0.994,25.172
67.txt,38.856,0.769,29.616
68.txt,35.599,-0.817,29.838
69.txt,34.975,3.699,30.914
70.txt,36.615,4.902,26.917
72.txt,30.208,5.522,26.411
