128P.txt,1.484,10.474,-16.829
130P.txt,7.434,6.929,-17.603
156P.txt,10.891,-2.27,-18.118
158P.txt,6.884,4.083,-13.978
159P.txt,1.906,4.507,-12.492
173P.txt,7.134,-1.719,-10.771
176P.txt,3.032,-2.85,-20.189
177P.txt,5.623,-8.521,-20.023
190P.txt,12.541,8.104,-19.604
191P.txt,10.55,6.77,-25.016
192P.txt,7.15,12.082,-20.283
193P.txt,2.36,6.294,-22.882
195P.txt,-2.867,5.16,-19.031
196P.txt,-6.904,6.026,-19.922
202P.txt,-27.398,8.99,-19.562
205P.txt,-26.448,19.317,-19.088
208P.txt,-25.626,17.677,-14.954
210P.txt,-19.277,17.809,-14.888
211P.txt,-23.302,16.903,-10.558
212P.txt,-22.222,13.145,-11.964
215P.txt,-19.043,13.525,-6.413
216P.txt,-16.105,8.262,-10.457
219P.txt,-15.673,9.118,-4.391
157.txt,6.762,1.444,-17.209
158.txt,6.884,4.083,-13.978
160.txt,3.519,8.573,-9.565
162.txt,-2.656,8.28,-3.974
166.txt,-5.96,12.237,0.369
167.txt,-0.349,13.137,1.817
168.txt,3.161,8.994,2.071
169.txt,1.307,10.873,-5.28
170.txt,4.526,4.197,-4.04
171.txt,8.509,5.466,-9.008
172.txt,3.41,1.863,-9.566
173.txt,7.134,-1.719,-10.771
223.txt,-6.285,14.493,-7.674
240.txt,0.68,13.998,-13.35
