101P.txt,3.104,-4.35,-70.594
107P.txt,3.363,-19.422,-62.033
109P.txt,3.228,-24.942,-64.329
11P.txt,-7.102,-32.606,-51.175
113P.txt,8.139,-35.505,-71.265
12P.txt,-2.991,-32.325,-52.141
13P.txt,-0.847,-28.942,-55.903
14P.txt,0.906,-30.908,-59.226
16P.txt,4.635,-26.997,-54.441
17P.txt,3.815,-22.31,-54.882
18P.txt,5.9,-18.913,-53.472
19P.txt,2.826,-16.143,-53.232
20P.txt,5.331,-12.734,-52.627
21P.txt,2.291,-8.473,-51.947
31P.txt,7.193,-7.034,-74.467
32P.txt,10.7,-4.597,-76.962
41P.txt,7.962,6.434,-56.402
47P.txt,-0.667,10.647,-55.513
49P.txt,0.925,5.203,-55.092
50P.txt,6.42,2.236,-53.055
54P.txt,1.095,-11.19,-56.083
85P.txt,2.69,-11.947,-66.323
86P.txt,3.554,-9.471,-70.056
87P.txt,2.773,-6.098,-65.255
10.txt,-8.716,-29.807,-53.913
106.txt,2.474,-15.662,-62.46
107.txt,3.363,-19.422,-62.033
108.txt,4.035,-23.222,-60.794
11.txt,-7.102,-32.606,-51.175
12.txt,-2.991,-32.325,-52.141
13.txt,-0.847,-28.942,-55.903
17.txt,3.815,-22.31,-54.882
19.txt,2.826,-16.143,-53.232
20.txt,5.331,-12.734,-52.627
21.txt,2.291,-8.473,-51.947
23.txt,9.189,-3.811,-53.523
52.txt,4.893,-2.855,-53.623
54.txt,1.095,-11.19,-56.083
56.txt,3.722,-16.83,-58.068
8.txt,-15.178,-27.381,-54.972
9.txt,-14.231,-31.289,-56.17
