207P.txt,49.691,68.767,-0.991
212P.txt,40.278,73.266,-4.33
215P.txt,41.279,77.915,-7.23
216P.txt,36.277,77.403,-6.725
219P.txt,36.444,79.996,-11.264
220P.txt,32.431,81.776,-8.833
222P.txt,35.234,85.631,-14.177
225P.txt,32.224,89.737,-13.0
229P.txt,30.248,93.346,-17.202
232P.txt,26.955,97.117,-16.898
233P.txt,24.742,97.519,-21.002
235P.txt,23.572,92.741,-24.106
242P.txt,28.664,82.967,-23.631
245P.txt,30.503,78.567,-22.462
248P.txt,30.928,74.83,-16.156
249P.txt,35.508,75.202,-19.604
251P.txt,34.78,73.978,-12.291
252P.txt,35.73,70.331,-15.625
256P.txt,41.558,66.439,-14.409
259P.txt,42.958,63.765,-10.382
260P.txt,46.128,64.85,-12.471
226.txt,30.538,88.216,-16.337
228.txt,27.187,92.892,-12.988
229.txt,30.248,93.346,-17.202
230.txt,25.792,91.329,-19.082
231.txt,23.677,93.956,-16.422
232.txt,26.955,97.117,-16.898
233.txt,24.742,97.519,-21.002
234.txt,19.876,96.645,-23.769
235.txt,23.572,92.741,-24.106
236.txt,22.391,88.462,-26.716
239.txt,25.696,87.179,-22.287
242.txt,28.664,82.967,-23.631
