101P.txt,7.782,19.918,31.288
20P.txt,8.888,18.611,42.232
21P.txt,9.58,14.416,41.215
22P.txt,6.38,14.48,38.181
23P.txt,4.895,9.786,39.38
29P.txt,-2.339,11.54,33.651
31P.txt,-1.628,9.753,28.627
33P.txt,4.781,4.871,28.127
34P.txt,7.672,7.925,28.921
37P.txt,9.487,9.295,38.868
49P.txt,11.957,46.382,51.36
51P.txt,8.363,50.034,51.146
55P.txt,-0.034,44.08,54.455
57P.txt,-1.949,46.348,46.78
59P.txt,-4.52,41.336,52.736
60P.txt,-6.849,43.963,49.554
61P.txt,-4.791,41.297,45.726
65P.txt,-7.446,36.423,42.856
66P.txt,-5.622,33.937,45.327
71P.txt,4.269,42.242,41.886
77P.txt,14.256,32.524,34.208
81P.txt,12.376,20.507,26.874
85P.txt,6.493,7.528,24.71
88P.txt,-2.756,8.799,20.249
94P.txt,3.435,9.594,19.682
25.txt,2.09,5.149,37.875
30.txt,-1.733,4.637,31.945
31.txt,-1.628,9.753,28.627
33.txt,4.781,4.871,28.127
34.txt,7.672,7.925,28.921
35.txt,8.754,10.032,31.415
36.txt,7.205,6.024,34.533
83.txt,11.521,14.01,24.479
85.txt,6.493,7.528,24.71
87.txt,-0.741,5.189,24.448
91.txt,-5.786,2.83,18.856
92.txt,-1.219,4.807,17.231
93.txt,2.614,4.959,20.586
94.txt,3.435,9.594,19.682
95.txt,9.83,10.766,20.938
