117P.txt,155.77,-60.445,-22.64
202P.txt,162.016,-60.255,-12.055
204P.txt,161.941,-63.761,-20.108
221P.txt,126.79,-64.778,-42.577
275P.txt,132.099,-36.458,-32.828
276P.txt,131.525,-31.16,-34.438
277P.txt,128.689,-33.38,-30.893
278P.txt,131.334,-30.084,-29.032
280P.txt,134.865,-29.037,-26.441
281P.txt,137.419,-32.169,-28.989
282P.txt,138.373,-36.593,-27.011
299P.txt,173.442,-45.474,-35.482
324P.txt,178.359,-44.551,-27.633
325P.txt,174.436,-43.808,-26.287
408P.txt,164.615,-18.755,-43.082
409P.txt,166.15,-22.419,-44.002
421P.txt,162.901,-44.857,-23.034
441P.txt,173.285,-52.129,-35.121
442P.txt,171.703,-49.301,-39.193
444P.txt,166.002,-48.397,-40.272
446P.txt,161.268,-46.321,-43.55
457P.txt,144.416,-24.939,-27.005
458P.txt,140.968,-24.135,-24.714
459P.txt,140.158,-21.224,-23.083
72P.txt,146.131,-68.902,-34.059
73P.txt,143.68,-65.478,-36.125
75P.txt,141.572,-66.361,-42.704
76P.txt,143.158,-67.122,-45.929
77P.txt,143.034,-63.257,-48.307
79P.txt,141.554,-64.208,-54.097
80P.txt,138.754,-63.029,-56.514
81P.txt,137.578,-59.401,-53.95
102.txt,135.648,-50.979,-29.925
275.txt,132.099,-36.458,-32.828
276.txt,131.525,-31.16,-34.438
277.txt,128.689,-33.38,-30.893
278.txt,131.334,-30.084,-29.032
279.txt,133.774,-26.655,-30.432
280.txt,134.865,-29.037,-26.441
281.txt,137.419,-32.169,-28.989
282.txt,138.373,-36.593,-27.011
365.txt,150.349,-29.707,-22.443
367.txt,152.442,-35.736,-19.884
368.txt,153.318,-39.41,-19.718
370.txt,154.423,-42.14,-23.896
371.txt,151.553,-37.891,-25.044
425.txt,154.204,-45.892,-19.844
426.txt,151.796,-50.672,-21.113
427.txt,148.822,-49.85,-26.314
455.txt,144.88,-30.817,-29.325
456.txt,140.758,-26.226,-30.056
457.txt,144.416,-24.939,-27.005
458.txt,140.968,-24.135,-24.714
459.txt,140.158,-21.224,-23.083
461.txt,141.954,-14.914,-26.87
471.txt,148.529,-35.941,-30.072
472.txt,147.098,-38.737,-28.58
473.txt,146.871,-42.19,-27.014
480.txt,138.261,-44.077,-34.514
96.txt,134.405,-40.064,-34.151
