229P.txt,57.839,143.643,151.936
232P.txt,53.696,146.327,145.29
235P.txt,49.903,142.35,137.649
255P.txt,37.167,163.103,137.6
257P.txt,32.503,166.761,140.233
258P.txt,34.316,171.043,139.22
259P.txt,30.779,170.558,142.936
262P.txt,36.168,166.528,149.291
278P.txt,37.15,152.917,158.953
312P.txt,35.491,151.937,170.811
334P.txt,17.19,134.619,157.619
336P.txt,17.588,128.774,158.364
337P.txt,15.052,131.028,158.303
338P.txt,13.442,130.382,153.475
339P.txt,13.311,133.774,151.812
340P.txt,14.873,137.468,149.073
351P.txt,15.734,156.053,163.559
356P.txt,24.366,154.237,168.784
394P.txt,24.295,161.097,159.369
401P.txt,29.674,163.549,166.576
405P.txt,34.745,159.469,160.598
411P.txt,42.644,167.578,146.121
460P.txt,54.188,154.35,135.021
469P.txt,53.371,154.69,129.959
494P.txt,40.203,158.538,128.352
502P.txt,53.284,149.839,137.759
503P.txt,56.434,151.463,142.489
504P.txt,58.156,153.615,139.297
505P.txt,59.427,155.612,142.343
510P.txt,55.357,169.269,146.17
346.txt,15.82,157.195,155.0
347.txt,20.033,157.587,155.779
348.txt,17.737,161.063,157.017
349.txt,16.005,159.403,159.949
350.txt,15.684,159.983,164.789
351.txt,15.734,156.053,163.559
362.txt,10.952,150.033,157.236
380.txt,13.217,160.123,150.692
381.txt,14.463,164.354,153.493
382.txt,15.754,166.029,150.747
383.txt,12.057,165.976,148.549
384.txt,14.24,166.005,144.971
385.txt,16.987,164.745,146.026
394.txt,24.295,161.097,159.369
396.txt,24.504,159.831,163.736
397.txt,22.494,161.36,166.415
398.txt,20.028,164.413,166.402
