2171P.txt,34.694,7.578,-9.825
2172P.txt,30.282,10.127,-10.78
2173P.txt,30.877,12.953,-13.054
2175P.txt,31.087,15.146,-7.648
2176P.txt,32.147,18.678,-9.504
2177P.txt,32.561,21.676,-7.072
2178P.txt,27.876,23.168,-7.33
2198P.txt,29.234,42.174,16.42
2200P.txt,34.013,44.156,17.511
2201P.txt,31.813,40.577,13.671
2214P.txt,39.3,35.559,7.934
2215P.txt,39.387,39.857,10.894
2217P.txt,36.3,32.577,8.316
2220P.txt,29.41,31.945,14.653
2222P.txt,21.471,34.269,17.036
2239P.txt,22.237,14.934,-9.313
2241P.txt,26.161,13.8,-4.816
2250P.txt,39.169,31.897,16.913
2288P.txt,39.32,19.424,12.656
2294P.txt,33.178,14.406,2.166
2296P.txt,28.276,11.147,0.292
2299P.txt,20.158,8.523,-2.276
2300P.txt,21.131,11.09,-4.921
2301P.txt,19.062,14.982,-3.202
2324P.txt,29.486,17.864,-4.115
2326P.txt,25.154,17.755,-11.275
2196.txt,27.661,36.195,16.129
2197.txt,26.333,40.202,14.076
2198.txt,29.234,42.174,16.42
2199.txt,30.78,46.207,16.769
2200.txt,34.013,44.156,17.511
2215.txt,39.387,39.857,10.894
2220.txt,29.41,31.945,14.653
2222.txt,21.471,34.269,17.036
2223.txt,22.032,30.819,18.995
2250.txt,39.169,31.897,16.913
2251.txt,42.052,33.202,18.948
2252.txt,43.378,29.551,21.53
2253.txt,38.704,28.51,19.954
2255.txt,34.842,27.226,15.925
2315.txt,34.27,24.763,21.618
2316.txt,30.835,27.921,19.248
