114P.txt,16.515,21.252,0.983
137P.txt,16.467,8.119,-29.658
139P.txt,17.635,11.41,-23.213
140P.txt,19.702,7.916,-23.672
141P.txt,21.028,11.149,-27.17
143P.txt,24.306,10.481,-20.411
144P.txt,27.065,13.642,-24.144
145P.txt,24.988,17.048,-22.976
146P.txt,23.778,14.547,-17.406
147P.txt,28.62,13.709,-18.892
148P.txt,29.268,17.963,-20.403
149P.txt,24.893,20.219,-18.366
150P.txt,27.936,16.319,-14.051
151P.txt,32.85,18.422,-15.883
152P.txt,29.954,21.85,-14.245
153P.txt,27.759,20.259,-9.124
154P.txt,32.416,18.364,-10.487
155P.txt,33.949,22.774,-11.739
156P.txt,30.756,25.675,-9.288
157P.txt,31.34,22.315,-5.635
158P.txt,36.552,22.731,-7.608
159P.txt,35.761,28.099,-8.648
58P.txt,27.0,23.088,7.922
59P.txt,27.039,20.992,5.024
60P.txt,24.606,18.429,6.354
76P.txt,7.011,15.582,18.995
125.txt,10.776,15.09,-15.537
128.txt,10.735,12.06,-20.972
129.txt,6.536,12.174,-20.048
130.txt,3.821,14.904,-22.75
131.txt,8.274,13.503,-26.469
132.txt,5.229,9.643,-25.64
133.txt,8.844,5.663,-28.106
134.txt,9.554,10.835,-29.401
136.txt,13.223,7.173,-24.354
137.txt,16.467,8.119,-29.658
71.txt,11.223,14.987,15.374
74.txt,5.442,14.125,11.392
75.txt,7.831,12.349,15.174
78.txt,1.507,14.805,17.607
79.txt,3.673,11.815,20.34
82.txt,-2.479,11.651,22.988
83.txt,0.479,11.798,25.957
