103P.txt,123.165,128.881,103.881
104P.txt,123.961,130.622,108.826
105P.txt,118.802,126.266,110.041
106P.txt,121.547,128.42,113.555
299P.txt,121.901,121.877,129.629
300P.txt,117.813,123.618,127.011
308P.txt,121.739,122.501,135.13
394P.txt,119.533,131.183,126.712
395P.txt,124.1,129.631,123.952
396P.txt,121.309,126.529,120.706
398P.txt,121.008,119.712,123.212
399P.txt,124.603,121.516,119.644
400P.txt,121.528,117.498,116.083
401P.txt,124.587,119.193,112.948
402P.txt,129.175,117.182,114.22
403P.txt,128.79,122.314,113.679
404P.txt,133.04,121.924,115.673
405P.txt,136.813,127.55,115.922
406P.txt,131.179,128.276,116.468
408P.txt,133.253,122.781,120.522
409P.txt,133.158,128.547,121.847
410P.txt,128.13,127.087,121.78
411P.txt,129.113,121.215,123.138
412P.txt,134.693,125.435,127.413
413P.txt,130.355,129.05,127.1
415P.txt,130.35,122.885,130.67
416P.txt,132.392,127.137,132.038
417P.txt,126.19,129.274,132.937
419P.txt,131.069,123.455,136.229
420P.txt,131.802,128.564,137.432
421P.txt,125.835,129.62,138.974
423P.txt,132.387,126.049,143.711
424P.txt,128.698,129.038,142.985
426P.txt,128.283,122.37,146.808
427P.txt,131.053,127.421,148.697
428P.txt,125.174,129.228,148.802
143.txt,94.689,121.244,95.278
271.txt,108.893,116.158,122.459
272.txt,106.71,118.049,126.159
273.txt,102.648,117.437,126.193
274.txt,100.952,122.655,124.789
48.txt,104.948,118.94,135.642
49.txt,106.165,116.897,132.154
50.txt,102.107,117.806,131.186
59.txt,103.324,129.044,118.563
60.txt,102.63,123.794,119.455
62.txt,101.518,120.856,115.304
63.txt,104.129,119.336,111.995
74.txt,102.285,124.057,102.416
75.txt,103.051,121.467,106.71
78.txt,98.322,126.799,111.043
79.txt,102.306,127.909,112.615
90.txt,106.766,119.661,119.57
92.txt,105.495,114.984,115.412
94.txt,107.104,116.858,108.308
