10P.txt,31.383,-2.397,7.092
11P.txt,34.418,-3.75,9.384
13P.txt,37.988,-3.804,13.298
14P.txt,35.658,-6.272,19.148
15P.txt,33.608,-10.122,17.774
28P.txt,21.192,-11.413,10.44
29P.txt,24.818,-5.913,8.038
32P.txt,32.131,-11.871,4.066
33P.txt,35.034,-8.646,3.18
34P.txt,38.713,-9.305,2.119
35P.txt,37.974,-5.148,2.146
37P.txt,39.775,-8.449,9.905
38P.txt,37.607,-11.802,11.646
5P.txt,33.206,0.964,-6.675
50P.txt,24.707,-1.648,14.337
51P.txt,26.016,-5.218,18.322
52P.txt,29.853,-6.765,16.56
6P.txt,31.415,4.158,-4.875
7P.txt,30.66,1.037,-1.588
8P.txt,30.1,1.355,1.754
9P.txt,33.993,-0.484,4.075
28.txt,21.192,-11.413,10.44
30.txt,26.834,-13.346,7.925
31.txt,30.794,-8.894,7.448
32.txt,32.131,-11.871,4.066
34.txt,38.713,-9.305,2.119
37.txt,39.775,-8.449,9.905
38.txt,37.607,-11.802,11.646
39.txt,33.974,-14.056,8.431
40.txt,30.974,-10.963,11.005
41.txt,27.512,-10.955,12.946
55.txt,30.409,-15.873,13.628
56.txt,33.331,-19.105,15.043
61.txt,25.245,-19.879,15.127
64.txt,21.548,-15.834,12.986
65.txt,18.556,-19.747,13.241
68.txt,16.224,-16.702,9.636
69.txt,12.962,-19.076,12.138
