30P.txt,-11.784,-11.398,7.951
31P.txt,-11.506,-11.036,3.04
32P.txt,-11.275,-7.337,3.963
33P.txt,-13.326,-6.233,-0.751
35P.txt,-13.68,1.649,-2.175
36P.txt,-9.787,0.749,-6.888
38P.txt,-5.978,5.949,-10.03
41P.txt,3.047,10.498,-8.075
42P.txt,0.508,9.861,-5.104
52P.txt,-7.161,4.38,6.964
53P.txt,-11.091,1.686,4.418
55P.txt,-9.838,-2.164,10.71
70P.txt,7.542,6.274,1.474
80P.txt,-12.416,9.079,3.008
81P.txt,-8.619,12.024,-0.689
82P.txt,-8.595,8.766,-3.801
83P.txt,-11.988,6.514,-1.498
84P.txt,-13.08,11.51,-4.411
85P.txt,-13.556,7.753,-8.394
86P.txt,-20.101,6.511,-8.34
87P.txt,-14.387,2.798,-8.544
88P.txt,-15.763,-1.594,-8.348
89P.txt,-14.888,-2.207,-1.961
90P.txt,-9.966,-4.446,-5.518
101.txt,3.348,-4.718,-10.534
104.txt,8.638,-4.294,-9.455
105.txt,7.407,1.286,-13.003
107.txt,14.742,0.395,-7.732
108.txt,13.112,-0.285,-14.243
109.txt,12.619,5.644,-12.942
11.txt,16.481,-2.658,-1.83
110.txt,15.018,5.935,-8.799
14.txt,9.668,-4.118,-2.736
15.txt,12.279,-7.361,0.514
