10P.txt,95.152,-10.2,52.024
101P.txt,96.166,-11.926,56.81
103P.txt,92.719,-14.197,53.786
12P.txt,95.266,-6.09,56.446
139P.txt,74.304,-10.154,41.064
14P.txt,95.35,-2.436,59.509
140P.txt,76.09,-8.302,38.156
142P.txt,82.273,-9.833,40.279
143P.txt,82.566,-5.826,41.393
145P.txt,78.362,-10.838,44.896
146P.txt,81.213,-9.021,47.303
150P.txt,88.656,1.295,51.598
151P.txt,91.784,-0.416,54.312
152P.txt,94.662,1.889,52.878
153P.txt,93.628,2.598,49.734
154P.txt,93.666,-1.785,48.784
155P.txt,88.524,-1.232,47.311
157P.txt,86.785,-6.829,46.577
16P.txt,89.834,-5.047,61.887
56P.txt,84.727,6.77,57.593
57P.txt,84.508,2.859,56.191
58P.txt,84.085,2.732,51.781
60P.txt,79.64,-3.23,50.131
7P.txt,89.336,-12.008,51.138
8P.txt,89.745,-11.56,45.529
9P.txt,93.432,-8.792,48.471
138.txt,71.495,-12.204,42.466
139.txt,74.304,-10.154,41.064
140.txt,76.09,-8.302,38.156
141.txt,79.734,-8.093,38.264
144.txt,76.707,-5.501,43.059
25.txt,67.172,-5.973,48.94
26.txt,61.144,-7.429,49.654
27.txt,62.948,-10.577,45.94
28.txt,60.624,-10.892,48.099
29.txt,57.638,-12.672,47.776
30.txt,56.562,-12.029,44.202
31.txt,53.832,-14.896,43.843
32.txt,52.957,-17.344,47.77
35.txt,58.322,-16.401,52.041
37.txt,63.864,-13.723,49.894
39.txt,68.983,-11.589,48.181
42.txt,75.637,-3.658,46.017
43.txt,75.153,-0.777,46.639
44.txt,76.799,3.021,46.799
79.txt,57.882,1.515,50.828
81.txt,54.827,-3.58,51.29
82.txt,58.87,-0.609,46.726
83.txt,60.852,-4.376,45.506
84.txt,63.174,-0.943,44.907
85.txt,62.915,1.651,47.695
