100P.txt,51.047,8.511,-22.068
141P.txt,37.877,-7.947,-23.773
145P.txt,33.625,-8.423,-11.459
147P.txt,41.343,-6.585,-9.774
148P.txt,41.982,-8.088,-5.268
151P.txt,46.781,-7.767,-9.18
152P.txt,46.225,-12.647,-5.553
164P.txt,31.338,-8.228,-8.229
165P.txt,28.855,-3.054,-9.189
166P.txt,32.613,-2.214,-11.603
167P.txt,33.384,-4.234,-15.065
168P.txt,37.801,-3.728,-14.027
169P.txt,36.043,-3.699,-19.207
170P.txt,42.298,-6.154,-18.591
192P.txt,49.006,-8.488,-15.124
212P.txt,32.645,-10.439,-20.42
216P.txt,33.591,-8.091,-26.985
28P.txt,51.111,-3.811,-18.792
29P.txt,52.577,-2.383,-15.918
30P.txt,51.616,1.082,-15.055
32P.txt,46.887,0.83,-19.892
69P.txt,43.573,7.562,-24.159
71P.txt,48.299,4.44,-20.444
72P.txt,44.92,6.245,-19.318
73P.txt,43.07,2.944,-22.74
74P.txt,41.88,2.27,-26.446
75P.txt,39.977,-0.225,-28.564
77P.txt,40.203,-2.432,-32.606
12.txt,40.091,-31.434,-27.525
13.txt,43.908,-30.674,-26.448
15.txt,48.896,-25.26,-26.207
155.txt,47.861,-21.153,-11.788
156.txt,49.121,-23.109,-8.22
157.txt,43.359,-22.892,-10.198
17.txt,51.661,-22.886,-24.003
178.txt,41.692,-28.137,-22.345
179.txt,39.897,-31.046,-20.372
18.txt,52.78,-27.621,-28.352
180.txt,40.355,-30.42,-16.13
181.txt,39.224,-31.008,-12.677
182.txt,35.512,-31.531,-15.972
184.txt,35.938,-27.226,-20.661
185.txt,41.302,-25.378,-19.538
187.txt,45.082,-21.529,-22.472
198.txt,51.584,-20.908,-15.183
199.txt,55.071,-19.103,-15.979
20.txt,57.819,-23.925,-30.678
203.txt,45.237,-22.069,-16.817
