163P.txt,12.372,20.487,-4.722
195P.txt,5.199,9.228,-0.061
198P.txt,7.213,19.19,-8.247
199P.txt,3.724,17.694,-11.614
210P.txt,7.123,9.421,-5.584
226P.txt,-4.935,17.941,-8.11
227P.txt,-4.857,20.774,-10.98
229P.txt,-0.282,25.767,-14.233
234P.txt,-0.574,22.275,-18.292
236P.txt,1.267,20.862,-11.29
237P.txt,0.365,16.395,-8.889
247P.txt,-4.982,22.267,3.415
249P.txt,-8.786,24.947,-2.336
260P.txt,-10.603,24.672,-10.97
262P.txt,-8.751,17.922,-5.021
263P.txt,-6.937,19.17,-1.436
264P.txt,-5.849,15.752,0.341
265P.txt,-4.696,16.498,4.088
266P.txt,-3.254,13.176,5.996
274P.txt,-0.145,7.484,-4.854
276P.txt,-3.936,5.853,-0.599
277P.txt,-5.082,9.066,-4.289
278P.txt,-9.742,9.87,-2.795
279P.txt,-12.832,12.493,-6.126
280P.txt,-14.344,15.86,-1.426
281P.txt,-16.657,13.885,-3.135
282P.txt,-15.09,17.606,-7.507
283P.txt,-16.581,14.558,-8.437
48P.txt,-11.217,29.551,-8.524
70P.txt,-10.832,38.565,-6.079
72P.txt,-17.974,37.309,-8.707
112.txt,11.247,50.208,9.692
113.txt,7.252,49.534,7.374
114.txt,5.433,52.588,10.143
116.txt,-1.744,52.911,3.64
118.txt,-5.877,49.384,9.841
174.txt,5.126,45.693,17.48
58.txt,11.253,49.704,3.298
91.txt,-1.688,56.754,10.217
92.txt,-2.438,52.772,11.208
94.txt,6.367,49.353,14.006
