114P.txt,-34.18,26.232,19.561
115P.txt,-37.807,27.539,18.249
116P.txt,-40.333,23.294,17.342
117P.txt,-44.337,25.402,17.29
118P.txt,-45.226,20.721,15.679
119P.txt,-50.434,23.05,14.909
120P.txt,-53.023,20.474,14.807
121P.txt,-56.745,25.074,13.461
122P.txt,-60.724,25.029,14.104
123P.txt,-63.46,26.89,11.864
124P.txt,-67.785,26.005,12.889
125P.txt,-68.897,28.801,9.881
126P.txt,-72.48,30.705,10.148
127P.txt,-75.365,32.282,7.88
128P.txt,-79.051,34.322,9.124
129P.txt,-79.019,31.68,5.644
130P.txt,-78.048,28.101,7.349
132P.txt,-72.932,25.355,7.967
133P.txt,-68.835,25.784,7.869
134P.txt,-65.349,24.47,7.623
135P.txt,-61.15,25.408,8.866
136P.txt,-59.348,21.281,9.43
137P.txt,-55.538,23.134,10.544
138P.txt,-51.863,23.058,10.276
139P.txt,-48.972,25.116,12.329
140P.txt,-44.638,24.093,11.428
141P.txt,-42.678,27.057,13.592
142P.txt,-38.476,26.202,12.378
143P.txt,-35.999,28.356,14.94
144P.txt,-32.282,30.78,15.38
145P.txt,-32.428,32.922,19.308
173.txt,-21.153,49.445,18.482
179.txt,-33.131,55.041,15.635
181.txt,-26.147,49.733,16.443
182.txt,-25.67,53.668,13.831
183.txt,-20.067,51.104,12.69
185.txt,-18.052,50.944,8.397
186.txt,-22.395,52.683,8.972
187.txt,-23.15,54.766,3.539
188.txt,-28.104,55.067,4.625
189.txt,-28.388,55.148,0.945
190.txt,-30.199,58.811,2.032
191.txt,-30.337,59.657,5.766
200.txt,-33.71,61.559,8.955
263.txt,-33.219,67.049,1.079
264.txt,-30.848,64.958,3.623
266.txt,-24.94,62.344,3.589
