12P.txt,6.38,-41.904,19.276
13P.txt,10.534,-46.435,22.236
138P.txt,-6.02,-34.075,39.056
145P.txt,-1.243,-34.36,29.152
148P.txt,2.466,-37.125,26.564
149P.txt,-0.173,-30.941,23.257
152P.txt,5.255,-34.455,21.272
153P.txt,4.84,-29.882,20.663
156P.txt,7.363,-32.882,15.749
158P.txt,14.211,-35.196,15.652
159P.txt,11.529,-39.307,14.07
16P.txt,5.13,-46.0,25.244
161P.txt,5.761,-37.074,12.627
162P.txt,0.165,-38.734,14.462
163P.txt,2.43,-39.369,9.879
165P.txt,-0.702,-46.156,7.784
19P.txt,0.953,-43.081,27.974
22P.txt,-2.588,-42.446,30.766
23P.txt,-1.661,-43.559,37.744
24P.txt,-6.438,-39.979,36.758
25P.txt,-8.647,-39.881,32.253
26P.txt,-7.179,-34.452,30.625
27P.txt,-11.826,-36.309,29.004
30P.txt,-12.14,-32.146,32.371
33P.txt,-8.403,-29.091,30.669
7P.txt,17.729,-47.581,17.253
100.txt,30.078,-35.09,23.987
101.txt,31.65,-34.862,19.652
111.txt,19.314,-18.101,18.388
113.txt,19.516,-20.207,25.53
116.txt,17.252,-24.608,26.425
120.txt,13.639,-21.84,32.852
2.txt,26.722,-38.692,12.497
53.txt,20.396,-32.237,19.52
54.txt,21.062,-28.391,22.386
57.txt,20.133,-32.702,27.04
58.txt,18.609,-28.796,28.771
61.txt,17.723,-32.676,32.847
64.txt,15.642,-37.502,34.822
65.txt,14.333,-33.439,38.393
68.txt,13.309,-37.91,39.473
86.txt,16.037,-46.143,31.373
89.txt,20.173,-40.783,31.994
90.txt,18.681,-43.741,25.752
92.txt,19.185,-37.01,28.719
93.txt,23.214,-41.057,25.875
96.txt,25.218,-35.757,25.947
97.txt,26.271,-37.754,21.883
99.txt,26.156,-31.579,23.196
