117P.txt,36.497,-7.083,49.182
119P.txt,39.867,-13.222,51.494
120P.txt,41.14,-14.697,47.947
121P.txt,40.005,-10.783,43.884
122P.txt,41.194,-15.433,41.96
198P.txt,46.01,-13.954,36.847
199P.txt,45.5,-11.934,39.376
201P.txt,44.195,-9.784,45.218
202P.txt,45.88,-12.204,49.224
203P.txt,41.791,-8.305,50.75
204P.txt,40.641,-8.344,54.737
205P.txt,37.639,-11.031,55.248
206P.txt,35.555,-8.663,57.354
207P.txt,31.825,-11.587,58.504
366P.txt,24.608,-26.605,32.902
368P.txt,29.005,-22.284,36.474
369P.txt,27.273,-24.204,40.998
377P.txt,23.562,-12.761,49.939
380P.txt,26.531,-12.35,53.497
419P.txt,26.444,-25.252,50.27
421P.txt,29.829,-21.792,48.167
422P.txt,33.7,-20.116,51.793
423P.txt,34.793,-20.635,46.836
425P.txt,31.992,-17.936,40.103
429P.txt,32.894,-11.283,35.867
430P.txt,35.795,-10.444,37.681
431P.txt,36.117,-14.354,38.779
432P.txt,37.291,-16.777,40.686
434P.txt,37.913,-17.242,49.554
435P.txt,33.862,-14.203,50.357
436P.txt,34.59,-16.403,55.309
437P.txt,33.761,-18.95,57.306
107.txt,25.79,1.983,41.633
217.txt,18.492,4.86,40.47
220.txt,19.189,15.548,36.238
221.txt,18.387,19.238,35.309
246.txt,12.998,13.511,39.985
247.txt,12.415,9.461,40.914
51.txt,24.675,10.887,34.936
52.txt,21.192,8.988,36.83
53.txt,20.279,11.791,41.501
54.txt,20.932,8.27,44.314
55.txt,17.76,8.188,46.571
72.txt,28.788,7.923,52.299
73.txt,26.059,8.029,47.321
74.txt,22.796,8.878,48.068
75.txt,20.271,12.132,48.189
76.txt,17.738,12.669,50.752
77.txt,13.819,10.689,49.849
78.txt,10.777,13.997,47.717
79.txt,8.638,13.599,50.78
80.txt,6.041,15.479,48.976
