117P.txt,23.721,9.337,-5.223
201P.txt,-9.37,-3.868,-24.489
63P.txt,27.796,-0.768,-6.148
228P.txt,39.612,4.572,-22.19
49P.txt,38.599,-8.31,-3.766
376P.txt,22.916,16.477,-25.194
48P.txt,41.916,-10.219,-2.922
64P.txt,28.832,3.686,-6.692
70P.txt,40.325,-5.67,-8.547
58P.txt,24.008,-9.003,-4.384
171P.txt,-6.249,2.779,-12.941
65P.txt,31.741,0.72,-4.066
67P.txt,33.752,2.104,-10.178
172P.txt,-10.336,2.05,-17.394
173P.txt,-8.092,4.941,-18.422
8P.txt,-30.263,9.834,-12.597
5P.txt,-36.579,5.023,-22.388
382P.txt,17.712,14.276,-17.115
4P.txt,-32.132,2.452,-24.464
68P.txt,37.031,0.513,-5.559
6P.txt,-34.834,5.943,-18.004
54P.txt,25.779,-15.222,-1.6
7P.txt,-33.481,10.308,-16.62
55P.txt,23.244,-17.344,1.527
69P.txt,40.568,-1.345,-6.874
51P.txt,32.686,-11.727,-1.448
50P.txt,35.726,-11.917,-5.595
52P.txt,34.764,-18.126,-4.685
379P.txt,20.86,15.604,-21.086
378P.txt,23.29,11.268,-21.677
53P.txt,28.087,-18.761,-1.473
118P.txt,22.305,7.86,-9.621
119P.txt,19.941,9.32,-11.458
