117P.txt,-23.33,13.815,-49.448
12P.txt,-40.992,4.319,-40.665
11P.txt,-41.636,0.673,-43.096
214P.txt,-43.612,6.346,-31.201
75P.txt,-49.298,-1.222,-52.524
74P.txt,-45.925,-2.139,-51.496
70P.txt,-33.07,-8.526,-51.627
171P.txt,-42.76,22.195,-37.331
206P.txt,-26.039,15.064,-45.951
212P.txt,-42.064,13.269,-37.673
204P.txt,-19.957,18.027,-43.68
73P.txt,-44.475,-6.453,-51.789
9P.txt,-37.201,-3.225,-40.754
72P.txt,-41.057,-6.364,-51.837
208P.txt,-32.465,12.925,-46.522
95P.txt,-16.106,8.715,-55.197
209P.txt,-35.153,16.502,-40.936
68P.txt,-28.386,-11.026,-53.513
168P.txt,-49.185,21.903,-37.803
82P.txt,-34.325,-4.54,-50.661
69P.txt,-31.335,-7.03,-55.825
93P.txt,-15.747,12.334,-46.878
52P.txt,-36.092,-8.665,-62.594
84P.txt,-27.337,-3.852,-48.706
20P.txt,-39.398,13.384,-50.135
132P.txt,-45.0,23.472,-15.952
19P.txt,-42.137,11.285,-48.99
125P.txt,-36.742,7.299,-28.882
