271P.txt,47.025,-54.4,83.937
307P.txt,19.075,-11.968,75.89
138P.txt,21.361,-35.13,88.56
11P.txt,47.403,-23.076,78.71
163P.txt,51.502,-40.388,76.29
160P.txt,49.557,-38.352,81.053
149P.txt,35.688,-27.503,91.177
398P.txt,22.41,-44.818,55.859
372P.txt,43.539,-11.843,51.885
399P.txt,19.062,-44.702,52.06
402P.txt,20.175,-38.411,53.592
167P.txt,56.739,-41.531,74.222
220P.txt,43.231,-15.383,75.354
234P.txt,50.765,-32.927,67.05
156P.txt,46.305,-33.342,82.497
142P.txt,24.564,-33.606,93.18
143P.txt,28.06,-31.805,91.113
141P.txt,19.77,-30.649,90.79
226P.txt,45.593,-21.387,66.099
3P.txt,28.295,-8.324,89.874
435P.txt,27.479,-1.422,79.077
227P.txt,46.698,-23.563,71.263
153P.txt,43.431,-34.17,87.637
392P.txt,27.716,-38.508,46.932
423P.txt,7.747,-15.276,71.417
422P.txt,4.592,-17.418,69.717
135P.txt,25.288,-39.212,86.886
108P.txt,30.312,-44.164,79.441
281P.txt,34.738,-43.709,81.514
282P.txt,37.39,-40.527,84.681
132P.txt,25.356,-41.389,81.47
278P.txt,39.308,-46.363,83.937
131P.txt,21.907,-43.233,82.499
