262P.txt,24.343,-22.539,94.098
458P.txt,51.849,-15.91,79.436
474P.txt,31.471,-18.582,77.647
201P.txt,13.678,-3.338,71.522
216P.txt,16.117,-32.379,86.141
202P.txt,11.137,0.031,73.829
438P.txt,16.201,-0.288,92.317
439P.txt,11.679,-1.348,93.876
388P.txt,40.87,-7.249,93.818
372P.txt,36.627,-6.985,85.502
366P.txt,40.42,-6.637,81.53
204P.txt,8.173,-3.669,79.354
365P.txt,43.762,-7.809,82.934
371P.txt,34.698,-10.09,82.568
198P.txt,21.425,-0.315,65.921
220P.txt,16.992,-36.574,73.624
368P.txt,33.776,-5.761,79.185
221P.txt,14.641,-38.221,70.713
223P.txt,19.848,-39.38,71.033
425P.txt,27.318,-5.592,78.456
419P.txt,28.359,0.321,91.084
222P.txt,17.02,-41.14,70.014
434P.txt,18.156,0.157,80.3
219P.txt,16.803,-38.075,76.668
437P.txt,15.523,1.518,88.767
422P.txt,20.914,0.429,85.891
120P.txt,16.272,-0.86,76.264
297P.txt,23.821,-6.188,99.935
252P.txt,20.915,-24.698,91.843
440P.txt,13.836,-2.937,97.224
441P.txt,15.869,-1.715,100.11
125P.txt,22.573,-4.863,62.302
