114P.txt,56.754,51.835,11.862
115P.txt,56.449,51.101,5.555
117P.txt,53.804,49.036,1.472
116P.txt,53.652,52.735,1.834
113P.txt,61.732,50.269,10.122
62P.txt,61.612,30.356,19.347
89P.txt,54.751,36.231,25.267
60P.txt,48.919,24.453,20.225
58P.txt,48.975,29.357,17.048
205P.txt,38.839,57.585,10.527
57P.txt,45.231,28.827,18.683
95P.txt,43.651,25.4,30.212
97P.txt,42.024,22.475,27.264
96P.txt,45.586,23.585,25.09
41P.txt,50.283,27.996,10.042
92P.txt,48.875,34.593,32.519
208BP.txt,40.351,56.55,13.538
90P.txt,51.897,32.355,25.865
20P.txt,37.345,40.299,-1.595
135P.txt,29.78,46.694,9.731
120P.txt,51.594,49.934,13.215
134P.txt,28.467,49.153,12.615
37P.txt,58.248,22.53,7.088
122P.txt,45.999,51.413,16.14
123P.txt,46.168,49.311,20.235
25P.txt,48.461,48.452,1.756
118P.txt,56.282,47.465,7.108
131P.txt,29.12,50.733,20.958
119P.txt,51.499,51.796,8.131
