14P.txt,24.622,4.204,33.073
28P.txt,16.97,12.979,30.894
13P.txt,20.84,7.348,30.623
10P.txt,11.849,8.111,29.263
11P.txt,15.658,3.163,29.986
88P.txt,21.249,15.124,44.942
9P.txt,6.773,7.303,29.835
8P.txt,6.746,5.65,33.604
94P.txt,6.034,22.686,41.791
81P.txt,9.084,28.159,48.028
95P.txt,0.967,19.998,42.573
4P.txt,4.551,14.769,41.707
40P.txt,26.73,7.856,27.22
6P.txt,8.613,8.499,39.337
82P.txt,6.727,24.474,47.593
3P.txt,6.047,10.678,42.537
87P.txt,17.682,12.191,40.885
2P.txt,3.423,6.857,42.737
84P.txt,10.684,19.432,48.601
1P.txt,4.534,4.128,45.466
21P.txt,7.917,17.452,33.428
22P.txt,2.764,17.827,35.53
25P.txt,7.522,16.747,28.989
