29P.txt,-85.444,64.173,-50.124
114P.txt,-48.549,83.282,-39.123
115P.txt,-52.586,84.77,-38.015
117P.txt,-54.362,76.556,-36.058
116P.txt,-54.116,80.221,-37.863
106P.txt,-41.653,73.546,-50.816
113P.txt,-52.874,82.532,-42.175
49P.txt,-58.602,56.705,-48.806
48P.txt,-61.747,51.927,-47.605
59P.txt,-40.083,61.73,-48.229
57P.txt,-43.675,59.556,-54.939
40P.txt,-72.899,59.264,-40.391
54P.txt,-50.932,54.427,-52.525
55P.txt,-47.465,55.503,-50.811
41P.txt,-70.575,56.958,-46.488
45P.txt,-66.074,56.956,-48.695
51P.txt,-55.761,53.41,-44.725
44P.txt,-66.962,54.389,-45.234
52P.txt,-56.9,51.356,-48.556
47P.txt,-61.913,56.797,-42.624
53P.txt,-54.584,55.416,-50.939
33P.txt,-80.831,61.203,-40.467
31P.txt,-82.889,66.18,-44.403
30P.txt,-84.132,67.539,-48.292
