14P.txt,95.505,113.412,21.499
16P.txt,94.19,106.226,21.643
17P.txt,98.266,106.765,22.145
13P.txt,94.788,111.574,15.878
12P.txt,91.796,114.623,16.921
10P.txt,96.625,119.019,18.964
11P.txt,96.729,115.463,17.394
89P.txt,78.501,112.864,23.966
9P.txt,100.759,119.962,18.706
8P.txt,102.735,122.479,20.943
86P.txt,86.733,118.71,21.926
87P.txt,85.84,114.862,19.698
85P.txt,85.329,118.257,27.097
34P.txt,103.632,109.285,51.895
120P.txt,84.966,105.721,19.546
35P.txt,101.746,108.0,48.159
37P.txt,99.976,107.375,55.073
36P.txt,101.594,103.865,53.02
32P.txt,105.71,107.37,47.895
33P.txt,106.094,106.646,51.827
31P.txt,103.492,103.791,45.918
119P.txt,89.713,103.857,21.523
24P.txt,104.019,103.017,30.357
30P.txt,108.549,101.507,42.509
