289P.txt,-82.793,104.735,66.477
276P.txt,-83.59,73.925,77.99
277P.txt,-87.286,76.002,76.112
275P.txt,-83.436,72.587,74.296
300P.txt,-78.448,77.059,74.452
274P.txt,-82.822,68.494,73.566
270P.txt,-79.256,69.769,65.695
271P.txt,-79.684,64.974,64.895
273P.txt,-76.766,68.35,70.037
272P.txt,-78.202,65.345,69.688
188P.txt,-100.696,94.066,46.248
189P.txt,-101.836,91.227,44.359
194P.txt,-88.819,87.248,39.86
187P.txt,-96.61,93.684,44.418
193P.txt,-89.437,83.889,45.085
150P.txt,-74.322,72.611,68.573
151P.txt,-78.302,75.425,65.871
192P.txt,-93.862,85.335,43.491
190P.txt,-100.738,87.139,43.607
191P.txt,-97.0,86.898,46.086
281P.txt,-86.638,80.553,69.555
268P.txt,-84.69,73.771,65.247
269P.txt,-81.826,72.042,67.897
279P.txt,-86.524,82.139,75.83
290P.txt,-81.23,103.068,61.342
