14P.txt,31.767,15.388,3.364
28P.txt,33.53,6.448,-13.801
17P.txt,26.32,19.06,-5.497
12P.txt,32.637,6.147,-1.87
76P.txt,21.51,2.6,-26.443
77P.txt,18.529,1.955,-30.785
49P.txt,36.913,18.611,-15.974
61P.txt,20.882,16.872,-12.369
74P.txt,17.972,-3.092,-22.762
71P.txt,14.197,5.869,-21.335
73P.txt,19.164,-0.245,-19.722
7P.txt,29.214,-2.421,-1.637
51P.txt,35.764,17.101,-11.524
50P.txt,39.836,13.826,-15.217
44P.txt,30.376,9.538,-6.647
52P.txt,35.697,12.991,-8.454
34P.txt,19.384,3.46,2.206
20P.txt,22.622,20.486,-15.041
21P.txt,26.962,17.599,-13.778
19P.txt,25.296,22.422,-9.41
24P.txt,28.096,17.624,-24.055
30P.txt,30.532,5.728,-9.218
