14P.txt,61.202,-39.502,19.369
48P.txt,48.746,-44.898,21.598
70P.txt,47.815,-22.651,12.175
71P.txt,51.637,-19.564,11.86
67P.txt,43.94,-22.834,13.794
66P.txt,43.073,-26.824,11.437
72P.txt,52.993,-19.996,17.96
57P.txt,68.124,-41.332,11.857
43P.txt,47.644,-36.762,17.459
4P.txt,57.141,-26.9,8.653
6P.txt,61.074,-32.009,10.322
55P.txt,59.504,-41.377,14.81
51P.txt,54.994,-44.022,20.739
3P.txt,51.985,-28.228,6.037
52P.txt,52.096,-45.688,16.302
47P.txt,52.494,-40.63,23.753
1P.txt,46.577,-25.828,6.949
53P.txt,54.376,-42.97,13.651
21P.txt,58.536,-32.834,26.699
23P.txt,52.491,-34.504,23.649
19P.txt,57.624,-37.762,23.103
24P.txt,53.328,-30.987,27.868
