38P.txt,23.929,0.955,95.558
39P.txt,27.679,5.298,94.177
176P.txt,33.299,-23.559,74.898
149P.txt,28.332,-16.045,67.393
175P.txt,35.893,-22.71,79.228
203P.txt,28.395,-27.424,85.653
70P.txt,24.422,10.027,80.842
71P.txt,23.96,6.173,84.43
57P.txt,32.91,-14.195,96.534
156P.txt,20.377,-29.302,63.704
42P.txt,34.757,8.882,92.209
40P.txt,30.032,0.871,94.185
155P.txt,15.34,-27.979,65.003
154P.txt,19.7,-24.932,65.071
41P.txt,32.342,4.236,93.2
69P.txt,28.312,12.313,79.398
45P.txt,42.627,10.66,87.637
51P.txt,37.867,-5.811,91.74
187P.txt,14.154,-6.592,63.92
186P.txt,13.13,-11.99,63.996
50P.txt,34.905,-1.735,90.893
44P.txt,39.936,10.148,90.764
46P.txt,44.146,6.812,88.866
190P.txt,21.095,-6.702,69.356
47P.txt,43.131,2.257,89.545
32P.txt,31.052,6.716,88.705
30P.txt,36.63,11.092,86.844
