10P.txt,-21.071,-9.007,58.833
11P.txt,-18.248,-10.757,56.882
62P.txt,-23.053,-18.624,56.074
63P.txt,-21.033,-14.604,58.417
61P.txt,-18.166,-19.289,57.265
60P.txt,-16.095,-15.703,57.816
64P.txt,-23.014,-13.135,50.898
59P.txt,-13.273,-15.999,54.211
9P.txt,-20.69,-10.241,63.519
8P.txt,-15.5,-12.028,63.647
56P.txt,-9.846,-15.65,62.057
54P.txt,-3.333,-19.92,64.048
55P.txt,-5.61,-15.943,62.243
52P.txt,-2.166,-15.13,65.0
1P.txt,-1.119,-15.129,58.147
53P.txt,-0.722,-19.328,60.301
34P.txt,-2.619,-7.265,67.839
35P.txt,0.805,-5.203,70.584
36P.txt,2.113,-6.94,66.194
31P.txt,-8.916,-3.414,67.87
