15P.txt,59.644,7.907,130.865
129P.txt,44.144,31.551,133.668
14P.txt,62.062,9.452,129.06
116P.txt,63.271,14.204,157.144
113P.txt,55.461,7.329,160.499
39P.txt,58.803,14.928,124.242
88P.txt,39.917,29.311,149.083
176P.txt,84.598,15.816,142.517
63P.txt,75.629,4.214,145.421
49P.txt,38.249,21.597,145.5
61P.txt,68.663,2.858,146.931
73P.txt,67.864,21.414,140.019
66P.txt,82.311,10.085,146.284
83P.txt,42.094,29.749,138.889
41P.txt,57.67,12.079,129.655
51P.txt,41.2,19.058,151.87
151P.txt,73.697,5.195,156.2
50P.txt,39.733,18.08,148.107
34P.txt,54.311,18.711,123.534
135P.txt,47.748,25.597,125.984
109P.txt,58.156,-0.68,151.996
21P.txt,52.556,6.657,144.083
136P.txt,52.052,30.024,127.354
33P.txt,53.076,17.588,127.314
25P.txt,45.43,6.531,142.604
24P.txt,47.88,2.776,143.16
30P.txt,53.521,9.926,134.642
