15P.txt,30.683,-66.846,-5.226
14P.txt,33.817,-65.176,-0.237
16P.txt,29.305,-70.463,-2.886
17P.txt,32.889,-69.082,1.227
89P.txt,24.006,-64.147,-8.135
177P.txt,57.47,-41.477,20.505
88P.txt,26.124,-63.033,-12.454
176P.txt,55.365,-38.47,20.28
61P.txt,33.585,-50.969,21.832
58P.txt,35.537,-45.529,24.739
220P.txt,79.127,-34.468,-15.803
57P.txt,37.194,-49.556,26.232
43P.txt,34.442,-60.316,14.394
42P.txt,37.652,-61.15,16.873
56P.txt,39.836,-47.448,25.338
196P.txt,85.59,-55.493,-20.053
54P.txt,47.417,-45.392,24.525
41P.txt,37.829,-64.65,15.471
197P.txt,82.644,-53.676,-22.531
86P.txt,23.83,-55.929,-16.253
87P.txt,27.36,-58.253,-13.103
50P.txt,52.022,-49.681,19.85
44P.txt,36.586,-56.107,18.66
91P.txt,31.056,-63.946,-9.581
90P.txt,28.352,-66.236,-10.579
53P.txt,47.615,-50.807,22.499
21P.txt,37.772,-61.449,3.084
37P.txt,39.435,-59.958,8.778
252P.txt,85.862,-45.627,-16.588
19P.txt,29.475,-63.754,3.746
18P.txt,30.671,-67.408,2.33
