262P.txt,20.661,22.631,-24.209
260P.txt,21.26,15.903,-21.762
258P.txt,20.536,13.002,-17.59
264P.txt,25.057,25.826,-21.061
265P.txt,23.911,26.115,-25.662
259P.txt,23.579,16.212,-16.874
267P.txt,21.199,30.66,-22.835
266P.txt,20.285,27.528,-26.796
229P.txt,8.449,8.305,-17.884
64P.txt,21.64,3.306,-5.508
65P.txt,16.428,5.985,-6.085
238P.txt,9.027,26.092,-25.746
73P.txt,18.621,-10.519,1.725
239P.txt,9.184,26.22,-18.364
234P.txt,8.585,19.74,-26.037
235P.txt,5.414,21.55,-22.256
237P.txt,12.96,22.779,-22.509
68P.txt,11.653,1.996,-7.319
96P.txt,6.493,-1.423,-5.902
236P.txt,9.451,20.055,-19.94
232P.txt,12.44,16.708,-22.257
233P.txt,9.188,17.65,-22.97
231P.txt,13.069,13.152,-18.207
230P.txt,8.575,10.969,-20.815
242P.txt,9.948,31.865,-20.33
268P.txt,24.96,31.41,-24.362
241P.txt,14.176,29.186,-22.014
245P.txt,15.013,34.5,-21.404
287P.txt,35.738,11.51,-1.316
246P.txt,11.083,36.357,-16.123
