100P.txt,23.334,1.869,-13.244
17P.txt,12.538,-10.297,-15.023
260P.txt,22.179,-0.953,14.857
258P.txt,22.449,5.887,20.458
270P.txt,10.444,-6.307,11.202
112P.txt,42.05,10.544,-2.789
110P.txt,37.354,7.207,-1.955
39P.txt,12.538,-9.008,-7.847
214P.txt,37.745,-4.604,8.189
200P.txt,26.582,19.123,7.967
61P.txt,17.48,-16.044,-11.469
159P.txt,3.889,7.267,-5.105
171P.txt,14.102,15.652,7.356
170P.txt,9.248,16.238,6.799
210P.txt,33.915,-2.732,3.521
72P.txt,27.686,1.276,-8.88
208P.txt,37.375,5.151,3.315
94P.txt,29.187,-3.11,-22.066
56P.txt,25.402,-21.572,-8.215
221P.txt,46.803,4.757,15.862
40P.txt,17.057,-12.98,-7.38
41P.txt,18.366,-10.3,-4.51
45P.txt,19.378,-9.107,4.364
79P.txt,37.062,-9.489,-6.552
93P.txt,28.599,-3.501,-17.078
242P.txt,32.446,-7.604,12.633
240P.txt,26.682,-4.71,7.26
36P.txt,3.748,-5.603,-12.802
282P.txt,16.124,4.99,11.353
292P.txt,19.31,14.826,21.338
