29P.txt,0.518,-55.893,-2.541
114P.txt,33.199,-27.205,2.915
116P.txt,29.683,-25.399,1.395
106P.txt,26.671,-37.664,1.659
107P.txt,24.152,-32.712,3.078
104P.txt,22.017,-37.083,4.601
75P.txt,12.025,-59.65,-12.476
149P.txt,-11.655,-50.765,-11.932
74P.txt,16.241,-55.848,-11.492
60P.txt,16.224,-47.904,8.983
70P.txt,17.997,-51.972,-6.463
57P.txt,11.85,-46.182,12.883
142P.txt,-2.573,-46.671,-11.961
94P.txt,18.091,-44.922,-10.812
143P.txt,-0.88,-50.021,-11.684
40P.txt,5.066,-41.105,2.827
51P.txt,16.125,-35.454,15.341
144P.txt,-4.342,-50.084,-8.514
145P.txt,-6.915,-48.938,-10.638
78P.txt,18.05,-59.406,-14.797
46P.txt,9.171,-30.656,3.951
91P.txt,18.167,-43.954,-16.377
109P.txt,31.404,-35.872,5.122
33P.txt,2.084,-50.499,0.921
25P.txt,0.469,-62.225,-5.214
118P.txt,29.825,-30.829,-3.844
