220.txt,-42.715,14.995,-19.503
221.txt,-44.674,12.774,-21.326
222.txt,-45.234,13.486,-13.134
251.txt,-46.028,17.355,-16.522
255.txt,-51.964,12.661,-21.362
256.txt,-54.926,11.967,-19.235
257.txt,-57.651,7.841,-20.775
259.txt,-61.236,4.333,-17.876
261.txt,-63.957,0.77,-12.117
308.txt,-58.676,5.61,-13.814
310.txt,-54.447,6.491,-18.214
311.txt,-50.705,8.278,-19.415
312.txt,-49.386,5.03,-20.545
313.txt,-45.784,6.014,-19.586
314.txt,-48.189,6.843,-15.11
315.txt,-52.04,4.449,-14.105
316.txt,-51.937,7.697,-10.243
317.txt,-56.603,3.633,-8.912
