131.txt,-62.487,-13.798,51.916
133.txt,-63.439,-9.388,55.164
134.txt,-66.182,-11.51,56.785
135.txt,-69.549,-11.498,58.261
136.txt,-72.62,-11.758,60.69
137.txt,-77.017,-9.975,59.983
140.txt,-73.15,-7.0,65.092
143.txt,-75.18,-2.764,62.603
144.txt,-71.543,-3.53,60.69
145.txt,-71.677,-6.641,59.729
153.txt,-66.892,-16.907,58.238
155.txt,-64.741,-17.147,52.1
156.txt,-65.502,-17.325,47.343
158.txt,-62.641,-15.738,42.906
189.txt,-77.219,-22.882,48.621
190.txt,-74.973,-21.341,53.099
193.txt,-72.369,-19.165,48.296
194.txt,-69.852,-19.291,51.558
226.txt,-78.358,-17.068,61.543
