102.txt,10.411,47.744,-26.72
105.txt,6.903,51.677,-23.214
106.txt,7.266,54.319,-27.997
109.txt,5.677,56.975,-23.602
276.txt,15.278,32.489,-13.603
278.txt,16.286,30.698,-8.82
279.txt,17.392,35.673,-10.44
280.txt,16.175,37.564,-5.861
281.txt,16.616,40.315,-9.389
282.txt,15.165,38.706,-13.493
283.txt,10.07,41.207,-12.603
365.txt,9.46,46.593,1.569
366.txt,9.568,50.097,-0.456
367.txt,9.859,52.975,-2.519
368.txt,8.562,55.881,-5.178
371.txt,6.788,51.247,-6.805
426.txt,6.439,61.516,-15.342
427.txt,4.404,55.758,-17.637
428.txt,5.883,58.69,-19.491
429.txt,9.355,61.1,-19.745
430.txt,13.304,60.333,-14.51
455.txt,9.519,40.922,-5.907
456.txt,11.927,34.94,-4.5
457.txt,11.83,38.09,-0.302
458.txt,15.748,37.362,-0.918
459.txt,18.047,35.43,1.22
460.txt,22.087,32.841,1.37
461.txt,18.566,31.629,5.089
463.txt,14.31,29.906,5.492
465.txt,10.138,32.264,5.877
466.txt,9.856,31.36,-0.248
469.txt,7.216,41.676,-0.053
476.txt,9.861,47.771,-20.531
97.txt,15.887,39.754,-26.458
