129P.txt,-29.976,-18.379,-11.536
248P.txt,-29.543,-5.827,-15.573
201P.txt,-30.376,-0.031,-15.889
76P.txt,-14.617,-9.564,18.342
188P.txt,-17.347,-2.362,-23.922
214P.txt,-26.836,4.232,-14.367
75P.txt,-10.265,-8.501,20.302
160P.txt,-27.556,-16.613,-18.946
74P.txt,-6.772,-9.141,17.321
217P.txt,-17.563,1.985,-18.864
199P.txt,-28.003,-1.256,-21.351
173P.txt,-36.627,-4.805,17.77
198P.txt,-23.33,-2.164,-23.283
72P.txt,-9.407,-11.743,11.9
220P.txt,-10.036,5.036,-13.125
208P.txt,-37.076,5.747,5.148
81P.txt,-16.366,3.752,22.634
196P.txt,-23.76,-11.281,-20.657
83P.txt,-12.847,3.223,16.18
82P.txt,-14.249,6.789,20.931
55P.txt,-7.878,-1.718,18.339
197P.txt,-25.394,-5.733,-20.906
187P.txt,-13.531,-2.367,-21.03
192P.txt,-21.044,-7.238,-23.846
52P.txt,-13.608,0.223,25.032
190P.txt,-14.577,-6.341,-19.135
84P.txt,-8.24,2.926,17.074
53P.txt,-11.54,0.983,22.368
