128P.txt,-12.999,-27.14,-52.838
76P.txt,-8.754,-8.2,-37.278
77P.txt,-12.788,-11.775,-38.148
74P.txt,-1.457,-7.351,-34.785
60P.txt,-22.368,-22.461,-51.398
203P.txt,-7.88,16.456,-29.802
71P.txt,1.773,0.023,-37.308
73P.txt,1.725,-6.506,-38.709
98P.txt,-28.684,-6.424,-54.118
198P.txt,3.649,25.518,-37.219
72P.txt,0.366,-1.966,-34.313
195P.txt,5.382,33.718,-42.439
196P.txt,4.681,28.785,-43.056
54P.txt,-19.968,-23.098,-62.476
55P.txt,-23.241,-21.067,-61.491
183P.txt,2.99,43.733,-66.414
236P.txt,-8.575,17.298,-58.013
145P.txt,-9.183,27.417,-46.635
186P.txt,1.493,33.784,-66.957
85P.txt,-25.414,-16.598,-41.515
84P.txt,-27.47,-18.656,-44.178
53P.txt,-16.625,-21.742,-63.478
242P.txt,-9.671,34.851,-55.047
240P.txt,-6.227,28.145,-56.328
23P.txt,-7.246,-22.924,-59.307
32P.txt,-6.827,-1.079,-59.566
127P.txt,-16.25,-25.901,-51.324
33P.txt,-3.475,-0.534,-57.722
24P.txt,-7.694,-20.153,-62.64
