128P.txt,59.45,12.424,-51.757
302P.txt,61.652,-0.728,-39.882
303P.txt,63.984,1.745,-35.674
305P.txt,65.9,-0.556,-42.238
306P.txt,67.603,3.433,-45.316
201P.txt,37.26,-6.148,-33.471
176P.txt,33.128,-4.248,-44.706
228P.txt,48.905,14.279,-56.74
202P.txt,34.796,-5.012,-37.916
175P.txt,32.799,-8.237,-44.455
203P.txt,34.456,-9.628,-34.75
166P.txt,55.945,9.4,-45.039
143P.txt,41.803,-12.5,-29.758
141P.txt,40.497,-14.38,-35.916
140P.txt,36.006,-14.028,-36.459
178P.txt,35.697,2.33,-41.337
144P.txt,41.216,-8.379,-28.102
186P.txt,48.759,12.687,-40.178
231P.txt,54.511,7.697,-53.562
280P.txt,56.528,-8.983,-58.083
257P.txt,55.335,-3.145,-48.313
283P.txt,61.72,-11.234,-51.138
269P.txt,49.689,-23.779,-49.406
279P.txt,54.737,-5.842,-54.522
246P.txt,39.85,-11.586,-57.831
284P.txt,61.986,-7.172,-49.736
