89P.txt,-13.024,29.576,-22.696
407P.txt,-19.676,1.336,15.525
360P.txt,-25.482,17.967,15.479
88P.txt,-7.598,28.225,-23.752
200P.txt,-64.418,26.295,-4.09
202P.txt,-66.428,21.681,-7.323
199P.txt,-62.048,30.525,-4.678
358P.txt,-19.586,18.556,16.08
198P.txt,-61.833,32.668,-1.645
432P.txt,-55.968,23.832,0.488
368P.txt,-46.249,23.199,6.268
221P.txt,-31.02,30.102,-33.59
223P.txt,-29.475,32.888,-28.127
394P.txt,-26.633,7.326,16.639
82P.txt,-23.466,19.324,-32.376
222P.txt,-28.213,32.603,-31.936
45P.txt,-19.236,33.722,-25.818
408P.txt,-25.71,0.387,17.444
434P.txt,-59.532,18.094,-1.547
87P.txt,-9.025,25.357,-27.045
44P.txt,-16.741,37.512,-28.687
46P.txt,-23.873,39.468,-24.977
423P.txt,-56.667,17.42,2.063
422P.txt,-57.537,12.488,-0.034
393P.txt,-26.714,11.857,14.868
84P.txt,-17.515,21.751,-29.094
224P.txt,-24.68,28.235,-27.293
120P.txt,-62.078,20.184,-4.515
122P.txt,-59.862,24.727,-1.39
491P.txt,-23.389,34.262,-30.882
244P.txt,-20.39,24.412,-26.31
124P.txt,-58.292,31.574,-0.77
