29P.txt,18.364,17.528,7.334
15P.txt,25.298,16.667,13.321
28P.txt,19.498,13.787,6.243
117P.txt,29.189,12.022,9.521
17P.txt,20.856,19.247,13.726
13P.txt,29.268,20.087,11.409
12P.txt,30.218,23.555,13.541
38P.txt,15.206,25.259,19.49
61P.txt,30.777,31.681,19.632
60P.txt,26.821,29.261,18.556
171P.txt,19.005,5.648,46.653
59P.txt,23.965,26.979,18.501
40P.txt,13.799,20.148,18.401
150P.txt,22.453,3.401,11.328
147P.txt,22.68,9.649,5.514
34P.txt,24.223,26.946,10.995
35P.txt,22.759,29.965,13.6
37P.txt,19.976,27.39,19.959
122P.txt,37.026,7.527,5.232
36P.txt,18.896,28.062,14.37
32P.txt,19.122,23.418,10.611
33P.txt,20.623,27.884,10.098
27P.txt,13.395,14.109,8.345
31P.txt,21.438,23.225,3.605
18P.txt,20.768,15.613,11.966
30P.txt,20.523,18.525,3.708
