110P.txt,-26.191,52.111,-6.904
63P.txt,8.363,60.901,-4.048
61P.txt,9.704,59.54,1.622
149P.txt,-13.577,51.936,3.723
60P.txt,9.574,61.449,5.734
64P.txt,7.086,64.171,-5.365
159P.txt,-26.28,61.717,3.801
158P.txt,-19.586,62.256,4.404
65P.txt,7.619,68.23,0.694
8P.txt,-13.344,53.989,-15.952
66P.txt,5.355,70.849,-2.856
156P.txt,-23.567,57.935,9.91
157P.txt,-21.778,59.608,6.865
6P.txt,-9.534,58.579,-20.384
155P.txt,-23.192,54.421,7.707
154P.txt,-17.846,55.251,9.464
45P.txt,-5.656,81.92,-2.929
150P.txt,-14.599,56.533,6.973
145P.txt,-10.735,51.74,-3.353
78P.txt,-23.728,66.651,-12.983
46P.txt,-8.948,80.558,-0.443
153P.txt,-17.745,51.931,8.581
152P.txt,-18.61,51.074,4.05
109P.txt,-26.152,48.913,-9.212
108P.txt,-28.215,51.082,-12.253
22P.txt,-12.828,61.101,-3.379
33P.txt,-8.219,57.696,5.441
