10P.txt,81.764,20.866,19.172
63P.txt,71.904,34.488,4.329
48P.txt,63.885,44.646,18.582
72P.txt,83.092,38.739,7.805
80P.txt,84.423,36.211,13.584
95P.txt,60.583,31.956,10.23
56P.txt,66.352,32.055,18.687
83P.txt,81.16,25.011,14.698
97P.txt,61.34,39.684,9.037
96P.txt,61.158,33.726,6.699
82P.txt,82.27,28.266,16.61
51P.txt,66.027,42.16,21.863
86P.txt,74.452,21.222,12.888
52P.txt,62.016,39.924,19.181
91P.txt,60.148,25.339,16.476
47P.txt,68.211,45.939,20.215
53P.txt,64.671,35.425,16.343
20P.txt,67.838,32.153,25.993
21P.txt,67.871,36.544,27.465
22P.txt,68.414,39.947,26.324
32P.txt,80.974,29.973,12.835
31P.txt,76.513,27.424,11.293
30P.txt,74.623,29.304,7.486
