302P.txt,75.173,-24.629,-22.332
303P.txt,74.566,-22.606,-24.597
304P.txt,72.398,-19.71,-26.421
305P.txt,69.328,-21.825,-25.87
307P.txt,68.595,-20.792,-19.915
201P.txt,78.208,-1.075,-41.707
200P.txt,75.024,2.762,-41.711
202P.txt,75.574,-4.179,-42.312
367P.txt,79.736,6.208,-21.453
366P.txt,79.064,7.941,-18.011
204P.txt,80.428,-9.865,-41.344
199P.txt,77.838,5.796,-41.362
198P.txt,78.107,9.897,-41.586
205P.txt,80.399,-10.785,-37.408
220P.txt,113.829,4.813,-38.929
368P.txt,78.807,1.556,-19.358
81P.txt,119.381,-5.533,-27.593
221P.txt,117.02,5.382,-41.052
223P.txt,115.244,9.352,-37.961
431P.txt,80.456,5.338,-31.896
419P.txt,76.48,-8.362,-18.408
430P.txt,82.576,8.947,-32.266
197P.txt,78.326,10.844,-37.82
222P.txt,118.303,8.468,-39.201
51P.txt,107.104,6.894,-40.087
434P.txt,76.42,-4.06,-32.531
423P.txt,75.626,-2.546,-27.429
84P.txt,123.654,3.743,-25.437
224P.txt,116.812,7.541,-32.781
121P.txt,80.288,0.762,-37.893
122P.txt,76.051,2.996,-36.148
308P.txt,71.24,-19.392,-19.822
123P.txt,78.749,6.993,-37.489
