504P.txt,51.534,51.605,-10.641
505P.txt,53.621,52.605,-4.834
472P.txt,43.632,55.482,-3.351
466P.txt,45.781,42.298,-11.541
506P.txt,49.688,55.356,-4.482
502P.txt,56.541,47.665,-12.582
476P.txt,33.896,46.7,1.077
501P.txt,58.634,44.129,-11.995
598P.txt,74.332,54.611,24.181
567P.txt,60.581,60.3,7.674
558P.txt,72.287,55.408,11.552
606P.txt,84.27,44.308,21.655
439P.txt,61.226,46.221,-3.032
603P.txt,84.801,51.939,27.889
629P.txt,79.182,46.57,13.779
627P.txt,75.5,43.801,8.136
632P.txt,86.848,50.62,17.314
544P.txt,80.334,53.21,11.513
568P.txt,62.701,56.256,9.248
569P.txt,60.903,53.959,13.584
582P.txt,73.108,38.603,25.761
596P.txt,73.008,57.368,19.272
620P.txt,54.898,48.213,7.484
479P.txt,34.983,40.53,-7.552
533P.txt,51.52,49.695,2.863
494P.txt,54.054,25.69,-0.717
442P.txt,60.183,51.192,-4.324
440P.txt,63.047,48.834,-1.022
