317P.txt,-53.121,54.681,33.28
288P.txt,-29.612,35.601,46.373
249P.txt,-5.747,53.9,71.043
248P.txt,-3.528,48.371,70.774
274P.txt,-17.649,44.698,35.164
273P.txt,-13.636,47.738,34.892
461P.txt,-60.429,72.327,48.375
460P.txt,-56.743,74.637,51.573
573P.txt,-5.871,37.428,69.702
407P.txt,-63.324,64.452,40.738
572P.txt,-9.262,34.698,71.203
570P.txt,-11.14,37.39,75.784
49P.txt,-7.143,30.307,15.078
48P.txt,-11.523,27.624,15.026
571P.txt,-8.988,39.441,73.298
575P.txt,-6.994,39.539,65.276
560P.txt,-14.701,39.555,80.737
574P.txt,-4.099,40.858,68.99
354P.txt,-70.553,37.889,31.713
355P.txt,-65.524,38.251,29.184
42P.txt,-9.481,30.186,33.869
579P.txt,-0.229,40.778,64.608
357P.txt,-61.603,36.786,34.427
356P.txt,-64.677,32.644,31.481
578P.txt,2.465,43.914,63.077
45P.txt,-10.84,27.819,25.417
193P.txt,11.594,14.047,54.953
346P.txt,-66.492,45.137,41.591
353P.txt,-68.82,35.442,34.25
151P.txt,3.981,10.864,40.531
186P.txt,14.949,19.717,34.965
44P.txt,-6.39,29.82,27.479
569P.txt,-14.314,36.55,74.416
580P.txt,-1.878,37.835,65.724
46P.txt,-6.74,28.813,21.539
190P.txt,15.145,13.829,45.161
47P.txt,-10.555,27.072,18.989
318P.txt,-50.651,52.169,30.969
