317P.txt,11.164,-13.665,-14.133
263P.txt,-2.412,-4.475,-22.59
249P.txt,-6.299,-4.204,-34.611
258P.txt,-0.799,0.888,-21.491
310P.txt,15.315,-8.372,-17.285
311P.txt,12.383,-10.224,-21.875
305P.txt,8.21,-3.053,-21.456
259P.txt,3.161,-1.157,-21.64
307P.txt,15.307,-4.743,-23.176
201P.txt,17.998,-18.246,-31.889
215P.txt,0.899,-21.092,-17.559
211P.txt,6.46,-23.643,-20.153
205P.txt,14.785,-19.012,-22.816
223P.txt,-10.715,-16.464,-18.755
222P.txt,-9.836,-21.053,-20.442
257P.txt,0.182,3.879,-23.318
322P.txt,6.189,-20.566,-6.213
256P.txt,-3.681,3.249,-23.988
281P.txt,-10.882,-20.166,-43.169
320P.txt,6.75,-18.062,-10.813
309P.txt,10.746,-5.506,-18.191
321P.txt,2.922,-18.681,-9.431
255P.txt,-3.254,3.018,-28.352
319P.txt,3.183,-14.198,-16.096
318P.txt,4.956,-10.7,-14.425
