598P.txt,36.655,-83.726,59.75
573P.txt,44.337,-90.716,63.607
566P.txt,38.506,-90.188,61.835
599P.txt,33.185,-80.238,63.493
606P.txt,44.753,-85.124,72.863
603P.txt,37.179,-82.123,74.134
574P.txt,47.528,-86.043,63.227
563P.txt,47.331,-85.97,68.562
552P.txt,45.197,-74.09,79.694
551P.txt,41.305,-72.714,81.264
593P.txt,48.561,-88.672,57.392
597P.txt,39.78,-80.298,55.663
583P.txt,30.847,-71.421,70.184
554P.txt,40.824,-71.404,74.472
555P.txt,45.09,-70.985,74.267
582P.txt,31.688,-68.585,67.594
596P.txt,40.653,-85.689,56.506
594P.txt,45.128,-90.522,54.902
608P.txt,51.922,-83.304,69.866
581P.txt,32.186,-72.105,66.115
