103P.txt,3.66,78.978,55.876
106P.txt,9.812,76.882,54.606
112P.txt,13.69,74.575,54.605
113P.txt,17.149,71.604,56.956
116P.txt,9.913,72.364,60.117
117P.txt,10.102,69.763,64.052
118P.txt,12.321,70.854,66.342
119P.txt,12.12,71.716,71.068
121P.txt,10.415,76.156,73.412
125P.txt,13.606,76.136,77.05
128P.txt,15.767,86.007,83.249
18P.txt,6.814,86.698,69.943
19P.txt,3.399,84.763,67.584
22P.txt,2.614,82.211,64.294
24P.txt,7.645,80.609,67.969
27P.txt,11.087,79.339,65.093
47P.txt,25.578,78.351,43.154
5P.txt,20.118,81.075,73.802
62P.txt,14.643,87.023,44.252
63P.txt,14.318,89.224,49.473
68P.txt,28.667,91.116,43.672
70P.txt,22.95,88.805,38.605
75P.txt,11.541,92.596,46.847
81P.txt,25.643,96.963,53.829
102.txt,2.363,81.674,57.548
103.txt,3.66,78.978,55.876
116.txt,9.913,72.364,60.117
117.txt,10.102,69.763,64.052
118.txt,12.321,70.854,66.342
119.txt,12.12,71.716,71.068
120.txt,12.021,75.546,68.449
121.txt,10.415,76.156,73.412
124.txt,13.332,80.64,74.081
125.txt,13.606,76.136,77.05
129.txt,11.489,86.453,78.046
18.txt,6.814,86.698,69.943
19.txt,3.399,84.763,67.584
22.txt,2.614,82.211,64.294
23.txt,5.946,81.346,62.403
24.txt,7.645,80.609,67.969
27.txt,11.087,79.339,65.093
