101P.txt,13.38,36.762,21.051
107P.txt,18.805,27.501,16.952
108P.txt,13.637,29.709,14.682
11P.txt,21.441,25.213,22.241
111P.txt,20.403,32.674,9.069
35P.txt,23.442,53.459,24.059
36P.txt,19.225,50.328,21.79
38P.txt,18.086,47.492,14.426
39P.txt,17.6,43.304,16.827
42P.txt,25.091,39.52,13.004
43P.txt,23.929,43.007,15.154
44P.txt,26.401,37.851,17.275
70P.txt,29.424,34.686,18.716
72P.txt,35.578,39.314,14.995
79P.txt,36.171,51.29,22.711
80P.txt,31.229,52.453,20.712
81P.txt,32.491,50.167,15.34
84P.txt,27.026,52.16,13.399
85P.txt,22.938,54.236,16.514
86P.txt,25.958,56.01,20.005
87P.txt,19.931,57.452,19.916
88P.txt,17.328,54.647,22.594
89P.txt,20.077,54.234,27.014
101.txt,13.38,36.762,21.051
104.txt,15.282,31.814,20.517
105.txt,14.503,34.3,14.041
107.txt,18.805,27.501,16.952
108.txt,13.637,29.709,14.682
109.txt,16.649,31.256,10.55
11.txt,21.441,25.213,22.241
110.txt,20.345,28.252,10.48
14.txt,20.0,30.603,23.768
15.txt,20.833,27.32,27.436
