114P.txt,-48.396,53.263,-94.957
119P.txt,-59.924,42.24,-96.248
120P.txt,-59.135,40.338,-92.571
122P.txt,-57.17,37.713,-87.584
199P.txt,-58.352,41.122,-82.771
200P.txt,-61.044,41.593,-85.746
201P.txt,-59.022,44.647,-88.161
202P.txt,-63.381,43.489,-90.89
221P.txt,-24.329,66.4,-90.504
222P.txt,-21.163,64.541,-89.086
246P.txt,-21.915,61.186,-99.078
324P.txt,-59.112,25.697,-113.678
327P.txt,-56.477,30.674,-106.513
407P.txt,-24.589,10.723,-118.05
423P.txt,-54.886,33.008,-96.058
425P.txt,-48.55,34.387,-91.982
427P.txt,-42.801,41.399,-93.164
432P.txt,-53.543,35.02,-90.01
434P.txt,-58.278,37.691,-96.067
44P.txt,-10.607,61.497,-86.991
45P.txt,-12.824,57.989,-88.917
491P.txt,-16.481,63.297,-88.217
492P.txt,-13.956,63.007,-83.807
53P.txt,-31.135,61.127,-95.364
71P.txt,-43.184,60.944,-102.198
72P.txt,-44.922,61.728,-98.666
73P.txt,-39.973,59.79,-96.94
75P.txt,-34.932,62.966,-100.593
76P.txt,-34.561,63.909,-104.114
84P.txt,-13.936,60.761,-101.337
85P.txt,-9.797,56.372,-101.833
87P.txt,-4.939,58.017,-99.321
88P.txt,-2.985,54.547,-96.562
124.txt,-55.47,37.565,-81.994
198.txt,-58.504,38.515,-80.461
276.txt,-19.669,32.054,-86.961
278.txt,-18.966,26.944,-86.727
279.txt,-23.252,28.867,-85.285
280.txt,-26.088,25.686,-86.416
281.txt,-27.746,29.473,-85.835
282.txt,-25.457,32.328,-86.829
365.txt,-37.235,20.753,-91.899
367.txt,-42.702,25.713,-91.2
368.txt,-44.607,29.04,-91.476
371.txt,-39.999,29.505,-94.267
430.txt,-48.133,38.965,-85.321
456.txt,-24.595,23.933,-90.833
457.txt,-28.072,20.55,-90.867
458.txt,-26.704,19.546,-86.85
460.txt,-22.764,15.332,-86.698
461.txt,-18.733,14.533,-85.269
463.txt,-20.232,13.268,-91.073
465.txt,-21.633,15.099,-95.24
467.txt,-26.858,19.328,-94.955
469.txt,-32.103,21.931,-95.016
473.txt,-37.35,34.856,-91.814
97.txt,-23.546,43.314,-85.239
