116P.txt,-12.265,41.433,2.208
117P.txt,-12.618,37.907,3.535
118P.txt,-10.774,39.22,8.538
119P.txt,-10.063,33.567,4.655
120P.txt,-7.758,35.96,2.6
122P.txt,-5.966,34.554,9.011
161P.txt,-5.418,31.819,-4.253
165P.txt,-3.18,30.172,-9.643
166P.txt,2.19,30.952,-10.854
169P.txt,-0.702,29.274,-15.094
186P.txt,3.974,16.075,6.388
187P.txt,7.457,16.571,3.348
200P.txt,-10.334,24.46,-5.717
205P.txt,-11.327,28.08,6.561
207P.txt,-16.831,28.41,9.803
242P.txt,-22.653,28.013,8.237
243P.txt,-17.898,25.304,4.868
246P.txt,-24.515,25.106,2.973
277P.txt,-32.676,33.047,-3.255
278P.txt,-33.503,34.442,-6.558
279P.txt,-30.403,37.202,-4.373
280P.txt,-28.396,32.442,-4.204
283P.txt,-33.051,25.189,-2.263
288P.txt,-26.603,35.323,7.549
289P.txt,-22.191,33.137,9.458
290P.txt,-20.618,34.516,14.514
291P.txt,-16.988,36.596,11.809
116.txt,-12.265,41.433,2.208
117.txt,-12.618,37.907,3.535
161.txt,-5.418,31.819,-4.253
162.txt,-1.725,33.42,-5.257
165.txt,-3.18,30.172,-9.643
195.txt,-6.816,26.69,-12.852
198.txt,-11.521,25.265,-11.224
200.txt,-10.334,24.46,-5.717
207.txt,-16.831,28.41,9.803
215.txt,-33.455,37.322,6.193
216.txt,-37.258,40.279,9.505
242.txt,-22.653,28.013,8.237
246.txt,-24.515,25.106,2.973
250.txt,-26.862,23.361,-2.525
276.txt,-35.547,28.243,-4.943
277.txt,-32.676,33.047,-3.255
278.txt,-33.503,34.442,-6.558
279.txt,-30.403,37.202,-4.373
280.txt,-28.396,32.442,-4.204
281.txt,-29.797,29.813,-6.863
282.txt,-29.872,27.961,-3.885
283.txt,-33.051,25.189,-2.263
288.txt,-26.603,35.323,7.549
289.txt,-22.191,33.137,9.458
