105P.txt,30.181,57.115,59.884
114P.txt,36.65,60.329,57.569
115P.txt,42.653,60.0,57.936
116P.txt,41.152,55.225,61.941
117P.txt,44.358,57.173,64.858
118P.txt,45.351,51.696,65.557
152P.txt,45.512,73.172,63.034
153P.txt,49.945,72.894,63.183
154P.txt,48.667,64.513,63.013
156P.txt,50.497,69.178,58.487
157P.txt,53.129,66.988,59.806
161P.txt,52.439,59.975,67.611
183P.txt,38.47,66.708,93.079
189P.txt,37.573,76.28,89.49
229P.txt,34.339,48.571,99.539
234P.txt,43.8,60.227,101.211
235P.txt,45.296,66.029,97.175
236P.txt,48.907,61.853,100.548
240P.txt,40.015,56.849,100.969
241P.txt,37.662,52.957,101.615
243P.txt,32.932,51.822,103.212
244P.txt,27.987,55.618,100.97
246P.txt,27.607,60.3,100.773
247P.txt,31.173,61.193,99.923
250P.txt,30.633,66.469,96.301
251P.txt,33.416,64.122,94.112
257P.txt,22.277,52.963,82.024
54P.txt,20.176,62.308,66.335
91P.txt,42.588,62.732,62.258
94P.txt,40.267,51.073,67.125
101.txt,32.36,51.902,63.731
102.txt,27.871,53.195,62.16
105.txt,30.181,57.115,59.884
106.txt,26.623,58.965,61.517
109.txt,29.601,64.091,57.286
112.txt,37.376,66.319,51.902
113.txt,40.509,63.999,54.668
114.txt,36.65,60.329,57.569
116.txt,41.152,55.225,61.941
53.txt,22.842,58.45,65.677
92.txt,37.726,59.253,64.076
98.txt,31.282,47.019,63.797
99.txt,27.483,50.529,67.381
