114P.txt,0.888,-8.194,54.825
200P.txt,13.668,-23.176,54.423
203P.txt,7.903,-17.635,61.305
204P.txt,6.822,-17.668,65.678
246P.txt,-18.131,6.486,44.705
290P.txt,-32.367,-20.555,45.85
293P.txt,-26.684,-23.192,54.767
297P.txt,-17.716,-29.297,62.656
300P.txt,-14.737,-31.613,71.159
332P.txt,-23.515,-31.604,57.397
334P.txt,-29.703,-29.936,52.4
368P.txt,-3.247,-29.236,42.922
394P.txt,-27.385,-39.228,36.516
413P.txt,-28.249,-34.158,56.131
417P.txt,-15.428,-37.029,53.849
422P.txt,-0.227,-29.116,59.611
423P.txt,2.51,-29.664,55.063
430P.txt,6.096,-20.59,43.533
439P.txt,-7.597,-24.719,67.994
44P.txt,-17.254,11.215,25.965
440P.txt,-8.884,-28.919,73.319
441P.txt,-12.035,-28.055,70.832
442P.txt,-15.926,-26.755,69.046
444P.txt,-20.012,-24.417,63.685
446P.txt,-22.003,-21.629,58.834
45P.txt,-18.405,8.132,29.905
476P.txt,-6.712,-13.745,38.713
51P.txt,-5.552,3.474,41.613
59P.txt,-15.346,-3.09,63.891
60P.txt,-9.78,-0.504,64.974
61P.txt,-12.504,-3.343,68.311
62P.txt,-10.776,-6.607,65.726
78P.txt,-21.208,6.149,52.385
102.txt,-6.32,-7.688,37.928
122.txt,10.181,-23.812,50.408
276.txt,-16.536,-18.894,24.99
278.txt,-18.303,-23.016,22.223
279.txt,-13.479,-22.194,24.743
280.txt,-13.056,-27.196,26.361
281.txt,-10.414,-24.18,27.988
282.txt,-11.748,-19.84,28.545
283.txt,-13.885,-21.392,34.164
366.txt,-7.379,-33.762,38.862
367.txt,-4.53,-32.071,40.262
368.txt,-3.247,-29.236,42.922
371.txt,-7.6,-27.761,42.068
425.txt,0.172,-26.077,47.896
426.txt,1.935,-20.832,49.171
427.txt,-3.96,-17.876,47.078
429.txt,3.588,-17.504,46.747
430.txt,6.096,-20.59,43.533
431.txt,6.096,-22.752,47.243
432.txt,5.872,-26.825,50.799
455.txt,-14.391,-27.144,34.412
456.txt,-17.458,-28.112,28.056
457.txt,-14.811,-32.427,29.521
459.txt,-12.002,-32.856,24.155
460.txt,-14.859,-37.044,22.995
461.txt,-16.023,-35.548,18.413
472.txt,-11.091,-23.49,40.444
473.txt,-7.765,-22.179,41.714
474.txt,-7.723,-18.771,39.128
476.txt,-6.712,-13.745,38.713
480.txt,-13.357,-12.558,36.857
96.txt,-14.819,-13.582,31.877
97.txt,-11.014,-8.923,28.297
98.txt,-12.779,-6.176,35.165
