100P.txt,155.156,375.863,676.528
103P.txt,153.176,370.541,679.555
137P.txt,151.416,366.123,647.581
138P.txt,152.48,363.282,645.113
145P.txt,148.597,370.718,653.67
162P.txt,142.82,389.658,658.115
231P.txt,148.536,381.393,670.776
252P.txt,142.971,375.046,658.31
264P.txt,154.456,363.005,674.732
265P.txt,156.079,358.397,674.815
48P.txt,143.499,353.668,669.773
49P.txt,147.017,355.355,670.862
50P.txt,148.582,359.675,668.12
51P.txt,151.039,356.181,666.502
53P.txt,153.898,356.162,661.567
54P.txt,158.5,359.078,660.696
66P.txt,155.506,363.987,654.256
68P.txt,149.043,363.943,654.795
69P.txt,148.691,359.347,658.863
70P.txt,148.972,362.312,661.263
71P.txt,145.074,365.845,657.786
72P.txt,141.908,364.818,660.31
78P.txt,149.238,357.121,674.722
80P.txt,153.728,357.646,670.253
82P.txt,159.996,358.264,666.604
87P.txt,158.777,363.9,658.635
96P.txt,159.129,379.308,668.893
97P.txt,157.543,378.268,672.945
110.txt,140.248,365.686,669.792
112.txt,137.455,371.094,666.037
113.txt,141.373,371.134,661.841
115.txt,138.679,377.781,657.761
119.txt,143.554,379.783,650.942
137.txt,151.416,366.123,647.581
138.txt,152.48,363.282,645.113
145.txt,148.597,370.718,653.67
167.txt,133.165,382.799,668.25
168.txt,134.823,378.882,668.466
169.txt,131.916,378.62,672.731
252.txt,142.971,375.046,658.31
255.txt,138.255,373.917,668.714
257.txt,137.461,369.781,672.368
258.txt,138.118,366.038,674.183
68.txt,149.043,363.943,654.795
69.txt,148.691,359.347,658.863
71.txt,145.074,365.845,657.786
72.txt,141.908,364.818,660.31
