128P.txt,27.556,-3.717,54.896
129P.txt,25.475,-1.187,53.942
89P.txt,32.172,-50.242,78.842
88P.txt,31.508,-53.666,81.864
214P.txt,15.577,-26.671,89.561
200P.txt,16.02,-0.442,69.152
216P.txt,16.117,-32.379,86.141
217P.txt,18.62,-30.776,80.535
213P.txt,13.626,-23.746,88.551
198P.txt,21.425,-0.315,65.921
220P.txt,16.992,-36.574,73.624
195P.txt,26.834,1.969,58.408
194P.txt,28.259,0.648,55.408
221P.txt,14.641,-38.221,70.713
223P.txt,19.848,-39.38,71.033
196P.txt,26.48,0.163,61.647
83P.txt,15.98,-44.436,85.639
197P.txt,21.55,-0.32,61.772
222P.txt,17.02,-41.14,70.014
86P.txt,26.675,-50.249,86.002
219P.txt,16.803,-38.075,76.668
85P.txt,21.998,-48.715,84.412
84P.txt,20.808,-45.956,87.397
224P.txt,21.085,-41.6,75.436
218P.txt,16.142,-35.928,79.79
492P.txt,18.587,-48.522,67.598
491P.txt,19.652,-45.453,71.173
127P.txt,24.345,-5.372,56.635
126P.txt,26.763,-4.451,60.395
244P.txt,22.522,-45.536,81.197
246P.txt,16.144,-41.342,82.05
247P.txt,17.701,-37.876,83.762
