465P.txt,10.138,32.264,5.877
277P.txt,11.005,31.848,-9.888
201P.txt,7.604,72.513,-19.481
76P.txt,-10.744,50.621,-39.28
412P.txt,-16.204,39.102,3.681
74P.txt,-5.422,53.545,-35.642
203P.txt,1.343,72.869,-19.994
366P.txt,9.568,50.097,-0.456
204P.txt,-3.068,74.46,-20.187
73P.txt,-3.07,56.493,-34.617
72P.txt,-4.488,60.25,-34.841
220P.txt,3.896,45.893,-41.61
80P.txt,-13.844,37.892,-40.676
432P.txt,7.797,65.092,-9.601
369P.txt,3.234,56.816,-2.87
419P.txt,-4.958,60.3,-0.245
356P.txt,8.633,22.436,-2.053
87P.txt,1.417,21.109,-40.231
437P.txt,-7.37,70.72,-8.136
423P.txt,2.334,66.461,-6.43
436P.txt,-5.602,70.097,-11.568
280P.txt,16.175,37.564,-5.861
444P.txt,-17.681,53.25,-9.533
120P.txt,3.827,72.342,-13.434
122P.txt,9.348,69.507,-11.838
325P.txt,-11.106,64.626,1.929
457P.txt,11.83,38.09,-0.302
456P.txt,11.927,34.94,-4.5
442P.txt,-19.382,60.046,-7.719
440P.txt,-17.609,69.391,-9.327
327P.txt,-6.868,65.275,-1.093
119P.txt,-0.337,72.255,-14.816
