305P.txt,-25.411,2.068,18.828
201P.txt,-45.494,19.69,4.952
229P.txt,-49.897,20.965,-9.12
188P.txt,-47.536,30.437,-1.718
189P.txt,-50.324,32.512,2.172
228P.txt,-49.376,21.745,-12.909
238P.txt,-32.784,17.618,-12.137
198P.txt,-51.998,12.16,1.031
239P.txt,-28.22,18.728,-9.45
234P.txt,-37.683,29.078,-13.381
181P.txt,-53.188,15.137,-9.538
180P.txt,-52.326,11.26,-8.148
194P.txt,-46.584,24.107,1.325
237P.txt,-29.669,21.865,-12.911
182P.txt,-56.807,13.006,-8.37
196P.txt,-48.684,18.851,-0.628
183P.txt,-53.847,13.265,-3.681
232P.txt,-38.791,29.601,-7.533
187P.txt,-49.346,26.681,-1.392
186P.txt,-49.297,23.577,-4.147
227P.txt,-44.154,21.367,-13.617
233P.txt,-39.694,26.173,-12.358
231P.txt,-44.338,26.868,-6.804
190P.txt,-47.273,35.592,3.1
185P.txt,-51.2,20.566,-2.779
251P.txt,-38.096,20.459,-12.227
