2200P.txt,28.031,3.489,67.234
2214P.txt,19.731,4.432,56.5
2176P.txt,21.098,8.182,31.193
2177P.txt,20.892,7.582,35.308
2215P.txt,22.872,4.062,61.229
2201P.txt,28.466,6.913,62.482
2229P.txt,35.854,18.302,47.718
2175P.txt,18.972,12.159,30.86
2174P.txt,21.555,12.475,27.269
2198P.txt,29.436,10.248,65.394
2199P.txt,29.101,7.082,68.668
2300P.txt,26.402,20.201,27.972
2315P.txt,19.696,22.432,60.017
2294P.txt,16.761,18.195,38.349
2254P.txt,15.774,18.327,57.952
2250P.txt,17.069,12.495,60.933
2287P.txt,12.736,23.334,49.313
2251P.txt,14.462,10.663,64.066
2253P.txt,16.407,16.972,61.609
2252P.txt,12.634,14.694,63.957
2195P.txt,34.424,11.075,56.165
2222P.txt,33.897,16.539,59.971
2197P.txt,32.801,10.633,61.927
2223P.txt,33.216,21.035,59.03
2224P.txt,29.226,22.59,57.838
