303P.txt,45.197,95.003,15.756
315P.txt,19.932,99.788,3.349
338P.txt,35.286,99.177,16.006
304P.txt,42.509,92.552,14.131
305P.txt,38.944,95.995,14.394
298P.txt,42.689,104.008,16.205
307P.txt,33.589,89.182,13.998
375P.txt,29.205,100.485,1.378
361P.txt,39.254,94.773,2.069
401P.txt,20.68,85.16,-11.388
366P.txt,33.911,102.595,11.64
403P.txt,23.43,86.606,-15.904
382P.txt,28.392,83.169,-13.75
357P.txt,36.148,87.874,-5.186
381P.txt,28.558,83.03,-8.675
392P.txt,24.804,83.756,13.28
386P.txt,21.623,82.335,-1.149
379P.txt,32.552,88.332,-7.668
393P.txt,21.65,82.934,15.482
322P.txt,28.843,97.482,-15.992
320P.txt,24.371,94.003,-11.256
321P.txt,28.021,96.256,-11.184
327P.txt,26.949,96.697,-4.489
