29P.txt,25.002,75.305,24.962
28P.txt,25.153,72.643,19.804
13P.txt,15.885,52.859,21.14
76P.txt,-1.043,39.365,16.804
62P.txt,12.569,56.156,10.653
63P.txt,12.995,52.513,15.729
61P.txt,9.684,60.296,10.881
75P.txt,1.321,36.256,14.799
74P.txt,3.448,40.073,15.217
48P.txt,23.125,73.271,13.077
70P.txt,8.922,44.489,13.539
58P.txt,13.606,61.345,8.993
65P.txt,7.971,53.008,10.915
73P.txt,4.718,41.027,10.132
80P.txt,-2.883,42.073,20.577
4P.txt,4.108,43.147,27.696
68P.txt,4.274,50.069,13.048
55P.txt,19.243,64.392,12.165
45P.txt,25.797,77.261,15.379
44P.txt,27.232,78.664,10.437
27P.txt,27.943,69.672,22.787
24P.txt,24.773,66.366,20.461
30P.txt,28.413,75.38,25.556
