12P.txt,25.468,-35.454,38.863
148P.txt,26.908,-29.374,30.956
149P.txt,21.892,-26.284,28.607
152P.txt,20.914,-32.138,32.244
19P.txt,33.149,-29.329,34.862
22P.txt,35.571,-24.265,33.393
25P.txt,34.685,-17.876,31.106
26P.txt,30.717,-18.122,28.635
27P.txt,30.825,-14.713,31.691
28P.txt,35.261,-14.316,27.793
30P.txt,29.559,-13.065,25.699
33P.txt,25.661,-15.178,22.754
125.txt,22.526,-27.976,14.61
141.txt,33.318,-23.075,27.094
144.txt,31.586,-27.067,28.674
145.txt,27.968,-25.46,28.063
148.txt,26.908,-29.374,30.956
149.txt,21.892,-26.284,28.607
152.txt,20.914,-32.138,32.244
153.txt,17.58,-31.054,29.856
19.txt,33.149,-29.329,34.862
22.txt,35.571,-24.265,33.393
24.txt,37.563,-20.491,29.134
25.txt,34.685,-17.876,31.106
26.txt,30.717,-18.122,28.635
27.txt,30.825,-14.713,31.691
30.txt,29.559,-13.065,25.699
33.txt,25.661,-15.178,22.754
34.txt,24.973,-20.36,18.609
35.txt,20.409,-21.2,19.867
37.txt,18.312,-26.322,19.146
40.txt,13.542,-30.456,25.363
41.txt,10.847,-31.516,21.796
