29P.txt,8.923,9.897,-93.568
129P.txt,-1.204,11.696,-61.323
101P.txt,27.502,18.338,-78.279
107P.txt,17.354,19.189,-81.854
39P.txt,18.52,4.028,-81.872
62P.txt,16.227,15.401,-61.816
63P.txt,10.352,14.548,-60.224
61P.txt,16.664,13.325,-58.236
60P.txt,17.532,8.828,-60.442
58P.txt,23.573,13.075,-57.539
65P.txt,5.965,15.557,-65.084
57P.txt,22.269,8.73,-57.926
96P.txt,32.124,10.091,-73.062
51P.txt,27.141,-0.447,-61.659
92P.txt,23.974,16.827,-65.483
150P.txt,3.924,-3.351,-84.033
147P.txt,3.936,-0.324,-80.127
146P.txt,9.056,-0.918,-79.174
53P.txt,27.222,6.792,-63.8
136P.txt,10.554,4.982,-64.807
36P.txt,16.137,7.408,-86.806
32P.txt,12.398,5.636,-91.232
133P.txt,12.724,8.177,-63.206
131P.txt,6.345,11.34,-61.355
