29P.txt,-29.208,33.443,1.2
28P.txt,-27.489,32.885,-3.392
112P.txt,-16.671,24.08,-27.141
38P.txt,-26.544,18.204,-17.006
39P.txt,-26.737,16.618,-21.899
48P.txt,-31.41,30.943,-19.667
70P.txt,-23.642,31.317,-25.334
40P.txt,-24.05,18.608,-23.482
54P.txt,-30.92,39.06,-8.705
51P.txt,-29.199,35.837,-15.615
86P.txt,-40.651,22.39,-13.945
44P.txt,-27.202,28.398,-22.852
52P.txt,-33.134,34.642,-13.494
90P.txt,-30.653,25.191,-4.391
34P.txt,-36.725,26.966,-13.178
35P.txt,-33.421,22.324,-13.011
37P.txt,-30.285,19.009,-18.534
36P.txt,-30.422,22.08,-16.123
26P.txt,-24.665,29.461,1.878
32P.txt,-34.46,28.044,-5.42
31P.txt,-31.67,31.243,-3.919
25P.txt,-21.661,31.102,2.227
30P.txt,-30.868,29.923,-1.138
