109P.txt,4.487,-31.531,1.611
117P.txt,-3.638,-34.776,11.317
130P.txt,-16.846,-28.454,9.959
166P.txt,-4.13,-26.181,4.781
167P.txt,-8.134,-27.356,4.764
168P.txt,-5.942,-30.428,7.899
169P.txt,-12.499,-31.014,6.715
25.txt,-3.393,-15.438,15.161
26.txt,-8.867,-16.947,16.882
27.txt,-8.971,-15.016,12.163
28.txt,-12.337,-13.304,14.081
29.txt,-15.527,-13.267,14.743
30.txt,-18.988,-14.365,13.3
31.txt,-17.734,-18.148,12.115
32.txt,-17.484,-18.986,7.996
35.txt,-14.569,-22.235,10.062
37.txt,-9.239,-19.037,10.231
39.txt,-3.874,-16.037,9.438
79.txt,-7.786,-16.239,26.546
81.txt,-12.912,-17.823,25.395
82.txt,-8.473,-13.034,23.205
83.txt,-8.565,-12.271,18.784
84.txt,-5.325,-10.889,20.902
85.txt,-3.878,-13.023,23.616
