29P.txt,190.397,14.349,56.729
28P.txt,190.804,9.807,55.908
338P.txt,230.459,35.634,72.697
310P.txt,230.833,38.11,53.688
339P.txt,233.452,37.995,74.885
306P.txt,227.505,31.58,54.947
215P.txt,207.978,26.996,68.05
188P.txt,208.481,32.503,59.889
216P.txt,204.95,24.825,72.003
217P.txt,200.423,27.375,71.132
212P.txt,206.882,35.713,71.103
211P.txt,208.113,35.986,67.016
340P.txt,231.553,39.013,77.66
341P.txt,228.741,36.421,77.615
221P.txt,201.275,17.398,66.441
168P.txt,225.445,33.531,42.757
187P.txt,205.072,30.668,57.193
219P.txt,203.532,24.1,64.877
190P.txt,212.672,33.101,54.664
191P.txt,216.749,34.399,55.636
34P.txt,183.457,19.093,56.408
337P.txt,229.029,39.294,73.829
336P.txt,231.247,41.978,71.963
334P.txt,227.139,38.192,67.655
335P.txt,231.415,39.336,69.034
321P.txt,228.303,51.798,51.774
32P.txt,184.082,19.061,48.314
331P.txt,228.795,41.087,62.975
33P.txt,181.105,17.312,52.435
332P.txt,231.149,44.137,66.975
333P.txt,226.488,44.422,68.31
30P.txt,185.177,14.897,53.244
