128P.txt,5.789,-15.626,-10.78
129P.txt,7.464,-21.509,-9.618
130P.txt,2.667,-24.118,-10.209
142P.txt,5.956,-14.516,-14.97
162P.txt,9.45,-20.422,-0.968
163P.txt,8.244,-20.704,-4.832
185P.txt,12.003,-8.645,-6.223
189P.txt,10.719,-6.4,3.881
193P.txt,8.925,-13.033,10.029
198P.txt,4.761,-25.828,-1.848
203P.txt,8.551,-35.142,1.107
208P.txt,11.708,-30.521,9.752
209P.txt,10.229,-29.599,4.579
211P.txt,10.983,-22.451,5.477
212P.txt,10.638,-18.069,9.03
213P.txt,9.521,-16.182,4.82
214P.txt,11.007,-12.005,5.4
232P.txt,-3.457,-34.89,-9.778
