330.txt,26.128,38.052,65.921
331.txt,23.357,41.368,67.129
332.txt,22.056,42.188,62.584
333.txt,25.305,44.305,61.158
334.txt,25.137,48.249,58.885
342.txt,30.239,39.346,60.482
343.txt,32.743,37.922,62.823
344.txt,31.472,36.185,66.837
345.txt,29.725,33.296,66.911
367.txt,13.777,34.846,65.718
369.txt,21.097,35.724,68.545
370.txt,21.262,31.976,70.876
371.txt,18.818,29.563,70.274
373.txt,14.403,29.846,68.667
400.txt,11.453,33.287,69.84
401.txt,8.053,31.178,72.217
402.txt,8.018,27.927,69.775
403.txt,12.458,25.281,71.322
434.txt,17.23,23.624,74.948
