336.txt,1.731,165.645,45.83
367.txt,-1.599,165.064,53.326
372.txt,-13.049,169.848,49.993
373.txt,-18.69,171.714,49.34
374.txt,-14.434,168.476,44.401
375.txt,-14.246,165.842,48.493
377.txt,-21.123,167.147,49.258
379.txt,-26.663,169.486,50.055
380.txt,-26.277,164.645,48.847
389.txt,-23.616,156.905,45.272
391.txt,-19.621,160.764,47.744
393.txt,-13.838,160.945,49.431
394.txt,-11.217,162.154,53.142
395.txt,-6.316,165.659,51.434
396.txt,-4.783,162.482,54.078
399.txt,-6.366,157.908,55.67
414.txt,-20.206,156.838,52.345
415.txt,-19.544,154.713,48.267
