107.txt,-28.24,-3.821,-15.7
108.txt,-28.239,-1.556,-18.04
110.txt,-23.516,-4.823,-15.903
111.txt,-26.718,-5.857,-20.37
112.txt,-23.154,-2.307,-22.37
113.txt,-19.719,-4.733,-19.938
114.txt,-20.343,-8.045,-21.222
115.txt,-15.122,-8.503,-20.099
116.txt,-14.926,-13.105,-21.401
117.txt,-12.218,-13.072,-18.189
118.txt,-9.7,-15.926,-18.512
119.txt,-12.292,-18.634,-15.541
148.txt,-12.264,-5.469,-15.749
150.txt,-17.143,-2.296,-15.58
194.txt,-23.014,-11.12,-7.675
195.txt,-22.354,-10.404,-12.697
196.txt,-14.739,-11.223,-11.292
198.txt,-21.275,-15.541,-10.257
199.txt,-17.144,-16.431,-13.472
201.txt,-12.89,-21.345,-12.776
233.txt,-21.12,-26.119,-9.61
234.txt,-17.637,-22.818,-12.116
75.txt,-7.978,-4.746,-28.688
76.txt,-10.203,-7.381,-26.473
79.txt,-17.381,-4.319,-28.666
