300.txt,-13.126,-9.171,-16.996
301.txt,-16.373,-10.029,-13.933
334.txt,-18.771,-9.835,-17.427
336.txt,-21.067,-8.157,-11.061
337.txt,-26.984,-9.311,-10.233
338.txt,-26.198,-10.702,-6.536
339.txt,-29.6,-11.799,-4.864
340.txt,-27.096,-10.792,-1.214
342.txt,-33.584,-10.711,5.671
343.txt,-29.724,-12.838,7.674
344.txt,-27.891,-12.477,4.32
345.txt,-27.187,-14.881,2.138
346.txt,-27.432,-17.421,-1.227
347.txt,-31.544,-14.64,-0.759
349.txt,-33.544,-14.932,-7.972
350.txt,-35.402,-15.249,-11.736
351.txt,-30.386,-11.327,-14.083
370.txt,-37.385,-11.611,-10.663
371.txt,-36.808,-9.455,-6.855
372.txt,-36.603,-11.941,-3.896
379.txt,-25.754,-6.878,-5.229
382.txt,-17.765,-7.07,-6.075
383.txt,-17.603,-6.806,-2.613
384.txt,-16.599,-5.189,0.798
386.txt,-20.917,-3.327,-3.525
