12.txt,40.091,-31.434,-27.525
13.txt,43.908,-30.674,-26.448
15.txt,48.896,-25.26,-26.207
155.txt,47.861,-21.153,-11.788
156.txt,49.121,-23.109,-8.22
157.txt,43.359,-22.892,-10.198
17.txt,51.661,-22.886,-24.003
178.txt,41.692,-28.137,-22.345
179.txt,39.897,-31.046,-20.372
18.txt,52.78,-27.621,-28.352
180.txt,40.355,-30.42,-16.13
181.txt,39.224,-31.008,-12.677
182.txt,35.512,-31.531,-15.972
184.txt,35.938,-27.226,-20.661
185.txt,41.302,-25.378,-19.538
187.txt,45.082,-21.529,-22.472
198.txt,51.584,-20.908,-15.183
199.txt,55.071,-19.103,-15.979
20.txt,57.819,-23.925,-30.678
203.txt,45.237,-22.069,-16.817
