102.txt,-67.195,-76.043,5.99
122.txt,-49.025,-91.613,9.588
276.txt,-61.767,-60.59,17.846
278.txt,-59.277,-57.715,20.582
279.txt,-58.433,-62.379,19.892
280.txt,-54.074,-62.361,20.189
281.txt,-55.741,-65.786,18.335
282.txt,-58.718,-65.116,16.233
283.txt,-56.303,-65.089,11.617
366.txt,-43.256,-71.588,15.276
367.txt,-43.373,-74.998,14.15
368.txt,-45.269,-77.411,11.832
371.txt,-46.735,-72.456,9.84
425.txt,-47.286,-81.881,7.985
426.txt,-51.785,-84.063,6.197
427.txt,-55.143,-79.749,3.723
429.txt,-56.229,-85.64,8.411
430.txt,-53.741,-84.663,12.228
431.txt,-50.501,-85.79,9.857
432.txt,-46.724,-86.806,8.884
455.txt,-50.93,-63.331,13.514
456.txt,-52.395,-59.31,17.847
457.txt,-48.062,-61.154,19.186
459.txt,-50.222,-58.829,25.795
472.txt,-51.878,-70.342,9.18
473.txt,-53.296,-73.798,8.375
474.txt,-57.484,-73.327,8.793
476.txt,-61.891,-74.422,7.247
480.txt,-63.494,-68.457,5.796
96.txt,-64.851,-65.12,10.255
97.txt,-69.814,-69.236,11.628
98.txt,-70.229,-69.678,5.516
