256.txt,61.291,21.276,43.627
257.txt,60.248,26.692,39.642
258.txt,60.438,29.164,43.951
259.txt,59.441,28.722,47.399
260.txt,64.518,25.705,47.863
315.txt,54.63,41.151,40.104
317.txt,55.969,44.067,45.25
318.txt,56.975,45.057,49.152
319.txt,54.315,43.987,51.233
320.txt,55.592,41.912,54.52
342.txt,59.511,36.015,51.621
343.txt,59.22,40.444,48.942
350.txt,58.184,38.06,44.516
351.txt,61.063,33.229,45.708
354.txt,59.462,36.946,39.734
355.txt,58.727,32.672,37.668
357.txt,60.213,36.584,33.285
358.txt,61.857,33.069,32.926
360.txt,61.641,38.455,29.062
367.txt,56.997,39.521,28.292
369.txt,57.264,42.14,34.132
371.txt,56.225,45.499,39.333
373.txt,55.947,49.062,45.926
