316P.txt,9.63,90.594,80.26
317P.txt,9.013,91.352,83.986
14P.txt,10.669,93.52,110.161
28P.txt,-0.67,91.233,83.381
315P.txt,8.449,96.269,78.65
314P.txt,6.285,93.473,74.215
17P.txt,9.662,94.38,99.527
311P.txt,3.327,94.073,69.033
12P.txt,11.087,94.233,116.432
313P.txt,6.291,97.553,73.086
307P.txt,10.157,85.809,65.411
11P.txt,12.217,92.638,119.919
94P.txt,19.293,101.667,34.678
42P.txt,10.862,91.452,74.298
41P.txt,11.717,95.827,75.126
20P.txt,12.1,101.558,92.898
323P.txt,5.307,98.983,96.716
21P.txt,11.886,105.35,92.784
35P.txt,4.869,100.042,89.087
23P.txt,8.994,102.3,87.516
320P.txt,9.569,92.735,92.723
308P.txt,6.835,91.676,62.037
321P.txt,3.602,95.044,92.742
292P.txt,15.639,92.187,71.388
32P.txt,-3.516,97.196,81.122
324P.txt,6.349,102.82,96.522
318P.txt,12.931,91.672,85.092
27P.txt,-0.074,93.496,80.005
293P.txt,12.77,88.041,70.654
31P.txt,-3.671,94.494,85.443
19P.txt,11.844,99.665,96.183
18P.txt,13.281,95.846,96.167
