470P.txt,37.252,15.292,35.209
458P.txt,35.688,2.887,41.575
471P.txt,40.868,13.561,35.927
473P.txt,45.351,9.506,34.041
472P.txt,44.008,13.684,33.405
502P.txt,29.495,-29.624,45.618
489P.txt,27.238,-14.056,15.376
476P.txt,33.98,6.074,35.051
475P.txt,40.633,6.29,32.42
428P.txt,14.971,-11.413,23.472
432P.txt,16.678,-1.328,16.232
427P.txt,15.08,-12.742,19.641
433P.txt,17.775,1.711,18.539
437P.txt,20.56,-2.599,29.62
436P.txt,23.849,0.394,24.779
486P.txt,22.824,-4.548,12.626
479P.txt,31.557,-0.844,28.436
444P.txt,40.02,-5.601,38.872
487P.txt,25.253,-6.855,15.163
485P.txt,19.349,-5.623,14.721
491P.txt,30.43,-8.171,17.642
484P.txt,23.002,-1.76,18.0
480P.txt,27.576,-0.477,27.95
443P.txt,39.4,-1.166,33.584
456P.txt,32.738,-1.304,42.171
442P.txt,37.358,-1.352,30.365
482P.txt,25.91,-3.115,21.955
