128P.txt,24.351,-89.41,7.553
458P.txt,35.431,-84.704,1.502
13P.txt,12.218,-87.002,32.158
10P.txt,14.024,-83.643,32.01
272P.txt,1.899,-95.667,1.044
76P.txt,18.076,-97.282,-5.956
360P.txt,5.874,-70.081,-14.308
77P.txt,22.397,-96.813,-6.132
388P.txt,22.202,-76.722,-19.628
74P.txt,15.107,-92.615,-8.999
366P.txt,2.196,-61.705,-20.822
73P.txt,12.733,-94.746,-5.902
430P.txt,29.792,-84.204,-6.486
381P.txt,17.22,-67.505,-29.881
3P.txt,28.071,-92.131,32.819
79P.txt,24.315,-91.696,-1.595
78P.txt,22.996,-91.756,-6.815
91P.txt,6.16,-94.028,11.585
84P.txt,19.138,-85.519,0.507
450P.txt,30.696,-84.599,6.63
518P.txt,19.065,-57.225,-7.873
526P.txt,9.666,-55.42,-7.466
334P.txt,13.444,-84.931,-9.93
308P.txt,3.715,-60.659,7.606
335P.txt,10.222,-83.27,-15.424
453P.txt,35.328,-88.426,7.837
527P.txt,6.981,-56.701,-13.955
296P.txt,-2.507,-68.454,4.909
457P.txt,37.582,-88.893,-0.441
331P.txt,14.59,-79.14,-8.015
244P.txt,-4.188,-78.925,-2.894
285P.txt,2.669,-80.794,-16.192
118P.txt,11.509,-81.494,1.711
454P.txt,39.701,-89.377,6.847
24P.txt,41.97,-86.181,19.009
