262P.txt,61.932,42.436,25.177
115P.txt,50.647,54.962,7.077
263P.txt,60.003,42.325,28.249
116P.txt,55.296,57.096,7.935
113P.txt,53.412,47.653,7.834
259P.txt,66.532,38.684,18.911
139P.txt,49.669,42.151,-16.446
138P.txt,46.529,41.171,-12.111
215P.txt,72.504,55.779,-21.999
162P.txt,56.811,65.328,3.863
49P.txt,56.263,33.729,12.099
75P.txt,52.118,42.35,14.453
74P.txt,50.176,43.744,10.41
60P.txt,57.329,41.793,2.754
48P.txt,52.232,33.663,13.969
206P.txt,74.11,64.023,5.714
66P.txt,55.936,39.805,-8.881
94P.txt,71.517,48.775,-6.503
221P.txt,63.082,46.585,-19.934
68P.txt,52.14,35.973,-3.207
145P.txt,51.789,46.585,-3.738
78P.txt,60.557,34.482,13.392
53P.txt,56.609,30.907,1.43
121P.txt,50.067,63.493,1.56
120P.txt,46.946,61.072,0.715
137P.txt,48.7,42.86,-9.604
123P.txt,48.737,67.405,-2.833
252P.txt,53.244,51.679,4.349
