116P.txt,-33.904,17.176,-1.866
113P.txt,-36.076,14.62,3.802
110P.txt,-36.882,10.696,4.592
188P.txt,22.165,-0.195,13.547
176P.txt,7.433,-11.705,9.035
174P.txt,5.967,-8.669,15.584
175P.txt,8.475,-7.764,12.278
203P.txt,27.616,7.022,17.879
213P.txt,27.599,-2.003,27.252
207P.txt,29.892,0.152,16.188
71P.txt,-16.753,5.948,17.177
212P.txt,23.427,-5.284,28.115
173P.txt,8.749,-9.688,20.665
80P.txt,-22.605,19.755,9.337
180P.txt,20.256,-12.05,7.677
96P.txt,-36.118,22.295,2.962
154P.txt,11.73,7.27,15.328
41P.txt,-15.644,4.946,-3.772
187P.txt,23.177,-4.489,15.631
178P.txt,15.314,-12.331,7.878
50P.txt,-31.924,4.827,2.355
152P.txt,7.659,4.067,12.46
34P.txt,-5.453,-0.635,1.695
108P.txt,-32.965,11.632,11.291
120P.txt,-32.232,22.724,-3.435
136P.txt,-12.474,9.64,7.426
123P.txt,-26.983,22.274,-3.88
132P.txt,-16.749,13.904,2.638
124P.txt,-27.073,20.42,0.409
