302P.txt,35.94,-30.623,16.256
303P.txt,33.151,-33.956,17.08
277P.txt,17.717,-48.321,-0.06
314P.txt,15.932,-51.976,19.936
304P.txt,30.478,-36.971,18.882
311P.txt,13.379,-51.425,15.226
313P.txt,11.198,-53.336,19.124
312P.txt,10.889,-49.977,17.399
220P.txt,13.832,-61.797,13.881
221P.txt,11.444,-58.712,14.802
222P.txt,19.242,-59.773,17.909
232P.txt,39.563,-45.199,15.387
219P.txt,11.811,-64.686,15.736
257P.txt,14.983,-45.103,11.098
323P.txt,40.198,-34.125,16.851
256P.txt,16.38,-49.962,10.434
254P.txt,14.473,-55.915,11.21
321P.txt,35.89,-36.579,18.46
255P.txt,13.517,-52.54,10.508
286P.txt,18.833,-57.797,7.21
251P.txt,17.666,-61.049,13.328
252P.txt,15.849,-61.88,8.189
253P.txt,11.908,-60.199,10.089
284P.txt,19.145,-66.663,8.713
