62P.txt,-37.086,36.284,7.014
162P.txt,-33.712,33.445,1.495
63P.txt,-39.503,35.167,10.767
61P.txt,-38.136,40.458,7.099
74P.txt,-29.368,30.636,26.102
48P.txt,-19.831,34.046,-4.128
165P.txt,-30.645,34.273,5.925
158P.txt,-34.0,38.072,-3.059
66P.txt,-33.374,33.771,17.379
156P.txt,-33.167,33.64,-8.647
142P.txt,-52.912,28.138,4.829
143P.txt,-49.898,30.9,6.945
157P.txt,-28.831,38.622,-5.013
141P.txt,-51.194,25.088,7.456
155P.txt,-35.174,37.945,-7.4
168P.txt,-26.32,32.806,9.347
183P.txt,-27.415,19.906,30.657
92P.txt,-42.658,22.307,13.881
78P.txt,-31.343,25.789,31.546
184P.txt,-32.298,18.442,28.988
85P.txt,-41.466,23.8,24.166
47P.txt,-23.178,34.059,-4.709
27P.txt,-25.653,10.678,16.48
31P.txt,-26.632,13.525,9.398
19P.txt,-35.965,4.03,19.969
131P.txt,-44.323,12.605,26.437
