45P.txt,30.159,80.736,48.393
46P.txt,25.467,81.042,46.69
47P.txt,25.578,78.351,43.154
48P.txt,24.518,82.085,42.158
49P.txt,25.757,85.753,42.464
52P.txt,23.495,84.943,51.641
59P.txt,19.471,86.577,48.683
61P.txt,19.491,86.799,42.718
62P.txt,14.643,87.023,44.252
63P.txt,14.318,89.224,49.473
65P.txt,21.715,95.905,46.547
66P.txt,25.154,93.482,46.049
67P.txt,26.002,95.617,42.881
68P.txt,28.667,91.116,43.672
70P.txt,22.95,88.805,38.605
71P.txt,18.744,90.315,38.934
72P.txt,18.922,92.482,41.396
73P.txt,14.945,90.474,41.272
74P.txt,15.92,95.124,46.14
75P.txt,11.541,92.596,46.847
77P.txt,14.057,98.834,49.145
78P.txt,18.057,96.913,51.8
79P.txt,21.364,98.071,51.189
97P.txt,8.688,92.526,54.091
102.txt,2.363,81.674,57.548
103.txt,3.66,78.978,55.876
116.txt,9.913,72.364,60.117
117.txt,10.102,69.763,64.052
118.txt,12.321,70.854,66.342
119.txt,12.12,71.716,71.068
120.txt,12.021,75.546,68.449
121.txt,10.415,76.156,73.412
124.txt,13.332,80.64,74.081
125.txt,13.606,76.136,77.05
129.txt,11.489,86.453,78.046
18.txt,6.814,86.698,69.943
19.txt,3.399,84.763,67.584
22.txt,2.614,82.211,64.294
23.txt,5.946,81.346,62.403
24.txt,7.645,80.609,67.969
27.txt,11.087,79.339,65.093
