100P.txt,-30.202,19.061,12.744
113P.txt,-36.076,14.62,3.802
115P.txt,-33.486,13.106,-3.017
116P.txt,-33.904,17.176,-1.866
118P.txt,-29.298,15.749,-3.213
119P.txt,-32.511,18.276,-5.828
120P.txt,-32.232,22.724,-3.435
121P.txt,-30.92,26.67,-5.303
122P.txt,-28.453,26.024,-2.834
123P.txt,-26.983,22.274,-3.88
124P.txt,-27.073,20.42,0.409
125P.txt,-24.087,17.488,-1.039
56P.txt,-22.346,0.22,5.998
83P.txt,-20.084,24.607,11.384
84P.txt,-23.321,24.193,9.597
85P.txt,-25.936,26.474,13.821
86P.txt,-28.996,27.1,11.01
87P.txt,-32.014,29.049,12.685
88P.txt,-33.238,25.513,16.324
89P.txt,-36.702,25.818,15.351
90P.txt,-38.194,25.826,12.384
91P.txt,-40.499,29.507,14.312
92P.txt,-42.358,29.758,10.56
93P.txt,-43.293,27.96,7.761
94P.txt,-40.888,28.074,4.096
95P.txt,-38.058,26.875,2.471
96P.txt,-36.118,22.295,2.962
97P.txt,-35.579,19.837,7.717
98P.txt,-31.333,23.48,6.661
187.txt,23.177,-4.489,15.631
204.txt,30.948,6.721,22.208
205.txt,30.036,3.024,23.24
206.txt,30.34,2.032,19.171
207.txt,29.892,0.152,16.188
208.txt,30.054,-3.118,19.068
209.txt,28.048,-2.189,21.722
210.txt,26.522,-4.535,24.372
212.txt,23.427,-5.284,28.115
213.txt,27.599,-2.003,27.252
216.txt,24.349,1.24,31.673
217.txt,24.875,4.635,29.232
