23P.txt,30.16,2.044,169.684
24P.txt,32.153,4.446,173.662
25P.txt,28.133,6.185,175.65
26P.txt,23.778,5.558,174.885
27P.txt,24.748,8.97,177.615
28P.txt,29.774,9.521,175.344
30P.txt,27.43,11.022,168.947
31P.txt,25.36,8.068,166.487
32P.txt,26.662,9.48,162.684
33P.txt,23.706,8.069,159.27
38P.txt,27.752,1.498,158.025
39P.txt,25.51,3.032,162.365
41P.txt,29.465,5.817,167.542
44P.txt,30.099,13.949,173.999
52P.txt,37.138,14.476,168.94
53P.txt,37.176,8.997,170.201
57P.txt,29.816,-2.876,164.39
58P.txt,31.788,-3.986,160.549
59P.txt,30.612,-8.331,159.055
61P.txt,34.345,-8.213,163.873
62P.txt,33.077,-3.418,166.904
63P.txt,36.868,-3.142,164.23
64P.txt,38.05,0.004,168.298
65P.txt,39.162,4.044,166.161
66P.txt,41.272,7.151,166.539
68P.txt,40.449,15.065,164.252
70P.txt,32.885,16.23,165.596
71P.txt,31.686,13.432,162.358
77P.txt,42.31,0.37,162.149
78P.txt,41.58,-4.098,162.946
79P.txt,41.076,-8.036,163.687
206.txt,27.563,-6.498,100.816
207.txt,23.74,-5.985,99.684
208.txt,22.443,-2.19,99.585
209.txt,19.226,-3.746,100.04
211.txt,24.604,-3.151,104.699
213.txt,24.207,1.314,108.2
214.txt,25.006,3.61,111.494
215.txt,25.082,6.976,113.034
226.txt,20.637,3.436,107.405
228.txt,19.106,1.325,100.353
229.txt,19.357,5.459,101.834
230.txt,15.224,4.101,104.308
249.txt,8.547,7.706,107.503
250.txt,8.031,4.64,104.808
251.txt,10.026,7.341,102.628
252.txt,12.716,8.561,106.135
253.txt,11.2,11.791,106.176
