100P.txt,76.508,-51.004,13.926
45P.txt,71.832,-53.084,39.193
46P.txt,67.667,-53.193,34.592
47P.txt,63.755,-55.649,35.441
48P.txt,66.298,-57.975,32.953
49P.txt,69.11,-58.811,36.225
52P.txt,73.641,-50.689,32.81
59P.txt,73.087,-54.508,28.877
61P.txt,69.724,-59.882,28.734
62P.txt,71.561,-58.791,25.027
63P.txt,76.007,-55.662,23.736
65P.txt,79.496,-61.49,31.071
67P.txt,78.303,-63.088,35.611
68P.txt,74.053,-60.134,38.039
70P.txt,71.959,-65.783,32.73
71P.txt,71.879,-64.406,28.798
72P.txt,75.057,-63.448,27.943
73P.txt,74.604,-63.37,24.032
74P.txt,80.059,-60.988,25.641
75P.txt,78.069,-59.349,21.422
77P.txt,83.26,-60.717,22.834
78P.txt,84.023,-57.272,27.052
79P.txt,85.142,-57.618,30.793
97P.txt,80.39,-53.283,17.967
103.txt,68.259,-50.512,16.859
106.txt,67.039,-46.078,19.105
112.txt,64.884,-44.011,22.775
113.txt,63.394,-40.889,26.091
116.txt,65.287,-38.6,18.434
117.txt,65.049,-33.948,18.396
118.txt,67.43,-32.228,20.272
119.txt,70.698,-29.134,18.413
121.txt,75.77,-29.106,17.76
21.txt,76.985,-47.065,10.842
23.txt,74.336,-41.618,14.556
