10P.txt,2.619,37.485,-16.865
29P.txt,-4.889,38.399,-25.083
31P.txt,-2.551,38.988,-31.907
33P.txt,-4.493,31.781,-28.07
37P.txt,-2.141,21.26,-20.014
47P.txt,-6.144,19.865,-22.172
49P.txt,-8.897,25.495,-21.604
5P.txt,5.624,37.424,-31.489
50P.txt,-8.597,23.319,-26.007
51P.txt,-6.539,26.512,-28.777
52P.txt,-8.782,31.012,-24.602
6P.txt,4.257,34.672,-28.409
7P.txt,3.532,36.625,-24.541
74P.txt,1.623,22.634,-18.9
76P.txt,0.946,25.658,-23.67
78P.txt,-0.573,28.049,-29.045
79P.txt,-0.406,31.957,-32.64
8P.txt,4.604,34.186,-21.846
80P.txt,-3.903,33.856,-33.825
81P.txt,-6.184,34.04,-36.67
82P.txt,-4.388,36.644,-37.026
83P.txt,-0.551,36.256,-39.924
91P.txt,8.877,26.453,-30.178
92P.txt,4.961,26.368,-28.39
93P.txt,6.024,29.975,-25.438
94P.txt,6.021,25.69,-21.461
95P.txt,5.325,29.009,-17.396
96P.txt,5.039,25.613,-15.264
152.txt,-12.981,24.302,14.329
154.txt,-15.116,30.246,16.464
156.txt,-16.237,35.333,18.499
164.txt,-17.976,41.726,26.524
165.txt,-17.014,40.013,22.765
166.txt,-18.519,35.616,26.306
167.txt,-15.47,32.327,23.034
168.txt,-16.733,29.018,21.737
169.txt,-13.848,25.813,20.521
170.txt,-17.559,23.245,17.673
171.txt,-16.072,19.324,16.254
190.txt,-14.232,32.321,12.61
192.txt,-10.714,27.188,11.892
194.txt,-6.631,23.862,13.076
197.txt,0.164,27.239,8.12
198.txt,-1.664,29.376,5.279
199.txt,-5.38,30.306,3.864
200.txt,-5.39,28.864,10.189
201.txt,-9.023,32.348,10.06
203.txt,-14.537,35.804,6.88
204.txt,-16.273,37.037,10.498
