1P.txt,20.438,8.371,64.988
10P.txt,14.904,-2.52,71.118
119P.txt,21.772,-2.822,88.252
121P.txt,18.556,-4.373,85.638
122P.txt,18.96,0.243,84.753
123P.txt,21.097,2.196,81.492
124P.txt,16.48,-2.259,80.915
125P.txt,14.746,-0.832,84.622
126P.txt,10.889,0.418,81.383
128P.txt,7.153,-1.268,77.315
129P.txt,11.811,-5.231,75.87
13P.txt,15.352,-6.495,71.825
14P.txt,14.926,-5.14,67.798
15P.txt,19.978,-6.969,66.084
16P.txt,20.456,-10.364,70.21
18P.txt,19.852,-10.899,75.859
2P.txt,20.822,10.239,68.804
20P.txt,25.967,-12.663,72.425
22P.txt,26.422,-13.398,79.073
24P.txt,22.742,-8.618,79.716
4P.txt,17.241,5.801,72.816
5P.txt,16.683,4.189,78.317
6P.txt,14.596,2.283,75.399
7P.txt,14.896,4.03,70.084
41.txt,27.267,10.511,63.443
43.txt,34.209,10.109,66.031
45.txt,39.754,11.239,66.425
46.txt,43.086,7.422,69.442
47.txt,47.507,8.495,70.693
48.txt,47.056,4.788,67.812
49.txt,46.03,6.366,64.421
53.txt,34.925,5.021,63.397
67.txt,42.914,3.533,55.439
68.txt,43.201,7.466,58.861
70.txt,48.364,1.695,61.908
79.txt,33.918,-0.313,55.818
81.txt,31.794,4.008,57.105
84.txt,29.147,6.162,61.242
