111P.txt,81.939,6.916,117.526
112P.txt,79.947,5.854,121.076
118P.txt,61.679,9.891,124.857
137P.txt,67.549,-1.722,122.999
138P.txt,69.232,0.056,120.558
141P.txt,75.241,4.843,114.239
142P.txt,72.023,0.448,115.226
143P.txt,70.982,-2.031,111.484
144P.txt,67.948,-3.381,116.0
146P.txt,64.103,1.571,112.608
147P.txt,61.432,2.666,115.496
149P.txt,58.589,6.834,117.124
150P.txt,57.054,3.084,118.14
151P.txt,56.13,5.322,123.158
152P.txt,53.795,1.72,124.402
153P.txt,58.274,-2.093,123.852
154P.txt,58.523,-6.155,124.616
155P.txt,62.156,-5.029,123.027
157P.txt,64.224,-0.034,130.4
396P.txt,66.57,31.454,127.542
430P.txt,61.526,9.635,112.238
434P.txt,62.466,12.381,108.44
437P.txt,64.125,5.51,109.278
455P.txt,70.967,34.019,129.522
456P.txt,75.706,29.66,126.788
457P.txt,72.14,28.551,124.639
458P.txt,73.255,25.276,127.698
464P.txt,70.601,14.565,111.442
466P.txt,77.926,14.588,110.857
467P.txt,73.955,10.296,112.419
98P.txt,73.243,26.442,138.204
99P.txt,74.78,24.526,134.371
326.txt,50.213,22.178,121.954
327.txt,51.241,27.125,123.84
328.txt,46.624,28.42,123.005
329.txt,48.165,32.629,121.78
343.txt,42.123,24.94,122.425
344.txt,44.939,22.012,121.873
345.txt,42.325,19.221,121.059
347.txt,48.344,17.17,122.484
366.txt,59.727,29.373,123.096
367.txt,56.794,26.975,120.492
368.txt,52.533,27.796,120.053
369.txt,53.212,24.108,118.062
370.txt,56.457,22.838,118.675
372.txt,60.828,24.497,120.155
399.txt,67.462,28.946,121.242
400.txt,62.54,28.586,118.947
401.txt,66.511,27.674,116.672
402.txt,67.288,24.486,119.237
403.txt,63.804,20.556,117.778
431.txt,58.944,13.058,113.731
432.txt,59.633,17.499,113.104
