10P.txt,10.981,93.211,123.689
11P.txt,12.217,92.638,119.919
12P.txt,11.087,94.233,116.432
125P.txt,26.252,76.239,21.645
13P.txt,12.251,90.839,113.141
14P.txt,10.669,93.52,110.161
15P.txt,10.407,90.392,107.233
16P.txt,11.038,92.522,103.328
167P.txt,22.954,69.024,20.75
17P.txt,9.662,94.38,99.527
18P.txt,13.281,95.846,96.167
19P.txt,11.844,99.665,96.183
20P.txt,12.1,101.558,92.898
21P.txt,11.886,105.35,92.784
22P.txt,11.566,105.081,88.906
23P.txt,8.994,102.3,87.516
25P.txt,4.043,100.496,83.652
29P.txt,-3.376,87.706,82.634
30P.txt,-5.422,90.481,85.492
317P.txt,9.013,91.352,83.986
318P.txt,12.931,91.672,85.092
319P.txt,10.616,91.959,88.582
320P.txt,9.569,92.735,92.723
321P.txt,3.602,95.044,92.742
323P.txt,5.307,98.983,96.716
324P.txt,6.349,102.82,96.522
325P.txt,8.762,104.24,100.871
34P.txt,1.208,96.348,87.023
35P.txt,4.869,100.042,89.087
37P.txt,11.207,97.019,89.987
38P.txt,13.087,95.978,86.016
9P.txt,11.961,92.429,126.948
143.txt,31.123,103.185,20.628
271.txt,17.465,102.245,48.152
272.txt,20.235,101.009,51.711
273.txt,23.122,102.3,52.89
274.txt,26.169,98.53,51.994
48.txt,21.211,101.948,61.64
49.txt,20.077,102.03,57.783
50.txt,23.69,101.889,57.398
59.txt,26.223,91.824,45.408
60.txt,25.541,96.759,45.671
62.txt,24.937,99.316,41.731
63.txt,22.554,100.967,38.501
74.txt,25.918,96.374,28.81
75.txt,24.455,98.685,33.054
78.txt,30.497,94.741,36.641
79.txt,27.528,92.801,38.677
90.txt,19.762,99.281,45.232
92.txt,15.988,104.38,40.988
94.txt,19.293,101.667,34.678
