118P.txt,47.61,7.178,28.772
122P.txt,46.853,6.341,33.783
124P.txt,47.54,-0.283,36.048
125P.txt,47.663,3.232,38.778
126P.txt,44.42,5.976,38.791
127P.txt,43.16,-0.201,39.825
128P.txt,48.148,-0.368,41.622
138P.txt,41.521,10.221,30.834
139P.txt,39.829,16.694,28.301
140P.txt,44.05,15.799,24.815
142P.txt,38.603,12.034,24.881
203P.txt,34.709,-2.854,21.932
206P.txt,32.129,1.482,22.904
207P.txt,35.776,0.162,28.057
209P.txt,35.016,5.771,27.294
210P.txt,32.325,1.546,30.436
212P.txt,36.929,7.361,32.435
213P.txt,33.382,6.487,34.807
214P.txt,33.086,1.995,37.121
215P.txt,37.676,5.657,38.761
216P.txt,35.856,9.973,37.443
32P.txt,40.184,-3.961,29.66
34P.txt,42.379,-8.596,34.269
36P.txt,35.91,-4.951,35.61
38P.txt,42.004,-6.586,40.888
39P.txt,36.329,-2.949,39.738
41P.txt,36.465,-7.282,44.147
143.txt,41.089,16.277,20.529
146.txt,37.514,11.423,18.935
150.txt,37.747,10.332,12.341
153.txt,35.965,6.01,10.575
199.txt,34.186,-4.191,15.538
202.txt,35.46,1.677,19.051
203.txt,34.709,-2.854,21.932
204.txt,38.904,-1.203,23.522
206.txt,32.129,1.482,22.904
207.txt,35.776,0.162,28.057
209.txt,35.016,5.771,27.294
210.txt,32.325,1.546,30.436
213.txt,33.382,6.487,34.807
214.txt,33.086,1.995,37.121
32.txt,40.184,-3.961,29.66
33.txt,39.067,-9.2,30.826
36.txt,35.91,-4.951,35.61
