186P.txt,-51.381,-30.687,-11.154
214P.txt,-54.889,-29.636,-5.155
216P.txt,-53.034,-34.288,-8.699
217P.txt,-49.182,-37.071,-7.315
219P.txt,-46.564,-39.077,-3.068
220P.txt,-44.681,-37.786,-6.818
222P.txt,-40.428,-32.524,-2.872
238P.txt,-49.534,-36.774,3.391
239P.txt,-54.266,-36.672,1.688
240P.txt,-56.704,-37.48,-1.665
241P.txt,-55.887,-33.371,-3.131
266P.txt,-41.222,-29.383,-5.44
267P.txt,-45.363,-31.639,-8.098
268P.txt,-41.746,-31.552,-10.472
269P.txt,-41.619,-29.737,-13.863
270P.txt,-45.362,-26.972,-11.604
372P.txt,-49.157,-0.208,70.667
374P.txt,-53.522,-0.099,69.344
375P.txt,-51.803,-4.994,71.23
377P.txt,-52.812,-2.09,77.857
391P.txt,-53.542,-9.133,76.99
393P.txt,-48.823,-8.955,71.606
394P.txt,-44.843,-6.915,70.887
395P.txt,-46.749,-3.977,67.437
399P.txt,-40.965,-11.581,66.679
401P.txt,-38.932,-12.148,73.877
402P.txt,-42.477,-9.648,76.38
403P.txt,-39.681,-10.265,80.674
414P.txt,-48.524,-12.22,79.321
415P.txt,-52.057,-15.251,78.61
431P.txt,-37.668,-4.253,79.521
336.txt,-45.848,-0.153,57.409
367.txt,-40.205,-3.362,62.552
372.txt,-49.157,-0.208,70.667
373.txt,-52.311,1.797,74.241
374.txt,-53.522,-0.099,69.344
375.txt,-51.803,-4.994,71.23
377.txt,-52.812,-2.09,77.857
379.txt,-54.751,0.811,83.524
380.txt,-55.223,-4.205,82.712
389.txt,-56.149,-12.69,80.805
391.txt,-53.542,-9.133,76.99
393.txt,-48.823,-8.955,71.606
394.txt,-44.843,-6.915,70.887
395.txt,-46.749,-3.977,67.437
396.txt,-41.419,-6.608,65.389
399.txt,-40.965,-11.581,66.679
414.txt,-48.524,-12.22,79.321
415.txt,-52.057,-15.251,78.61
