298P.txt,5.919,-9.133,-19.394
299P.txt,2.966,-11.282,-17.162
300P.txt,1.61,-7.712,-14.209
301P.txt,1.854,-3.402,-12.939
303P.txt,4.405,-4.483,-6.267
332P.txt,10.351,-9.909,-13.366
334P.txt,5.83,-3.375,-17.159
335P.txt,8.237,0.262,-14.992
337P.txt,6.431,6.23,-16.386
338P.txt,1.766,5.978,-14.413
348P.txt,1.061,15.295,-19.876
350P.txt,6.812,10.448,-26.647
351P.txt,7.203,6.266,-22.976
352P.txt,11.323,7.666,-25.929
353P.txt,12.211,3.742,-23.777
354P.txt,12.548,-0.06,-25.758
355P.txt,8.457,-1.637,-24.076
356P.txt,11.111,-1.04,-21.007
357P.txt,11.213,-4.659,-18.305
359P.txt,14.837,-8.179,-15.172
366P.txt,17.145,3.726,-18.095
368P.txt,13.996,8.22,-22.968
370P.txt,9.024,13.439,-25.584
305.txt,8.784,0.768,-2.465
306.txt,10.251,1.939,-8.266
307.txt,15.236,4.336,-4.908
308.txt,15.804,7.812,-8.114
309.txt,19.871,6.007,-8.831
310.txt,22.099,8.733,-11.381
311.txt,21.5,11.75,-14.138
312.txt,16.586,13.516,-14.118
325.txt,17.235,0.519,-7.718
327.txt,13.903,-1.703,-3.109
362.txt,21.779,-6.648,-10.786
364.txt,19.653,-0.167,-12.826
387.txt,8.278,7.594,-7.513
388.txt,4.993,11.815,-6.06
389.txt,9.06,13.065,-9.831
390.txt,7.296,17.71,-9.287
