1626P.txt,11.732,27.05,24.335
1628P.txt,8.958,22.458,27.217
1629P.txt,11.016,22.94,20.265
2571P.txt,12.199,18.015,31.546
4570P.txt,-1.654,11.66,37.2
4571P.txt,0.065,13.98,43.039
4573P.txt,-0.454,16.825,36.066
4574P.txt,-4.819,16.261,39.882
4575P.txt,-1.439,18.885,42.852
4577P.txt,-4.659,22.57,37.241
4580P.txt,-2.316,27.186,38.264
4581P.txt,-6.71,27.412,40.998
564P.txt,-4.863,5.108,25.666
565P.txt,-2.899,7.335,31.144
567P.txt,-0.878,10.81,24.867
568P.txt,-4.206,11.914,29.039
571P.txt,-3.495,14.661,25.25
572P.txt,-1.428,18.192,30.172
574P.txt,1.531,19.846,25.356
575P.txt,-3.296,22.774,28.925
578P.txt,0.774,26.975,27.243
579P.txt,-2.62,27.436,31.297
580P.txt,3.472,28.882,31.771
581P.txt,4.613,30.074,27.418
582P.txt,0.985,32.914,27.905
583P.txt,2.089,34.532,30.96
584P.txt,5.448,35.729,31.746
1643.txt,1.866,4.647,18.035
4570.txt,-1.654,11.66,37.2
4573.txt,-0.454,16.825,36.066
4574.txt,-4.819,16.261,39.882
4577.txt,-4.659,22.57,37.241
564.txt,-4.863,5.108,25.666
565.txt,-2.899,7.335,31.144
567.txt,-0.878,10.81,24.867
568.txt,-4.206,11.914,29.039
569.txt,0.11,12.744,30.685
571.txt,-3.495,14.661,25.25
572.txt,-1.428,18.192,30.172
574.txt,1.531,19.846,25.356
575.txt,-3.296,22.774,28.925
578.txt,0.774,26.975,27.243
579.txt,-2.62,27.436,31.297
