336P.txt,25.399,-7.981,33.795
338P.txt,29.053,-6.023,36.633
346P.txt,19.011,-28.148,46.598
348P.txt,16.17,-32.003,43.906
364P.txt,26.06,-28.955,26.753
404P.txt,37.753,-8.768,29.592
408P.txt,39.136,-7.819,34.348
437P.txt,20.56,-2.599,29.62
439P.txt,26.913,-3.206,32.031
440P.txt,32.286,-4.975,29.344
442P.txt,37.358,-1.352,30.365
443P.txt,39.4,-1.166,33.584
457P.txt,31.827,1.841,39.279
458P.txt,35.688,2.887,41.575
462P.txt,46.774,3.448,35.751
463P.txt,48.927,5.128,38.568
464P.txt,46.612,3.336,41.974
469P.txt,36.373,12.095,37.681
471P.txt,40.868,13.561,35.927
472P.txt,44.008,13.684,33.405
473P.txt,45.351,9.506,34.041
475P.txt,40.633,6.29,32.42
476P.txt,33.98,6.074,35.051
478P.txt,31.989,-0.438,33.806
479P.txt,31.557,-0.844,28.436
480P.txt,27.576,-0.477,27.95
482P.txt,25.91,-3.115,21.955
359.txt,17.903,-27.163,19.34
362.txt,24.862,-22.871,21.304
392.txt,33.093,-13.615,19.874
424.txt,21.317,-16.303,20.092
426.txt,18.968,-10.612,16.936
427.txt,15.08,-12.742,19.641
485.txt,19.349,-5.623,14.721
486.txt,22.824,-4.548,12.626
487.txt,25.253,-6.855,15.163
488.txt,26.981,-9.778,14.174
489.txt,27.238,-14.056,15.376
490.txt,29.8,-11.866,17.644
491.txt,30.43,-8.171,17.642
492.txt,24.711,-11.43,18.136
494.txt,24.95,-15.652,22.487
