10P.txt,6.316,19.637,0.905
11P.txt,4.433,21.525,-1.309
12P.txt,0.826,21.784,1.81
14P.txt,6.587,25.301,-0.48
15P.txt,2.607,26.372,-1.825
16P.txt,2.121,27.602,3.056
18P.txt,5.582,30.66,-1.633
19P.txt,-0.059,33.093,1.236
20P.txt,3.201,33.26,4.879
22P.txt,5.316,37.172,0.396
26P.txt,11.394,31.628,1.453
43P.txt,11.281,21.821,7.547
44P.txt,13.109,18.328,10.041
45P.txt,9.04,20.868,14.153
47P.txt,6.732,17.581,8.741
48P.txt,8.977,14.899,10.634
50P.txt,4.297,21.054,14.862
7P.txt,1.733,18.705,9.942
8P.txt,2.793,21.527,6.715
9P.txt,4.938,18.268,4.25
10.txt,6.316,19.637,0.905
11.txt,4.433,21.525,-1.309
12.txt,0.826,21.784,1.81
14.txt,6.587,25.301,-0.48
15.txt,2.607,26.372,-1.825
17.txt,6.368,29.005,3.416
26.txt,11.394,31.628,1.453
34.txt,16.568,27.068,-0.289
35.txt,20.663,22.973,2.005
40.txt,16.818,20.715,5.931
43.txt,11.281,21.821,7.547
44.txt,13.109,18.328,10.041
45.txt,9.04,20.868,14.153
47.txt,6.732,17.581,8.741
48.txt,8.977,14.899,10.634
49.txt,7.648,16.602,16.34
59.txt,11.736,29.504,6.117
7.txt,1.733,18.705,9.942
9.txt,4.938,18.268,4.25
