30P.txt,33.117,-7.631,21.572
45P.txt,46.161,7.364,19.306
49P.txt,45.827,2.946,14.741
52P.txt,47.284,1.346,9.321
53P.txt,43.016,-1.614,11.841
56P.txt,40.108,-4.658,10.423
57P.txt,37.786,-7.533,15.055
58P.txt,40.006,-4.162,16.873
59P.txt,38.857,-7.108,20.176
60P.txt,42.854,-7.784,20.608
61P.txt,44.507,-4.187,19.504
62P.txt,39.906,-1.277,22.292
63P.txt,39.566,-5.52,24.761
64P.txt,44.319,-4.387,25.819
65P.txt,45.323,-0.482,24.919
66P.txt,41.247,0.994,25.172
67P.txt,38.856,0.769,29.616
68P.txt,35.599,-0.817,29.838
70P.txt,36.615,4.902,26.917
94P.txt,42.965,-8.134,14.807
95P.txt,45.973,-10.296,16.007
96P.txt,47.634,-10.492,19.491
97P.txt,52.983,-7.727,16.881
30.txt,33.117,-7.631,21.572
63.txt,39.566,-5.52,24.761
64.txt,44.319,-4.387,25.819
65.txt,45.323,-0.482,24.919
66.txt,41.247,0.994,25.172
67.txt,38.856,0.769,29.616
68.txt,35.599,-0.817,29.838
69.txt,34.975,3.699,30.914
70.txt,36.615,4.902,26.917
72.txt,30.208,5.522,26.411
