100P.txt,-23.291,-65.233,-42.571
103P.txt,-22.721,-60.025,-47.209
104P.txt,-25.178,-60.364,-51.529
105P.txt,-23.294,-56.835,-53.879
106P.txt,-28.243,-57.108,-52.927
107P.txt,-26.902,-57.724,-48.303
108P.txt,-30.435,-59.66,-49.035
109P.txt,-26.775,-63.575,-46.492
111P.txt,-26.273,-69.005,-45.087
12P.txt,-20.8,-68.996,-52.73
130P.txt,-14.976,-67.367,-47.669
133P.txt,-19.567,-63.545,-41.009
14P.txt,-20.143,-67.071,-59.217
15P.txt,-22.408,-64.765,-54.393
174P.txt,-20.729,-61.51,-34.473
18P.txt,-18.837,-60.603,-57.122
187P.txt,-12.939,-53.135,-38.254
188P.txt,-13.849,-49.081,-35.809
270P.txt,-12.419,-47.072,-31.132
295P.txt,-21.933,-41.989,-23.352
296P.txt,-20.118,-42.8,-27.221
299P.txt,-23.521,-39.103,-30.077
300P.txt,-22.272,-43.106,-32.358
302P.txt,-29.041,-40.955,-31.972
303P.txt,-24.896,-38.708,-35.222
306P.txt,-32.847,-43.101,-35.001
310P.txt,-36.845,-43.159,-30.97
326P.txt,-26.728,-39.495,-19.182
330P.txt,-26.011,-35.403,-24.091
331P.txt,-29.425,-35.058,-26.088
332P.txt,-30.291,-30.894,-23.943
334P.txt,-26.256,-29.698,-27.433
158.txt,-23.154,-54.241,-18.394
291.txt,-21.045,-47.56,-17.957
319.txt,-34.875,-51.295,-16.026
320.txt,-30.621,-48.742,-16.147
322.txt,-29.804,-43.212,-13.334
326.txt,-26.728,-39.495,-19.182
53.txt,-5.991,-63.339,-9.725
55.txt,-11.721,-57.837,-10.223
57.txt,-13.818,-54.53,-9.157
58.txt,-8.634,-54.695,-11.072
61.txt,-11.278,-49.298,-12.021
62.txt,-5.857,-51.766,-14.161
65.txt,-13.945,-46.604,-16.572
