480P.txt,6.31,-9.644,-22.696
488P.txt,-0.066,-16.375,-26.825
489P.txt,-1.452,-15.261,-30.216
490P.txt,-0.082,-11.383,-28.852
543P.txt,4.04,-0.688,-41.771
544P.txt,5.937,-3.666,-39.803
546P.txt,10.159,1.363,-35.564
548P.txt,14.228,2.549,-30.991
555P.txt,15.695,-3.91,-32.043
557P.txt,11.215,-8.935,-33.159
559P.txt,3.136,-12.738,-33.35
560P.txt,3.006,-10.866,-37.466
561P.txt,8.519,-12.373,-37.381
562P.txt,7.177,-13.096,-41.486
563P.txt,3.785,-10.496,-42.468
564P.txt,2.597,-7.907,-45.749
565P.txt,1.003,-6.629,-42.216
566P.txt,0.586,-3.081,-41.292
567P.txt,1.886,-2.787,-37.271
582P.txt,3.55,-5.804,-31.379
584P.txt,7.778,-13.701,-31.284
585P.txt,9.631,-11.913,-27.615
586P.txt,11.414,-10.825,-24.397
587P.txt,13.439,-8.444,-27.589
598P.txt,8.566,5.829,-35.397
476.txt,8.463,5.133,-19.774
477.txt,8.487,1.511,-18.17
479.txt,6.564,-4.269,-18.286
484.txt,-3.568,-8.708,-19.543
485.txt,-3.134,-4.633,-21.313
496.txt,1.302,4.126,-17.552
497.txt,4.295,6.191,-19.115
499.txt,5.206,10.606,-24.898
510.txt,0.638,12.742,-22.293
512.txt,-0.977,9.179,-17.765
513.txt,-3.231,13.489,-20.452
514.txt,-5.309,12.952,-24.521
515.txt,-10.062,13.35,-24.846
534.txt,-9.224,-4.598,-21.996
573.txt,-11.103,3.736,-23.159
574.txt,-8.758,3.754,-19.558
575.txt,-7.132,4.813,-16.798
576.txt,-3.75,5.625,-18.503
577.txt,-5.51,6.463,-21.712
578.txt,-2.229,1.654,-19.494
