220P.txt,-42.715,14.995,-19.503
221P.txt,-44.674,12.774,-21.326
222P.txt,-45.234,13.486,-13.134
232P.txt,-65.387,12.001,2.307
233P.txt,-69.584,10.546,2.194
234P.txt,-71.137,10.474,-1.288
235P.txt,-75.799,9.599,2.034
238P.txt,-83.93,6.279,-4.427
243P.txt,-72.292,14.24,-9.285
253P.txt,-46.157,17.41,-22.797
257P.txt,-57.651,7.841,-20.775
299P.txt,-80.559,-1.774,-3.257
302P.txt,-74.889,0.391,-2.845
303P.txt,-70.541,0.79,-3.875
310P.txt,-54.447,6.491,-18.214
311P.txt,-50.705,8.278,-19.415
312P.txt,-49.386,5.03,-20.545
313P.txt,-45.784,6.014,-19.586
314P.txt,-48.189,6.843,-15.11
321P.txt,-68.696,3.249,-0.418
323P.txt,-73.529,4.188,2.238
325P.txt,-79.806,4.841,2.115
327P.txt,-84.292,7.523,1.713
329P.txt,-85.35,13.606,-2.984
220.txt,-42.715,14.995,-19.503
221.txt,-44.674,12.774,-21.326
222.txt,-45.234,13.486,-13.134
251.txt,-46.028,17.355,-16.522
255.txt,-51.964,12.661,-21.362
256.txt,-54.926,11.967,-19.235
257.txt,-57.651,7.841,-20.775
259.txt,-61.236,4.333,-17.876
261.txt,-63.957,0.77,-12.117
308.txt,-58.676,5.61,-13.814
310.txt,-54.447,6.491,-18.214
311.txt,-50.705,8.278,-19.415
312.txt,-49.386,5.03,-20.545
313.txt,-45.784,6.014,-19.586
314.txt,-48.189,6.843,-15.11
315.txt,-52.04,4.449,-14.105
316.txt,-51.937,7.697,-10.243
317.txt,-56.603,3.633,-8.912
