117P.txt,3.541,13.748,-62.483
119P.txt,5.759,20.393,-65.416
120P.txt,8.388,22.135,-62.314
121P.txt,7.465,16.972,-58.184
122P.txt,10.092,22.865,-55.404
123P.txt,10.025,18.065,-53.541
198P.txt,15.009,21.694,-52.58
199P.txt,15.059,18.747,-54.939
200P.txt,13.938,21.319,-59.263
201P.txt,12.191,16.462,-60.276
202P.txt,13.386,19.944,-65.378
203P.txt,8.188,15.619,-64.688
204P.txt,6.351,15.43,-69.157
205P.txt,3.078,17.928,-68.015
206P.txt,0.923,15.67,-70.738
207P.txt,-3.171,20.178,-70.33
216P.txt,-17.615,-0.022,-56.21
380P.txt,-7.577,18.967,-64.944
422P.txt,0.04,27.39,-63.996
423P.txt,2.561,27.915,-59.299
425P.txt,0.376,24.073,-52.258
430P.txt,4.223,15.454,-51.827
431P.txt,4.672,19.919,-52.109
432P.txt,5.157,24.369,-54.9
434P.txt,5.394,24.733,-60.675
435P.txt,0.477,21.367,-62.991
436P.txt,0.797,23.941,-68.213
437P.txt,-0.628,27.412,-69.289
53P.txt,-11.045,-6.435,-54.173
76P.txt,-15.359,-6.393,-63.263
77P.txt,-19.373,-3.4,-60.675
78P.txt,-20.724,-6.94,-57.892
124.txt,12.098,20.471,-50.532
275.txt,-12.612,12.18,-33.889
276.txt,-13.819,14.812,-30.415
278.txt,-15.477,19.438,-27.474
279.txt,-10.814,18.295,-30.383
280.txt,-10.544,23.459,-31.427
281.txt,-7.881,20.417,-33.745
282.txt,-9.834,16.245,-34.349
283.txt,-12.309,18.666,-39.569
365.txt,-8.306,33.044,-40.062
366.txt,-5.603,31.345,-42.449
367.txt,-3.373,29.415,-44.42
368.txt,-2.039,27.242,-47.629
371.txt,-6.567,25.401,-46.503
429.txt,1.613,16.963,-49.159
431.txt,4.672,19.919,-52.109
455.txt,-12.227,24.896,-38.132
456.txt,-15.538,24.817,-32.441
457.txt,-13.53,29.633,-33.459
458.txt,-11.489,28.735,-30.178
459.txt,-12.099,30.754,-27.087
461.txt,-15.449,28.663,-22.518
462.txt,-17.787,31.698,-20.64
469.txt,-13.439,30.929,-39.329
473.txt,-6.987,19.748,-46.51
476.txt,-6.407,10.359,-44.834
97.txt,-9.696,4.747,-34.673
