121P.txt,54.264,-83.626,14.803
125P.txt,52.902,-88.783,13.786
129P.txt,55.24,-96.171,10.416
14P.txt,30.905,-83.202,12.484
15P.txt,30.407,-86.778,15.64
157P.txt,69.481,-61.789,-5.805
16P.txt,34.475,-89.254,13.377
168P.txt,60.909,-75.347,-5.594
17P.txt,36.068,-93.632,12.569
18P.txt,39.074,-93.265,15.228
182P.txt,48.043,-91.624,-0.063
19P.txt,42.127,-90.717,12.417
20P.txt,44.413,-94.394,11.043
21P.txt,48.377,-93.808,11.913
22P.txt,48.128,-93.544,7.938
23P.txt,43.798,-91.714,8.182
24P.txt,47.62,-89.375,13.19
26P.txt,47.458,-87.886,4.685
27P.txt,45.094,-84.331,8.465
28P.txt,50.273,-83.425,9.84
30P.txt,46.414,-83.124,3.642
31P.txt,48.187,-77.954,8.726
33P.txt,51.473,-78.896,1.614
50P.txt,59.697,-65.892,-7.402
51P.txt,63.225,-64.383,-11.212
93P.txt,68.265,-83.436,6.103
103.txt,63.665,-64.756,10.86
104.txt,62.685,-63.507,5.838
106.txt,57.463,-61.255,10.559
152.txt,70.978,-65.78,8.628
153.txt,74.797,-63.319,5.734
154.txt,73.025,-64.62,1.987
155.txt,72.393,-60.587,-0.501
156.txt,68.123,-58.21,0.572
157.txt,69.481,-61.789,-5.805
158.txt,71.248,-64.449,-2.43
159.txt,68.28,-64.148,2.157
160.txt,64.416,-63.395,-1.569
47.txt,60.566,-58.682,-4.023
48.txt,62.192,-61.524,-6.887
57.txt,73.81,-68.198,-7.79
