107P.txt,-1.66,10.809,9.934
260P.txt,-5.832,8.428,8.58
261P.txt,-7.07,7.968,4.887
262P.txt,-5.661,11.344,3.955
263P.txt,-2.22,11.54,4.602
264P.txt,0.113,14.039,3.632
382P.txt,-36.821,26.205,16.427
383P.txt,-34.568,25.423,19.119
384P.txt,-34.378,21.939,18.874
385P.txt,-32.719,21.941,15.762
386P.txt,-30.529,24.306,17.397
387P.txt,-29.839,21.891,20.055
388P.txt,-27.424,20.412,17.589
393P.txt,-13.849,18.149,15.187
43P.txt,-1.284,33.589,0.393
44P.txt,-2.961,29.501,4.139
45P.txt,-2.93,24.338,2.064
46P.txt,-1.089,25.985,6.337
47P.txt,-1.534,25.713,9.91
49P.txt,1.785,20.329,13.043
50P.txt,6.246,19.206,15.06
51P.txt,7.124,23.554,12.713
71P.txt,7.203,17.979,22.059
75P.txt,0.052,14.213,17.162
77P.txt,-0.672,17.186,10.279
78P.txt,2.448,19.068,7.79
79P.txt,6.457,17.121,9.41
80P.txt,8.334,21.201,9.537
82P.txt,15.284,22.926,9.791
112.txt,4.452,5.79,23.145
113.txt,10.712,7.48,23.219
114.txt,8.755,1.266,22.771
115.txt,12.839,0.669,26.665
118.txt,16.95,-2.923,27.178
120.txt,20.781,-3.211,29.574
121.txt,19.575,-6.653,29.757
163.txt,16.748,-10.224,20.458
164.txt,12.676,-10.693,19.112
166.txt,6.282,-9.397,20.693
253.txt,14.579,4.528,23.487
