507P.txt,-47.889,1.762,70.82
509P.txt,-50.138,0.218,64.192
510P.txt,-47.628,-4.304,61.622
513P.txt,-59.315,-1.494,64.288
514P.txt,-61.344,2.639,65.507
524P.txt,-89.241,6.56,82.617
525P.txt,-89.036,11.751,84.72
526P.txt,-90.587,8.254,88.528
527P.txt,-93.273,9.976,90.155
528P.txt,-92.144,9.834,94.015
529P.txt,-88.346,12.011,89.624
530P.txt,-85.793,8.551,90.152
532P.txt,-86.044,4.935,85.04
534P.txt,-85.047,1.732,79.194
570P.txt,-93.818,10.314,78.542
571P.txt,-98.483,9.826,78.961
572P.txt,-95.46,6.88,75.647
573P.txt,-92.321,3.438,75.09
574P.txt,-92.559,8.317,72.245
575P.txt,-87.686,6.582,73.848
576P.txt,-90.049,12.02,70.008
577P.txt,-89.128,15.203,74.557
581P.txt,-83.509,17.135,83.646
601P.txt,-54.885,-0.032,84.589
643P.txt,-61.431,-13.479,76.778
652P.txt,-55.604,1.428,72.839
524.txt,-89.241,6.56,82.617
525.txt,-89.036,11.751,84.72
526.txt,-90.587,8.254,88.528
527.txt,-93.273,9.976,90.155
528.txt,-92.144,9.834,94.015
529.txt,-88.346,12.011,89.624
530.txt,-85.793,8.551,90.152
532.txt,-86.044,4.935,85.04
571.txt,-98.483,9.826,78.961
630.txt,-76.828,15.3,89.312
631.txt,-78.731,11.379,90.27
632.txt,-78.444,7.378,89.041
