102P.txt,36.857,-0.022,66.556
104P.txt,32.904,4.46,70.633
105P.txt,28.631,4.651,70.337
106P.txt,29.61,9.357,69.152
107P.txt,32.829,8.4,67.232
172P.txt,26.117,5.127,65.56
173P.txt,22.084,5.433,68.226
174P.txt,19.224,2.803,70.596
175P.txt,18.974,-0.469,68.519
176P.txt,24.52,0.316,69.348
177P.txt,24.757,-0.308,64.988
178P.txt,25.96,-5.055,64.97
179P.txt,29.241,-3.507,62.809
200P.txt,34.045,-3.677,64.775
202P.txt,33.402,-1.41,70.812
203P.txt,28.808,-1.196,73.158
204P.txt,27.237,-1.052,76.381
205P.txt,27.753,-4.688,79.59
206P.txt,32.24,-1.809,76.594
207P.txt,35.697,-2.623,80.997
208P.txt,31.387,-6.742,82.226
209P.txt,33.9,-4.074,87.528
210P.txt,32.465,-8.931,88.982
24P.txt,40.442,-10.401,17.559
25P.txt,41.622,-7.227,14.64
76P.txt,43.007,-3.11,1.648
77P.txt,44.874,-2.392,-1.681
79P.txt,42.549,3.089,-0.055
81P.txt,40.928,0.963,6.404
34.txt,45.632,-8.018,2.385
35.txt,47.685,-6.224,5.791
37.txt,49.745,-5.61,11.565
40.txt,53.31,-3.347,18.411
41.txt,53.354,-1.723,22.687
42.txt,58.683,-1.201,23.071
43.txt,56.722,-3.244,26.285
44.txt,55.844,-6.789,23.407
45.txt,59.441,-10.137,21.262
46.txt,55.343,-12.028,19.938
47.txt,52.339,-10.3,21.545
48.txt,50.795,-9.298,17.427
49.txt,49.678,-14.664,16.881
50.txt,49.247,-11.266,12.176
51.txt,46.635,-13.579,9.029
52.txt,45.944,-12.249,5.191
65.txt,53.563,-1.859,31.04
