200P.txt,3.848,40.791,-37.51
310P.txt,51.878,9.618,-36.835
316P.txt,66.632,2.904,-26.738
320P.txt,58.629,0.4,-23.407
321P.txt,60.545,-0.795,-26.586
325P.txt,60.177,-6.224,-31.659
327P.txt,56.011,-5.985,-30.121
347P.txt,67.651,-10.129,-30.494
351P.txt,64.51,-13.163,-31.651
352P.txt,64.084,-12.661,-27.253
353P.txt,64.257,-16.498,-26.659
354P.txt,66.702,-14.971,-23.94
355P.txt,62.097,-11.418,-22.929
356P.txt,58.556,-16.139,-24.591
357P.txt,59.82,-11.815,-28.618
570P.txt,33.17,30.414,-67.971
571P.txt,32.546,32.409,-65.199
572P.txt,29.033,28.805,-63.994
580P.txt,25.885,36.955,-58.752
582P.txt,26.286,34.628,-64.153
583P.txt,31.954,35.888,-67.522
584P.txt,30.476,35.909,-73.359
593P.txt,31.304,40.466,-69.584
594P.txt,27.204,39.518,-69.165
595P.txt,23.305,43.192,-70.429
596P.txt,23.366,45.865,-66.889
597P.txt,19.581,43.986,-67.311
598P.txt,21.085,39.418,-67.228
599P.txt,18.791,36.809,-64.7
600P.txt,19.638,32.708,-64.366
601P.txt,22.416,33.702,-68.235
603P.txt,23.855,31.816,-74.842
605P.txt,26.861,39.883,-75.558
606P.txt,23.856,41.451,-76.939
607P.txt,19.276,41.48,-73.476
608P.txt,19.239,38.687,-77.999
609P.txt,21.876,36.047,-75.879
610P.txt,19.694,35.894,-71.711
611P.txt,18.366,32.302,-70.233
101.txt,11.45,16.94,-10.738
102.txt,11.97,16.98,-6.663
104.txt,10.873,19.432,-2.511
106.txt,14.013,17.157,3.377
129.txt,7.353,17.006,-16.047
132.txt,6.45,15.721,-7.809
145.txt,-0.599,24.398,-26.108
153.txt,3.297,18.359,-27.283
154.txt,2.995,15.567,-23.347
155.txt,1.545,20.344,-21.617
156.txt,2.528,17.731,-17.618
158.txt,0.355,17.492,-12.496
159.txt,1.444,17.529,-7.865
162.txt,-1.066,21.964,-1.929
72.txt,17.11,17.76,-7.414
93.txt,12.519,11.016,-21.61
96.txt,9.079,16.458,-21.634
99.txt,11.93,17.622,-16.537
