206P.txt,14.598,17.118,-10.892
222P.txt,11.125,22.777,-11.756
230P.txt,8.575,10.969,-20.815
231P.txt,13.069,13.152,-18.207
232P.txt,12.44,16.708,-22.257
233P.txt,9.188,17.65,-22.97
234P.txt,8.585,19.74,-26.037
236P.txt,9.451,20.055,-19.94
237P.txt,12.96,22.779,-22.509
238P.txt,9.027,26.092,-25.746
250P.txt,25.206,31.087,-13.795
255P.txt,25.115,14.037,-9.126
256P.txt,21.579,11.889,-9.867
257P.txt,20.147,13.56,-13.547
258P.txt,20.536,13.002,-17.59
259P.txt,23.579,16.212,-16.874
260P.txt,21.26,15.903,-21.762
262P.txt,20.661,22.631,-24.209
264P.txt,25.057,25.826,-21.061
265P.txt,23.911,26.115,-25.662
266P.txt,20.285,27.528,-26.796
268P.txt,24.96,31.41,-24.362
274P.txt,26.445,24.848,-15.87
275P.txt,28.704,27.593,-10.559
276P.txt,27.109,23.191,-10.666
277P.txt,27.234,18.96,-9.683
279P.txt,25.307,16.359,-3.6
281P.txt,18.783,11.062,-3.614
70P.txt,15.372,-5.225,-5.61
72P.txt,19.063,-6.65,-1.473
230.txt,8.575,10.969,-20.815
231.txt,13.069,13.152,-18.207
232.txt,12.44,16.708,-22.257
233.txt,9.188,17.65,-22.97
234.txt,8.585,19.74,-26.037
235.txt,5.414,21.55,-22.256
237.txt,12.96,22.779,-22.509
238.txt,9.027,26.092,-25.746
239.txt,9.184,26.22,-18.364
241.txt,14.176,29.186,-22.014
242.txt,9.948,31.865,-20.33
262.txt,20.661,22.631,-24.209
266.txt,20.285,27.528,-26.796
