171P.txt,-6.249,2.779,-12.941
172P.txt,-10.336,2.05,-17.394
173P.txt,-8.092,4.941,-18.422
174P.txt,-6.049,3.073,-22.069
201P.txt,-9.37,-3.868,-24.489
21P.txt,-8.432,13.184,-13.846
222P.txt,32.772,0.226,-26.828
23P.txt,-4.077,9.589,-20.792
231P.txt,34.723,-1.226,-19.13
232P.txt,30.764,-1.047,-18.523
399P.txt,-5.467,12.412,-29.074
4P.txt,-32.132,2.452,-24.464
45P.txt,37.245,-16.07,-8.47
46P.txt,39.101,-13.333,-11.194
47P.txt,39.958,-11.154,-7.725
48P.txt,41.916,-10.219,-2.922
49P.txt,38.599,-8.31,-3.766
5P.txt,-36.579,5.023,-22.388
51P.txt,32.686,-11.727,-1.448
6P.txt,-34.834,5.943,-18.004
65P.txt,31.741,0.72,-4.066
67P.txt,33.752,2.104,-10.178
68P.txt,37.031,0.513,-5.559
69P.txt,40.568,-1.345,-6.874
7P.txt,-33.481,10.308,-16.62
70P.txt,40.325,-5.67,-8.547
71P.txt,35.798,-4.419,-9.145
72P.txt,35.335,-3.813,-12.672
73P.txt,37.566,-7.201,-12.671
74P.txt,34.356,-8.828,-9.608
76P.txt,32.861,-8.332,-15.79
77P.txt,33.098,-12.924,-13.596
8P.txt,-30.263,9.834,-12.597
256.txt,20.419,-3.721,-43.784
257.txt,16.958,0.204,-42.581
258.txt,20.579,3.67,-41.869
259.txt,24.151,3.954,-40.729
260.txt,24.713,2.312,-46.43
315.txt,13.844,12.773,-33.428
317.txt,18.372,17.035,-33.831
318.txt,22.053,19.131,-34.365
319.txt,23.94,17.752,-31.856
320.txt,27.636,16.897,-33.698
342.txt,26.246,11.926,-38.95
343.txt,22.358,15.079,-37.626
350.txt,18.925,11.578,-37.397
351.txt,21.544,7.938,-41.179
354.txt,13.971,10.581,-38.73
355.txt,13.966,4.748,-39.36
357.txt,8.824,7.556,-40.659
358.txt,8.918,3.789,-42.466
360.txt,4.638,8.567,-41.648
367.txt,3.043,8.715,-36.724
369.txt,8.063,12.604,-36.253
371.txt,11.919,17.057,-33.546
373.txt,16.039,21.001,-32.56
