116P.txt,8.787,22.255,43.381
117P.txt,9.663,26.715,39.605
118P.txt,11.629,28.391,41.67
119P.txt,9.005,32.346,41.986
120P.txt,13.099,33.889,41.267
202P.txt,9.008,33.478,37.484
203P.txt,12.462,29.367,36.418
204P.txt,7.885,29.766,35.823
205P.txt,5.343,29.149,39.008
206P.txt,4.497,26.072,37.045
207P.txt,1.26,25.348,41.252
208P.txt,1.534,20.008,39.549
254P.txt,8.472,13.082,54.111
327P.txt,-0.093,33.98,53.275
369P.txt,11.81,30.059,60.936
370P.txt,12.939,26.65,58.416
375P.txt,9.018,22.698,58.56
377P.txt,5.108,19.915,51.616
380P.txt,2.916,22.756,47.833
421P.txt,6.468,31.1,54.457
422P.txt,5.254,32.904,49.318
423P.txt,10.075,33.676,51.402
425P.txt,15.722,29.102,53.713
426P.txt,17.36,26.557,49.434
431P.txt,19.937,29.944,49.376
432P.txt,17.595,32.263,49.295
434P.txt,9.301,33.648,46.102
435P.txt,8.309,29.225,46.2
436P.txt,3.366,31.712,44.455
437P.txt,0.293,32.943,44.889
438P.txt,-1.45,30.093,47.232
439P.txt,-4.587,27.072,45.885
103.txt,22.009,6.713,47.12
106.txt,21.551,12.074,45.358
107.txt,17.222,10.663,44.826
217.txt,15.849,3.282,47.479
221.txt,23.821,-7.681,40.734
51.txt,24.344,2.863,42.332
52.txt,21.076,1.307,44.845
53.txt,17.317,-1.094,41.919
54.txt,14.248,2.543,42.377
71.txt,7.733,6.647,35.941
72.txt,12.131,8.996,35.296
73.txt,14.558,6.234,37.575
74.txt,12.322,4.056,38.905
75.txt,11.895,0.005,38.523
76.txt,8.635,-1.741,38.434
77.txt,6.723,-3.278,42.411
78.txt,8.087,-7.694,43.166
