255P.txt,37.167,163.103,137.6
264P.txt,34.859,161.723,154.695
276P.txt,42.245,148.871,157.279
277P.txt,40.618,153.403,157.351
278P.txt,37.15,152.917,158.953
308P.txt,29.992,142.624,169.518
310P.txt,31.948,147.868,170.782
311P.txt,30.817,152.725,169.456
312P.txt,35.491,151.937,170.811
313P.txt,35.705,151.598,166.373
318P.txt,33.396,146.576,159.678
356P.txt,24.366,154.237,168.784
392P.txt,29.2,160.108,153.654
400P.txt,25.493,162.212,169.164
401P.txt,29.674,163.549,166.576
402P.txt,30.025,160.064,164.467
403P.txt,33.114,158.846,166.397
404P.txt,36.501,157.022,165.781
405P.txt,34.745,159.469,160.598
408P.txt,39.012,163.91,154.512
410P.txt,41.269,167.257,151.316
412P.txt,46.909,167.403,145.886
414P.txt,50.231,170.731,142.318
415P.txt,46.569,169.64,138.965
417P.txt,42.859,165.383,140.376
504P.txt,58.156,153.615,139.297
509P.txt,54.258,166.82,149.243
510P.txt,55.357,169.269,146.17
511P.txt,57.399,164.044,140.4
512P.txt,54.893,168.146,138.419
346.txt,15.82,157.195,155.0
347.txt,20.033,157.587,155.779
348.txt,17.737,161.063,157.017
349.txt,16.005,159.403,159.949
350.txt,15.684,159.983,164.789
351.txt,15.734,156.053,163.559
362.txt,10.952,150.033,157.236
380.txt,13.217,160.123,150.692
381.txt,14.463,164.354,153.493
382.txt,15.754,166.029,150.747
383.txt,12.057,165.976,148.549
384.txt,14.24,166.005,144.971
385.txt,16.987,164.745,146.026
394.txt,24.295,161.097,159.369
396.txt,24.504,159.831,163.736
397.txt,22.494,161.36,166.415
398.txt,20.028,164.413,166.402
