100P.txt,-48.607,51.637,-47.225
11P.txt,-45.668,30.739,-61.626
118P.txt,-38.592,36.825,-58.304
119P.txt,-39.886,38.647,-61.199
12P.txt,-47.756,31.483,-58.206
120P.txt,-40.589,45.048,-60.875
121P.txt,-41.685,42.086,-65.146
122P.txt,-44.191,38.276,-61.536
123P.txt,-43.51,41.971,-57.963
124P.txt,-45.98,44.409,-60.657
125P.txt,-48.544,41.455,-62.433
127P.txt,-48.842,44.182,-56.095
128P.txt,-53.685,45.878,-60.902
129P.txt,-54.367,38.918,-57.51
131P.txt,-55.077,47.071,-56.048
132P.txt,-58.467,43.611,-56.642
160P.txt,-55.696,29.847,-61.547
161P.txt,-58.903,32.577,-62.317
162P.txt,-53.77,35.681,-62.391
163P.txt,-51.356,32.463,-64.122
165P.txt,-55.95,35.427,-67.968
75P.txt,-42.84,42.703,-49.66
77P.txt,-35.959,42.682,-52.072
78P.txt,-36.305,39.706,-55.841
84P.txt,-42.83,32.68,-57.731
118.txt,-38.592,36.825,-58.304
119.txt,-39.886,38.647,-61.199
120.txt,-40.589,45.048,-60.875
121.txt,-41.685,42.086,-65.146
124.txt,-45.98,44.409,-60.657
125.txt,-48.544,41.455,-62.433
127.txt,-48.842,44.182,-56.095
128.txt,-53.685,45.878,-60.902
131.txt,-55.077,47.071,-56.048
134.txt,-58.308,44.077,-51.169
64.txt,-53.471,47.353,-46.794
73.txt,-48.64,43.111,-48.545
79.txt,-31.707,39.408,-53.879
