1P.txt,-22.125,-12.582,50.839
10P.txt,-35.738,1.791,63.987
106P.txt,-31.394,-9.122,51.488
108P.txt,-35.063,-6.937,57.05
11P.txt,-37.869,4.073,66.613
110P.txt,-39.892,-2.921,62.004
112P.txt,-41.317,1.522,64.713
113P.txt,-44.949,6.894,65.88
114P.txt,-42.768,5.589,69.039
13P.txt,-40.555,10.801,67.205
14P.txt,-43.816,13.533,64.527
15P.txt,-38.668,14.894,67.061
16P.txt,-36.814,12.368,65.181
20P.txt,-32.353,7.225,59.466
22P.txt,-30.418,1.429,59.352
26P.txt,-19.403,-5.45,57.072
3P.txt,-22.195,-9.79,55.655
4P.txt,-25.702,-6.51,55.999
5P.txt,-23.765,-4.209,61.089
6P.txt,-28.056,-7.116,61.404
7P.txt,-30.958,-3.381,62.926
8P.txt,-34.74,-5.466,64.043
9P.txt,-35.876,-2.086,64.984
93P.txt,-40.983,-4.877,57.278
100.txt,-20.91,-5.255,44.86
101.txt,-19.363,-6.2,40.179
102.txt,-19.699,-10.522,41.937
103.txt,-19.922,-9.403,46.829
104.txt,-25.352,-10.259,46.098
29.txt,-15.024,-6.12,48.264
31.txt,-12.555,-0.03,44.581
32.txt,-16.458,3.379,41.771
34.txt,-19.71,2.302,38.829
35.txt,-18.431,-1.323,41.32
36.txt,-22.927,-0.013,43.405
37.txt,-28.724,-0.915,41.759
39.txt,-33.545,-2.433,45.59
46.txt,-39.086,-1.077,44.323
51.txt,-27.683,3.413,38.911
53.txt,-23.456,3.974,36.721
54.txt,-26.418,6.092,35.345
97.txt,-31.745,-5.234,47.783
99.txt,-25.644,-5.154,44.165
