101P.txt,-3.864,45.304,22.98
102P.txt,0.341,47.343,19.029
38P.txt,2.774,76.537,32.993
39P.txt,5.302,73.598,29.831
76P.txt,8.468,38.776,20.939
49P.txt,1.162,39.981,29.204
61P.txt,11.544,60.898,30.358
65P.txt,7.105,66.396,22.158
67P.txt,6.36,63.455,19.432
98P.txt,-4.957,53.258,31.28
56P.txt,4.09,49.992,32.662
82P.txt,-1.475,46.755,26.69
55P.txt,8.768,46.33,35.346
50P.txt,2.371,37.174,27.317
52P.txt,8.19,37.935,28.636
47P.txt,3.65,46.469,29.829
53P.txt,5.63,39.548,33.074
35P.txt,-4.113,75.251,25.974
36P.txt,-1.92,74.965,29.967
26P.txt,8.584,53.408,13.571
32P.txt,-4.359,65.285,22.148
24P.txt,7.538,50.166,9.252
30P.txt,1.099,59.82,17.67
