248P.txt,12.79,7.468,111.173
260P.txt,9.533,2.486,122.889
258P.txt,6.412,7.27,120.41
264P.txt,13.305,-8.018,127.507
267P.txt,12.746,-5.22,122.717
266P.txt,14.852,-10.342,122.285
215P.txt,25.082,6.976,113.034
229P.txt,19.357,5.459,101.834
216P.txt,26.571,7.829,118.678
217P.txt,24.63,12.178,117.815
70P.txt,32.885,16.23,165.596
206P.txt,27.563,-6.498,100.816
204P.txt,28.896,-8.717,107.166
239P.txt,21.063,10.872,130.745
220P.txt,21.561,13.179,120.631
236P.txt,18.194,6.717,122.53
232P.txt,14.954,2.675,109.923
44P.txt,30.099,13.949,173.999
219P.txt,24.818,14.697,121.458
231P.txt,16.828,7.664,108.254
230P.txt,15.224,4.101,104.308
218P.txt,27.549,12.668,120.65
257P.txt,5.484,8.308,117.061
256P.txt,6.311,7.4,112.863
254P.txt,8.864,12.041,109.926
255P.txt,10.872,10.487,113.88
251P.txt,10.026,7.341,102.628
26P.txt,23.778,5.558,174.885
33P.txt,23.706,8.069,159.27
30P.txt,27.43,11.022,168.947
253P.txt,11.2,11.791,106.176
