289P.txt,-5.838,-72.872,-60.416
314P.txt,-11.552,-86.155,-54.723
102P.txt,-15.387,-50.505,-79.04
304P.txt,-10.7,-71.742,-68.793
139P.txt,-12.416,-22.07,-70.217
312P.txt,-13.471,-79.593,-54.93
138P.txt,-7.414,-23.306,-71.309
216P.txt,-33.371,-32.01,-82.703
149P.txt,-18.348,-26.343,-86.054
71P.txt,-1.704,-35.958,-76.733
206P.txt,-19.41,-43.959,-101.926
210P.txt,-28.106,-34.938,-96.132
99P.txt,-19.846,-51.007,-80.381
66P.txt,-11.858,-32.249,-70.51
208P.txt,-24.36,-37.797,-101.096
5P.txt,-7.648,-105.082,-43.647
6P.txt,-7.744,-100.89,-43.769
140P.txt,-11.709,-20.43,-73.519
7P.txt,-10.309,-97.062,-44.241
86P.txt,-18.144,-37.469,-67.815
21P.txt,-23.051,-88.063,-50.492
295P.txt,-15.34,-60.753,-65.196
297P.txt,-13.28,-59.865,-69.859
320P.txt,-13.442,-91.705,-40.264
137P.txt,-8.531,-25.767,-74.342
22P.txt,-23.877,-83.018,-51.646
269P.txt,-10.152,-49.947,-60.63
296P.txt,-16.282,-63.002,-67.998
318P.txt,-15.8,-91.876,-47.883
291P.txt,-10.973,-73.94,-64.322
118P.txt,-3.517,-28.528,-92.108
290P.txt,-7.567,-74.619,-64.121
