316P.txt,43.236,12.724,-16.613
302P.txt,69.018,15.263,1.38
301P.txt,71.811,12.493,1.446
300P.txt,72.448,9.927,5.562
264P.txt,43.145,19.499,14.229
259P.txt,40.405,24.98,2.277
298P.txt,66.978,12.974,7.967
313P.txt,49.134,6.499,-13.057
234P.txt,61.513,-4.597,-67.071
181P.txt,54.245,-6.17,-66.992
235P.txt,62.391,-0.644,-63.02
182P.txt,55.968,-7.174,-63.81
343P.txt,59.198,14.052,-19.677
150P.txt,57.873,-0.513,-66.34
346P.txt,58.158,17.348,-9.43
347P.txt,55.049,18.817,-7.611
345P.txt,58.388,17.018,-13.311
344P.txt,59.002,18.111,-17.583
185P.txt,57.882,-3.891,-55.587
294P.txt,66.401,5.524,14.845
256P.txt,44.677,23.403,-5.577
295P.txt,65.8,9.719,14.35
297P.txt,62.64,14.436,11.177
334P.txt,51.966,14.488,10.764
308P.txt,54.263,5.212,-0.278
331P.txt,50.319,5.062,14.808
330P.txt,48.796,9.166,19.449
326P.txt,40.555,6.376,9.63
327P.txt,39.735,5.397,13.789
