100P.txt,3.978,86.472,53.586
128P.txt,15.767,86.007,83.249
129P.txt,11.489,86.453,78.046
112P.txt,13.69,74.575,54.605
107P.txt,12.776,80.274,53.292
10P.txt,15.464,89.815,73.188
76P.txt,13.494,94.599,51.0
63P.txt,14.318,89.224,49.473
77P.txt,14.057,98.834,49.145
75P.txt,11.541,92.596,46.847
74P.txt,15.92,95.124,46.14
73P.txt,14.945,90.474,41.272
67P.txt,26.002,95.617,42.881
72P.txt,18.922,92.482,41.396
5P.txt,20.118,81.075,73.802
6P.txt,19.01,85.023,75.412
97P.txt,8.688,92.526,54.091
7P.txt,22.206,88.551,73.816
3P.txt,23.85,88.751,69.193
47P.txt,25.578,78.351,43.154
37P.txt,26.392,80.747,64.171
127P.txt,15.635,83.361,78.434
126P.txt,16.274,80.627,79.953
124P.txt,13.332,80.64,74.081
