114P.txt,38.181,289.483,-80.31
103P.txt,39.23,290.573,-62.789
117P.txt,31.164,295.082,-76.444
116P.txt,34.489,293.95,-72.832
102P.txt,37.715,291.262,-59.388
76P.txt,39.52,275.096,-58.575
77P.txt,40.281,272.147,-55.773
75P.txt,42.176,278.215,-55.936
74P.txt,44.69,273.783,-56.703
9P.txt,24.847,276.195,-76.591
98P.txt,37.945,282.272,-62.4
8P.txt,28.95,274.753,-76.716
78P.txt,41.308,270.529,-60.455
91P.txt,36.342,273.959,-67.08
34P.txt,37.966,284.546,-79.843
121P.txt,22.345,287.042,-78.938
109P.txt,42.949,288.202,-72.304
123P.txt,29.491,284.214,-80.845
32P.txt,35.693,279.64,-76.25
33P.txt,35.804,280.986,-81.22
119P.txt,26.196,291.093,-80.966
