128P.txt,42.867,31.338,25.413
302P.txt,55.554,20.745,28.209
304P.txt,61.791,23.958,28.554
305P.txt,57.968,24.881,25.741
307P.txt,56.944,30.98,28.088
306P.txt,55.516,27.03,30.449
177P.txt,35.09,3.48,23.453
189P.txt,35.051,17.479,42.682
200P.txt,39.516,-1.346,35.891
160P.txt,52.973,22.583,35.946
175P.txt,37.152,-2.676,22.929
203P.txt,43.183,-5.587,29.971
204P.txt,40.482,-5.682,25.862
166P.txt,45.204,25.174,29.63
205P.txt,41.641,-4.876,21.675
143P.txt,52.691,-4.847,31.748
182P.txt,33.684,15.523,32.839
140P.txt,46.011,-6.949,25.893
231P.txt,40.792,25.56,21.501
280P.txt,47.791,17.982,8.361
257P.txt,49.18,17.148,19.606
308P.txt,53.671,34.499,31.59
309P.txt,51.385,35.57,27.766
255P.txt,44.017,20.402,17.67
285P.txt,50.521,17.864,15.447
130P.txt,42.401,25.053,26.042
284P.txt,54.581,19.716,13.975
