303P.txt,45.197,95.003,15.756
301P.txt,51.186,98.453,13.357
300P.txt,47.836,99.787,18.051
305P.txt,38.944,95.995,14.394
298P.txt,42.689,104.008,16.205
299P.txt,43.183,99.308,14.643
404P.txt,25.383,86.235,-18.71
401P.txt,20.68,85.16,-11.388
366P.txt,33.911,102.595,11.64
399P.txt,18.524,84.493,-4.359
402P.txt,26.835,86.904,-12.331
403P.txt,23.43,86.606,-15.904
383P.txt,23.819,82.219,-11.075
355P.txt,30.882,80.926,-3.348
382P.txt,28.392,83.169,-13.75
357P.txt,36.148,87.874,-5.186
356P.txt,33.295,83.424,-4.792
381P.txt,28.558,83.03,-8.675
347P.txt,25.586,77.855,-2.825
384P.txt,21.373,80.92,-8.453
386P.txt,21.623,82.335,-1.149
379P.txt,32.552,88.332,-7.668
323P.txt,31.941,94.907,-15.636
