201P.txt,30.466,-9.82,29.665
200P.txt,27.9,-13.886,29.642
149P.txt,17.89,-13.04,39.954
203P.txt,32.012,-2.362,28.316
165P.txt,43.253,-5.718,37.941
171P.txt,22.819,-8.902,43.616
170P.txt,26.818,-7.078,43.151
164P.txt,46.532,-6.328,40.13
204P.txt,34.87,-2.11,31.168
199P.txt,25.563,-10.74,24.424
172P.txt,23.103,-4.79,44.1
166P.txt,41.439,-7.235,44.039
167P.txt,37.37,-9.013,41.797
198P.txt,25.127,-14.957,23.836
205P.txt,33.512,1.484,33.251
156P.txt,37.336,-5.449,37.527
194P.txt,25.478,-14.958,34.091
196P.txt,22.741,-13.301,28.316
169P.txt,31.11,-10.56,41.615
168P.txt,33.755,-7.794,43.006
154P.txt,32.169,-6.961,38.219
197P.txt,24.643,-18.406,26.019
51P.txt,4.472,3.356,2.465
192P.txt,27.339,-9.824,33.818
78P.txt,5.671,-1.139,-1.234
190P.txt,31.921,-5.875,33.542
184P.txt,45.087,6.289,45.894
152P.txt,25.711,-9.539,38.172
122P.txt,34.68,-0.696,54.542
