317P.txt,47.828,-0.075,36.867
249P.txt,61.095,11.392,73.674
329P.txt,39.285,-11.232,32.651
248P.txt,60.269,8.005,72.51
258P.txt,40.958,21.979,58.057
338P.txt,37.428,-5.699,33.622
349P.txt,16.367,16.953,44.942
360P.txt,8.439,12.944,52.517
362P.txt,14.422,14.916,49.314
363P.txt,17.934,13.679,48.515
359P.txt,4.147,14.837,51.573
352P.txt,8.746,10.847,48.971
323P.txt,56.483,-0.951,35.639
322P.txt,58.46,2.297,34.085
295P.txt,6.804,4.737,39.433
297P.txt,4.473,7.497,44.138
254P.txt,49.79,17.98,67.969
320P.txt,56.115,1.312,39.534
255P.txt,49.324,20.568,63.781
319P.txt,52.577,0.452,39.419
324P.txt,52.805,-0.44,33.852
250P.txt,61.242,13.495,70.817
252P.txt,55.762,16.219,69.449
327P.txt,43.832,-6.199,34.826
253P.txt,55.188,20.571,66.217
