101P.txt,46.156,38.913,8.558
102P.txt,46.24,37.531,5.378
103P.txt,49.878,37.912,5.835
106P.txt,53.603,34.148,6.011
112P.txt,58.411,33.029,5.649
114P.txt,63.522,25.616,8.368
116P.txt,55.646,27.561,3.415
117P.txt,56.543,22.852,2.094
118P.txt,57.507,21.008,4.713
119P.txt,55.642,16.696,5.854
123P.txt,57.925,18.642,13.339
125P.txt,54.274,11.658,11.738
21P.txt,41.23,31.002,9.71
22P.txt,43.834,26.08,7.725
23P.txt,47.311,27.363,8.734
33P.txt,61.961,23.513,16.656
34P.txt,62.619,25.663,13.213
37P.txt,64.284,25.118,20.466
48P.txt,63.634,47.439,15.218
5P.txt,57.657,16.143,18.895
61P.txt,57.677,47.718,16.103
62P.txt,53.359,45.53,13.996
71P.txt,55.403,51.844,17.196
73P.txt,50.52,49.429,15.479
