101P.txt,-47.425,-61.32,-11.702
111P.txt,-42.153,-53.056,-10.578
114P.txt,-37.77,-57.201,-6.797
115P.txt,-39.894,-61.312,-7.464
116P.txt,-36.179,-62.784,-9.027
117P.txt,-38.853,-65.41,-10.273
118P.txt,-42.165,-66.071,-11.522
187P.txt,-59.666,-83.901,26.587
241P.txt,-58.613,-87.688,30.228
243P.txt,-60.424,-87.051,34.989
245P.txt,-57.424,-90.252,33.105
246P.txt,-53.591,-91.717,31.807
247P.txt,-54.454,-93.535,27.912
248P.txt,-50.813,-95.988,23.924
250P.txt,-55.814,-97.008,20.777
251P.txt,-53.87,-96.567,16.774
252P.txt,-54.18,-99.778,13.152
253P.txt,-51.18,-96.456,11.61
257P.txt,-53.683,-89.503,10.261
258P.txt,-54.719,-93.188,12.274
261P.txt,-58.82,-88.515,13.857
262P.txt,-58.643,-90.597,19.233
265P.txt,-63.746,-88.679,16.005
266P.txt,-62.09,-85.621,21.9
267P.txt,-66.473,-84.701,23.685
69P.txt,-45.895,-66.413,-18.107
70P.txt,-44.743,-69.986,-15.743
71P.txt,-43.99,-73.402,-16.343
72P.txt,-40.961,-74.127,-13.668
