120P.txt,-16.916,40.796,-24.495
121P.txt,-17.235,36.256,-27.445
122P.txt,-19.783,34.585,-25.266
125P.txt,-20.907,45.797,-24.592
127P.txt,-20.322,51.828,-24.429
128P.txt,-25.5,55.245,-22.658
129P.txt,-26.677,54.581,-19.379
130P.txt,-29.369,52.91,-22.109
131P.txt,-26.692,50.221,-23.295
133P.txt,-32.365,47.942,-21.617
134P.txt,-31.417,44.271,-24.843
143P.txt,-32.513,53.379,-9.791
146P.txt,-28.187,52.945,-13.943
147P.txt,-27.02,54.615,-6.677
150P.txt,-23.558,56.836,-11.21
151P.txt,-21.704,55.956,-6.822
155P.txt,-17.182,58.136,-17.494
156P.txt,-22.157,55.089,-17.738
157P.txt,-17.558,58.208,-24.321
158P.txt,-14.192,58.519,-21.104
167P.txt,-33.846,41.518,-22.139
184P.txt,-5.036,48.588,-19.815
198P.txt,-15.73,57.648,-1.033
87P.txt,-34.644,57.71,-2.307
88P.txt,-30.911,56.531,0.22
