100P.txt,53.361,49.495,63.103
101P.txt,57.231,49.318,63.431
103P.txt,52.725,46.862,66.302
102P.txt,56.128,47.142,66.291
104P.txt,50.415,44.127,64.925
110P.txt,33.404,54.199,61.653
216P.txt,30.513,34.485,78.727
60P.txt,28.239,52.189,63.164
213P.txt,27.522,39.284,80.263
207P.txt,26.91,50.25,85.802
171P.txt,7.62,39.207,72.637
212P.txt,34.518,41.832,81.779
99P.txt,50.43,49.75,60.819
94P.txt,42.257,50.256,71.203
143P.txt,3.471,29.926,80.159
56P.txt,25.323,46.546,55.963
209P.txt,31.314,45.427,82.184
54P.txt,30.558,47.058,56.007
141P.txt,4.437,28.386,85.217
97P.txt,46.915,51.936,67.48
92P.txt,34.444,48.88,77.147
93P.txt,36.74,48.864,72.097
46P.txt,48.38,36.011,72.577
91P.txt,30.543,52.606,74.877
90P.txt,30.534,49.705,70.005
123P.txt,31.172,22.087,55.892
26P.txt,22.19,46.94,73.348
127P.txt,19.8,24.18,51.791
133P.txt,12.979,24.217,70.487
