139P.txt,29.233,18.103,25.066
389P.txt,-25.67,22.969,16.847
161P.txt,22.592,-11.195,17.563
217P.txt,33.203,4.038,1.782
71P.txt,7.203,17.979,22.059
206P.txt,11.09,-6.009,6.212
210P.txt,20.698,-6.567,5.475
94P.txt,22.467,5.415,2.775
80P.txt,8.334,21.201,9.537
141P.txt,32.209,13.665,24.446
168P.txt,0.948,-6.851,23.139
82P.txt,15.284,22.926,9.791
140P.txt,32.322,16.951,24.433
45P.txt,-2.93,24.338,2.064
79P.txt,6.457,17.121,9.41
86P.txt,25.319,20.618,5.048
385P.txt,-32.719,21.941,15.762
390P.txt,-23.392,22.618,14.108
93P.txt,24.568,7.417,4.934
78P.txt,2.448,19.068,7.79
219P.txt,37.842,10.633,5.554
85P.txt,22.013,19.025,4.926
392P.txt,-16.808,20.222,15.101
393P.txt,-13.849,18.149,15.187
146P.txt,19.41,8.007,22.689
47P.txt,-1.534,25.713,9.91
218P.txt,34.851,9.488,1.041
124P.txt,24.427,-10.517,27.119
253P.txt,14.579,4.528,23.487
