15P.txt,17.587,31.781,-5.058
14P.txt,16.718,35.944,-5.288
16P.txt,21.386,33.666,-4.31
17P.txt,22.785,33.758,1.164
13P.txt,16.391,38.729,-3.625
39P.txt,23.199,37.806,-7.607
60P.txt,9.352,59.971,-18.929
48P.txt,24.531,49.592,-9.661
43P.txt,13.452,41.993,-10.894
42P.txt,15.181,38.312,-10.406
40P.txt,20.954,35.449,-8.78
6P.txt,11.17,47.512,-14.708
41P.txt,17.824,35.208,-10.888
44P.txt,14.771,44.49,-15.181
20P.txt,25.091,43.17,-3.574
37P.txt,20.69,40.774,-6.244
36P.txt,21.006,43.799,0.255
22P.txt,21.908,46.177,-6.691
19P.txt,22.641,38.761,0.232
18P.txt,25.474,37.511,-2.484
