14P.txt,12.19,-13.677,56.964
16P.txt,13.6,-11.743,64.246
17P.txt,16.107,-14.854,60.831
13P.txt,11.475,-16.721,61.847
12P.txt,7.985,-13.858,62.767
10P.txt,9.543,-18.181,57.392
62P.txt,2.995,-6.168,62.282
61P.txt,3.476,-4.717,65.855
60P.txt,7.78,-7.286,66.128
64P.txt,1.877,-8.907,67.994
58P.txt,6.833,0.819,63.593
59P.txt,8.642,-4.884,62.262
9P.txt,5.312,-19.09,61.134
57P.txt,8.488,-1.273,68.903
54P.txt,11.547,1.949,66.535
55P.txt,12.457,-0.2,62.991
20P.txt,19.016,-10.81,65.525
21P.txt,22.012,-7.765,59.854
25P.txt,25.167,-3.426,62.049
18P.txt,16.219,-8.128,59.491
24P.txt,25.313,-7.587,65.222
