262P.txt,15.6,-4.162,-43.229
101P.txt,34.826,-29.015,1.665
103P.txt,30.875,-23.284,-3.07
301P.txt,-19.65,45.684,-63.958
102P.txt,34.231,-23.18,-1.293
258P.txt,16.513,-2.04,-37.923
13P.txt,-12.643,22.004,-67.448
106P.txt,29.77,-30.52,2.166
311P.txt,4.964,42.3,-57.922
107P.txt,28.546,-32.823,-0.351
267P.txt,6.679,-2.716,-47.7
10P.txt,-4.476,18.504,-60.95
110P.txt,27.245,-31.002,-10.749
299P.txt,-22.97,41.501,-56.701
76P.txt,22.039,-34.514,-2.96
77P.txt,20.235,-31.102,-0.746
214P.txt,1.064,-13.938,-36.874
74P.txt,23.803,-28.406,-2.222
217P.txt,10.764,-14.128,-34.298
373P.txt,1.921,29.954,-74.732
210P.txt,-3.212,-11.845,-40.425
73P.txt,19.141,-26.016,-3.295
98P.txt,30.792,-27.278,-10.018
8P.txt,0.776,17.866,-57.132
209P.txt,0.711,-11.206,-45.156
7P.txt,3.447,21.573,-57.366
346P.txt,-8.275,39.366,-80.04
52P.txt,-13.173,1.213,-34.374
345P.txt,-11.244,44.254,-78.518
350P.txt,-8.554,29.288,-69.007
224P.txt,-6.416,-9.129,-25.36
109P.txt,29.062,-31.484,-6.872
108P.txt,33.113,-31.874,-2.961
297P.txt,-23.799,36.49,-61.568
