117P.txt,-12.279,-40.421,22.567
106P.txt,-2.278,-39.663,36.115
75P.txt,-13.371,-32.685,31.396
59P.txt,-21.361,-27.829,35.232
98P.txt,0.3,-28.598,40.015
142P.txt,-20.536,-47.442,42.661
56P.txt,-15.77,-21.33,41.44
40P.txt,-12.288,-33.886,53.801
54P.txt,-19.027,-22.381,47.286
82P.txt,-8.615,-22.072,39.242
55P.txt,-19.458,-19.226,43.383
79P.txt,-12.298,-25.708,37.559
144P.txt,-15.174,-50.33,43.692
145P.txt,-18.75,-52.472,44.576
52P.txt,-15.463,-19.189,49.797
146P.txt,-18.988,-54.515,40.944
84P.txt,-6.956,-26.1,45.127
53P.txt,-14.095,-21.435,47.175
34P.txt,-7.129,-38.726,46.215
109P.txt,-5.515,-41.475,32.134
122P.txt,-21.23,-32.484,31.074
26P.txt,-5.302,-49.794,43.484
118P.txt,-16.905,-40.817,26.677
