15P.txt,-42.343,-11.124,8.459
14P.txt,-42.24,-16.267,8.737
249P.txt,11.768,-16.493,-10.906
16P.txt,-47.307,-10.706,8.313
17P.txt,-45.337,-5.954,7.259
12P.txt,-38.154,-11.106,5.268
11P.txt,-34.147,-11.87,4.198
361P.txt,-34.635,-2.515,37.659
610P.txt,11.357,-39.5,-15.778
88P.txt,-28.095,-23.124,5.014
612P.txt,4.997,-37.478,-14.845
362P.txt,-31.836,-3.406,40.34
613P.txt,4.153,-41.41,-14.652
602P.txt,-2.539,-33.407,-14.492
589P.txt,15.814,-35.226,0.359
358P.txt,-40.073,3.98,37.782
359P.txt,-41.796,-0.46,38.276
601P.txt,-0.116,-30.862,-16.376
590P.txt,15.939,-31.8,1.812
579P.txt,2.391,-17.827,-18.996
357P.txt,-41.702,5.13,43.331
356P.txt,-39.764,1.569,43.182
353P.txt,-31.048,2.503,45.459
384P.txt,-20.852,9.047,42.182
543P.txt,19.55,-22.762,23.996
609P.txt,9.1,-36.599,-18.506
91P.txt,-29.653,-23.011,11.265
542P.txt,18.792,-25.346,20.59
257P.txt,-3.206,-9.285,-15.669
20P.txt,-52.646,-11.239,2.367
323P.txt,-34.165,13.565,31.121
322P.txt,-31.329,15.692,28.018
320P.txt,-31.764,8.312,24.241
319P.txt,-30.765,12.617,24.027
126P.txt,-41.381,-30.882,1.716
250P.txt,10.17,-14.582,-7.492
19P.txt,-52.088,-6.325,2.469
125P.txt,-38.814,-29.487,7.038
18P.txt,-49.34,-6.275,5.004
