459P.txt,40.137,-82.053,-0.246
461P.txt,41.984,-78.112,-0.022
460P.txt,42.932,-80.896,2.195
76P.txt,18.076,-97.282,-5.956
349P.txt,13.796,-72.006,-27.431
348P.txt,15.171,-77.765,-27.168
77P.txt,22.397,-96.813,-6.132
75P.txt,18.736,-92.796,-10.039
429P.txt,33.636,-86.084,-3.794
428P.txt,36.282,-83.38,-5.375
383P.txt,22.72,-72.47,-27.106
340P.txt,19.379,-86.247,-17.135
341P.txt,22.127,-88.062,-13.479
433P.txt,26.482,-84.263,-13.347
382P.txt,18.485,-72.083,-31.112
380P.txt,22.721,-67.862,-29.337
343P.txt,22.1,-86.471,-20.284
342P.txt,22.473,-89.998,-16.672
381P.txt,17.22,-67.505,-29.881
55P.txt,8.132,-92.705,35.758
385P.txt,25.457,-74.736,-22.897
346P.txt,22.076,-80.294,-24.472
434P.txt,29.424,-81.724,-14.581
435P.txt,23.749,-80.536,-15.798
384P.txt,20.301,-77.869,-27.536
78P.txt,22.996,-91.756,-6.815
379P.txt,23.561,-62.952,-30.22
345P.txt,20.568,-81.762,-20.398
344P.txt,25.557,-82.969,-21.818
486P.txt,40.064,-57.675,14.445
485P.txt,38.813,-61.813,13.147
457P.txt,37.582,-88.893,-0.441
508P.txt,40.126,-69.159,-2.183
454P.txt,39.701,-89.377,6.847
509P.txt,40.166,-66.286,0.639
