101P.txt,-16.414,59.586,-20.115
102P.txt,-14.366,55.71,-19.701
103P.txt,-11.001,56.287,-22.21
106P.txt,-6.806,57.501,-23.18
112P.txt,-3.205,58.92,-26.339
113P.txt,1.289,59.945,-28.455
114P.txt,3.847,62.702,-25.824
116P.txt,0.405,55.915,-22.073
117P.txt,4.837,54.904,-20.476
118P.txt,6.603,57.492,-19.535
119P.txt,9.083,58.057,-15.244
122P.txt,10.349,63.093,-13.304
123P.txt,7.211,65.859,-15.831
19P.txt,-4.161,59.348,-7.168
21P.txt,-11.292,57.645,-11.769
22P.txt,-5.417,56.585,-10.567
23P.txt,-4.908,58.302,-13.865
33P.txt,4.789,70.609,-20.812
34P.txt,3.956,67.339,-23.748
37P.txt,4.259,74.696,-22.722
5P.txt,7.739,71.294,-12.651
61P.txt,-19.104,68.443,-30.211
62P.txt,-17.638,66.0,-27.499
73P.txt,-22.714,67.224,-25.845
