15P.txt,5.194,4.424,-12.688
17P.txt,2.391,1.703,-18.744
18P.txt,-1.308,5.985,-22.448
19P.txt,-2.436,9.488,-18.558
2P.txt,-9.356,1.734,-2.012
20P.txt,-6.009,6.42,-18.744
22P.txt,-8.391,0.97,-17.448
24P.txt,-1.528,-1.316,-19.518
32P.txt,0.505,-7.58,-8.012
4P.txt,-2.198,5.932,-6.112
40P.txt,-8.656,3.946,-11.921
41P.txt,-4.3,4.56,-15.459
42P.txt,-5.43,8.966,-11.792
43P.txt,-0.976,10.815,-13.957
44P.txt,2.461,9.052,-15.855
47P.txt,-6.654,5.268,-6.853
49P.txt,-10.577,0.719,-7.117
50P.txt,-12.271,-3.7,-6.527
57P.txt,-2.272,2.88,-0.008
58P.txt,3.312,6.028,-1.981
