120P.txt,-46.686,-92.966,3.321
200P.txt,-50.24,-97.112,8.067
202P.txt,-49.276,-97.824,1.932
209P.txt,-50.733,-82.635,-13.691
211P.txt,-52.592,-75.8,-13.321
219P.txt,-77.584,-73.02,-5.783
220P.txt,-79.861,-75.473,-4.964
221P.txt,-83.706,-75.684,-6.021
222P.txt,-84.862,-72.99,-3.553
223P.txt,-82.009,-73.237,-1.762
246P.txt,-77.146,-69.604,-10.364
327P.txt,-34.767,-82.583,-2.653
422P.txt,-40.228,-86.455,-0.12
423P.txt,-42.076,-85.566,4.462
434P.txt,-44.609,-89.705,2.637
437P.txt,-38.881,-88.377,-5.356
440P.txt,-35.773,-86.02,-13.719
51P.txt,-76.662,-80.067,-1.295
52P.txt,-73.676,-76.656,-2.54
53P.txt,-74.419,-76.979,-7.98
59P.txt,-61.758,-78.979,-21.092
61P.txt,-59.227,-82.09,-23.549
62P.txt,-56.769,-81.909,-19.218
63P.txt,-54.835,-85.407,-17.716
71P.txt,-64.966,-83.693,-15.5
72P.txt,-66.672,-87.094,-11.269
73P.txt,-67.985,-83.171,-9.534
74P.txt,-68.576,-80.456,-11.611
75P.txt,-71.359,-78.566,-13.814
76P.txt,-71.035,-77.141,-17.248
77P.txt,-70.214,-72.74,-16.486
78P.txt,-74.122,-69.919,-17.408
