130P.txt,4.147,-47.479,31.942
164P.txt,-1.473,-54.834,33.529
166P.txt,4.736,-55.674,31.569
190P.txt,4.174,-76.822,32.865
242P.txt,-1.384,-79.471,35.992
244P.txt,0.378,-80.702,30.989
246P.txt,0.199,-83.334,26.757
248P.txt,-2.686,-83.875,30.442
249P.txt,-5.581,-83.264,33.277
250P.txt,-3.645,-83.478,37.075
251P.txt,-6.501,-82.272,42.459
252P.txt,-2.169,-80.782,42.579
253P.txt,-0.372,-83.327,44.891
254P.txt,-0.943,-80.687,48.397
255P.txt,0.201,-82.0,52.794
256P.txt,-1.953,-78.036,52.596
260P.txt,3.078,-72.57,50.074
261P.txt,1.836,-76.932,50.092
264P.txt,6.565,-75.466,45.956
265P.txt,3.588,-79.373,42.498
267P.txt,9.066,-72.64,42.297
268P.txt,9.185,-78.117,40.292
269P.txt,7.161,-78.144,37.24
270P.txt,9.728,-80.553,34.92
271P.txt,11.515,-77.015,33.004
272P.txt,10.778,-74.528,35.491
292P.txt,30.077,-38.551,70.281
293P.txt,27.819,-34.793,71.585
295P.txt,29.283,-40.06,74.628
296P.txt,30.799,-36.095,75.97
297P.txt,26.018,-33.35,76.927
298P.txt,24.787,-31.101,80.814
303P.txt,23.271,-27.519,74.873
523P.txt,5.798,-43.842,92.461
548P.txt,32.747,-22.013,71.395
61P.txt,7.562,-51.324,33.846
