107P.txt,25.79,1.983,41.633
114P.txt,32.98,0.091,48.478
122P.txt,41.194,-15.433,41.96
198P.txt,46.01,-13.954,36.847
200P.txt,46.36,-13.246,43.365
202P.txt,45.88,-12.204,49.224
219P.txt,16.477,12.944,36.717
220P.txt,19.189,15.548,36.238
221P.txt,18.387,19.238,35.309
222P.txt,16.715,18.643,31.854
223P.txt,18.063,15.485,31.343
246P.txt,12.998,13.511,39.985
327P.txt,29.731,-24.902,55.083
367P.txt,27.299,-25.075,34.488
368P.txt,29.005,-22.284,36.474
423P.txt,34.793,-20.635,46.836
432P.txt,37.291,-16.777,40.686
434P.txt,37.913,-17.242,49.554
492P.txt,13.168,21.671,24.464
50P.txt,22.232,11.438,31.81
51P.txt,24.675,10.887,34.936
52P.txt,21.192,8.988,36.83
53P.txt,20.279,11.791,41.501
54P.txt,20.932,8.27,44.314
71P.txt,25.075,7.659,53.616
72P.txt,28.788,7.923,52.299
73P.txt,26.059,8.029,47.321
74P.txt,22.796,8.878,48.068
75P.txt,20.271,12.132,48.189
76P.txt,17.738,12.669,50.752
78P.txt,10.777,13.997,47.717
82P.txt,6.069,16.626,41.527
