103P.txt,5.27,9.111,15.708
104P.txt,7.281,13.422,15.458
105P.txt,10.154,10.724,13.219
106P.txt,12.433,12.252,16.894
107P.txt,15.105,11.139,11.757
109P.txt,22.755,13.764,15.314
111P.txt,24.329,10.013,9.041
23P.txt,16.134,-9.723,-1.341
30P.txt,27.01,-9.07,-5.612
31P.txt,26.356,-3.865,-6.711
38P.txt,31.002,5.215,-7.185
41P.txt,28.937,8.153,-0.464
42P.txt,24.918,8.384,-1.694
43P.txt,24.737,9.312,4.097
44P.txt,20.382,6.736,3.853
45P.txt,18.798,11.177,7.582
57P.txt,6.704,7.414,9.935
61P.txt,10.067,9.766,6.228
62P.txt,14.595,7.659,3.99
64P.txt,10.984,8.724,-2.366
65P.txt,15.496,8.222,-0.701
68P.txt,16.952,8.101,-6.692
69P.txt,20.188,5.273,-4.524
72P.txt,21.502,6.089,-9.638
