114P.txt,-19.928,11.388,-51.669
128P.txt,-41.847,12.629,-22.26
117P.txt,-23.33,13.815,-49.448
11P.txt,-41.636,0.673,-43.096
214P.txt,-43.612,6.346,-31.201
216P.txt,-46.876,12.162,-27.049
75P.txt,-49.298,-1.222,-52.524
74P.txt,-45.925,-2.139,-51.496
70P.txt,-33.07,-8.526,-51.627
171P.txt,-42.76,22.195,-37.331
206P.txt,-26.039,15.064,-45.951
204P.txt,-19.957,18.027,-43.68
73P.txt,-44.475,-6.453,-51.789
9P.txt,-37.201,-3.225,-40.754
72P.txt,-41.057,-6.364,-51.837
209P.txt,-35.153,16.502,-40.936
68P.txt,-28.386,-11.026,-53.513
82P.txt,-34.325,-4.54,-50.661
69P.txt,-31.335,-7.03,-55.825
92P.txt,-16.848,8.612,-46.43
93P.txt,-15.747,12.334,-46.878
78P.txt,-45.792,-1.907,-55.675
50P.txt,-43.139,-6.953,-62.99
52P.txt,-36.092,-8.665,-62.594
122P.txt,-33.452,6.074,-36.247
126P.txt,-38.61,8.668,-25.49
125P.txt,-36.742,7.299,-28.882
131P.txt,-47.156,20.038,-17.393
