114P.txt,63.522,25.616,8.368
117P.txt,56.543,22.852,2.094
116P.txt,55.646,27.561,3.415
102P.txt,46.24,37.531,5.378
106P.txt,53.603,34.148,6.011
39P.txt,62.081,28.399,25.174
63P.txt,51.004,41.492,16.71
48P.txt,63.634,47.439,15.218
70P.txt,58.979,52.564,19.217
73P.txt,50.52,49.429,15.479
72P.txt,53.62,50.007,19.681
5P.txt,57.657,16.143,18.895
4P.txt,58.284,18.788,23.917
68P.txt,61.751,48.184,25.366
45P.txt,66.862,43.589,21.773
44P.txt,65.483,38.137,19.684
53P.txt,58.804,39.181,23.8
34P.txt,62.619,25.663,13.213
23P.txt,47.311,27.363,8.734
126P.txt,54.811,9.744,17.296
33P.txt,61.961,23.513,16.656
25P.txt,48.804,20.649,14.844
118P.txt,57.507,21.008,4.713
125P.txt,54.274,11.658,11.738
