317P.txt,-56.603,3.633,-8.912
275P.txt,-70.432,11.741,-25.216
315P.txt,-52.04,4.449,-14.105
329P.txt,-85.35,13.606,-2.984
328P.txt,-88.329,9.271,0.429
314P.txt,-48.189,6.843,-15.11
304P.txt,-66.283,1.109,-4.869
311P.txt,-50.705,8.278,-19.415
313P.txt,-45.784,6.014,-19.586
312P.txt,-49.386,5.03,-20.545
220P.txt,-42.715,14.995,-19.503
221P.txt,-44.674,12.774,-21.326
232P.txt,-65.387,12.001,2.307
233P.txt,-69.584,10.546,2.194
257P.txt,-57.651,7.841,-20.775
323P.txt,-73.529,4.188,2.238
321P.txt,-68.696,3.249,-0.418
255P.txt,-51.964,12.661,-21.362
319P.txt,-61.252,5.033,-4.156
325P.txt,-79.806,4.841,2.115
318P.txt,-58.741,7.536,-5.698
252P.txt,-47.108,20.956,-19.971
326P.txt,-84.809,1.518,0.457
253P.txt,-46.157,17.41,-22.797
