115P.txt,22.324,29.525,103.147
105P.txt,29.006,48.921,115.555
138P.txt,15.154,20.658,88.431
229P.txt,53.89,24.807,107.223
76P.txt,10.117,15.864,106.382
77P.txt,12.306,18.221,104.269
189P.txt,59.589,31.411,117.506
238P.txt,39.272,27.566,125.98
204P.txt,53.223,27.859,117.898
66P.txt,11.683,26.814,118.062
72P.txt,9.153,17.658,113.502
234P.txt,44.522,24.63,116.28
142P.txt,9.622,21.861,93.452
80P.txt,10.537,15.424,100.513
235P.txt,39.887,24.642,118.424
237P.txt,38.606,24.324,124.123
141P.txt,13.251,24.76,90.323
232P.txt,42.486,25.052,110.056
193P.txt,66.862,21.384,113.432
145P.txt,6.435,25.694,93.2
87P.txt,17.338,9.226,96.412
192P.txt,62.455,22.431,115.619
227P.txt,58.718,28.158,102.177
190P.txt,59.662,27.085,117.542
85P.txt,16.748,14.648,94.437
146P.txt,6.238,25.246,97.319
120P.txt,26.739,19.223,100.731
35P.txt,23.665,20.96,122.917
242P.txt,45.421,27.189,118.808
122P.txt,24.144,24.527,97.427
27P.txt,28.162,29.531,117.104
