103P.txt,37.034,26.407,82.24
106P.txt,41.868,27.464,85.211
109P.txt,46.41,26.882,87.179
110P.txt,42.883,27.92,91.224
114P.txt,49.813,29.084,93.858
116P.txt,56.129,30.665,100.18
117P.txt,58.73,34.177,97.078
119P.txt,53.361,33.678,92.816
144P.txt,51.648,27.983,85.69
158P.txt,49.972,31.201,82.304
179P.txt,57.083,39.153,85.539
180P.txt,54.576,34.874,87.028
181P.txt,53.04,35.815,81.24
235P.txt,65.363,20.108,68.519
237P.txt,70.807,25.077,63.19
99P.txt,33.735,27.026,78.217
102.txt,40.426,25.929,79.333
103.txt,37.034,26.407,82.24
106.txt,41.868,27.464,85.211
107.txt,39.26,24.876,87.719
109.txt,46.41,26.882,87.179
110.txt,42.883,27.92,91.224
114.txt,49.813,29.084,93.858
116.txt,56.129,30.665,100.18
117.txt,58.73,34.177,97.078
118.txt,58.268,32.682,90.363
119.txt,53.361,33.678,92.816
120.txt,54.596,29.857,90.284
144.txt,51.648,27.983,85.69
158.txt,49.972,31.201,82.304
177.txt,61.521,40.617,85.5
178.txt,59.641,38.011,88.264
179.txt,57.083,39.153,85.539
180.txt,54.576,34.874,87.028
181.txt,53.04,35.815,81.24
99.txt,33.735,27.026,78.217
