458P.txt,-11.489,28.735,-30.178
459P.txt,-12.099,30.754,-27.087
301P.txt,-10.874,33.83,-75.932
300P.txt,-14.499,30.646,-74.21
462P.txt,-17.787,31.698,-20.64
461P.txt,-15.449,28.663,-22.518
407P.txt,-31.617,41.172,-44.733
200P.txt,13.938,21.319,-59.263
207P.txt,-3.171,20.178,-70.33
367P.txt,-3.373,29.415,-44.42
366P.txt,-5.603,31.345,-42.449
73P.txt,-6.359,-1.298,-60.449
72P.txt,-3.865,-1.995,-63.863
432P.txt,5.157,24.369,-54.9
368P.txt,-2.039,27.242,-47.629
97P.txt,-9.696,4.747,-34.673
425P.txt,0.376,24.073,-52.258
357P.txt,-23.469,28.565,-27.649
434P.txt,5.394,24.733,-60.675
421P.txt,-3.158,29.354,-58.614
409P.txt,-31.301,40.737,-50.246
423P.txt,2.561,27.915,-59.299
422P.txt,0.04,27.39,-63.996
53P.txt,-11.045,-6.435,-54.173
280P.txt,-10.544,23.459,-31.427
325P.txt,-7.808,36.743,-67.698
324P.txt,-8.656,37.753,-71.798
442P.txt,-18.068,26.631,-71.847
440P.txt,-8.088,26.699,-75.246
326P.txt,-5.862,32.398,-69.93
441P.txt,-12.136,27.198,-74.251
327P.txt,-4.162,32.304,-65.735
