510P.txt,38.696,64.414,60.302
538P.txt,27.597,76.458,46.31
511P.txt,34.825,60.958,62.714
513P.txt,28.746,67.406,60.563
507P.txt,34.982,68.048,65.164
512P.txt,32.19,64.43,63.955
565P.txt,12.711,94.289,37.399
549P.txt,38.182,79.212,68.473
548P.txt,40.721,78.859,72.492
562P.txt,18.414,85.943,41.042
591P.txt,-5.135,119.78,64.515
546P.txt,41.906,77.538,67.538
547P.txt,42.951,75.173,70.038
551P.txt,38.927,73.364,66.892
544P.txt,42.097,75.69,60.784
550P.txt,37.857,73.942,69.485
540P.txt,33.57,74.772,51.073
542P.txt,38.388,75.659,54.112
531P.txt,30.538,86.121,51.997
486P.txt,11.105,101.72,39.969
487P.txt,9.466,106.047,43.75
532P.txt,28.146,89.911,51.857
533P.txt,27.593,88.695,48.303
537P.txt,25.081,78.316,43.714
495P.txt,25.243,91.596,42.5
536P.txt,29.288,81.228,41.898
508P.txt,39.519,67.256,65.383
535P.txt,31.524,85.592,42.535
509P.txt,37.318,63.747,64.572
