101P.txt,-6.132,55.496,5.025
102P.txt,-9.104,56.761,2.062
103P.txt,-10.882,60.609,2.066
106P.txt,-9.311,65.25,2.642
112P.txt,-10.447,70.108,3.818
113P.txt,-10.1,74.429,4.082
114P.txt,-6.319,76.99,1.659
116P.txt,-11.097,70.551,-3.028
118P.txt,-8.097,74.888,-7.088
122P.txt,-0.873,77.521,-10.878
123P.txt,0.899,76.386,-6.199
21P.txt,-4.494,56.185,-4.555
22P.txt,-4.817,60.679,-8.64
23P.txt,-4.663,62.946,-5.585
33P.txt,2.586,76.993,0.721
34P.txt,-1.349,76.68,1.845
37P.txt,5.772,77.893,3.192
48P.txt,-2.43,63.75,21.408
5P.txt,6.56,76.886,-7.176
61P.txt,-0.784,58.726,17.897
62P.txt,-2.144,55.966,13.779
63P.txt,0.903,57.339,9.17
71P.txt,0.484,55.114,20.41
73P.txt,-0.14,52.305,14.366
