101P.txt,79.342,83.832,4.247
103P.txt,73.31,83.061,0.905
105P.txt,68.064,80.322,-2.676
107P.txt,66.245,78.029,-9.797
108P.txt,67.568,75.007,-6.423
109P.txt,71.161,77.271,-7.012
110P.txt,73.452,77.784,-2.759
111P.txt,73.942,81.448,-6.228
112P.txt,77.776,81.21,-1.507
113P.txt,79.321,86.217,-0.882
114P.txt,82.666,87.364,-0.696
115P.txt,84.523,86.09,2.883
37P.txt,71.119,83.905,4.153
39P.txt,76.283,82.478,6.652
41P.txt,84.136,80.432,9.597
47P.txt,88.25,72.457,10.394
48P.txt,86.266,75.153,7.359
49P.txt,81.697,74.571,10.273
50P.txt,79.867,76.657,8.035
51P.txt,77.685,78.836,11.441
52P.txt,72.019,80.276,10.099
55P.txt,65.802,84.224,5.589
6P.txt,75.738,89.483,-8.788
99P.txt,86.603,84.465,8.497
