140P.txt,26.104,60.836,24.505
141P.txt,29.34,58.688,26.168
142P.txt,28.983,54.144,23.219
143P.txt,32.643,52.375,23.576
144P.txt,30.754,56.495,29.442
145P.txt,30.999,51.506,32.455
148P.txt,31.334,56.518,34.623
20P.txt,-18.218,69.514,40.741
21P.txt,-20.111,66.046,39.639
23P.txt,-23.512,71.1,42.82
24P.txt,-25.771,68.179,37.856
25P.txt,-28.148,65.587,39.784
28P.txt,-24.784,72.821,46.576
304P.txt,-15.313,62.07,39.568
305P.txt,-15.337,58.044,38.243
308P.txt,-20.778,59.624,37.593
34P.txt,-23.693,73.692,58.068
42P.txt,-19.081,80.872,48.913
43P.txt,-21.338,78.071,47.29
45P.txt,-16.91,76.832,44.183
46P.txt,-12.632,71.284,42.974
47P.txt,-10.561,74.831,41.796
49P.txt,-11.782,80.091,50.204
55P.txt,-3.901,66.719,37.128
56P.txt,-0.65,68.124,34.784
64P.txt,2.13,61.01,28.089
65P.txt,0.493,57.115,26.907
74P.txt,4.678,66.569,28.461
94P.txt,-2.647,76.354,33.446
97P.txt,-7.507,79.387,34.79
98P.txt,-7.357,76.796,37.683
