150P.txt,57.873,-0.513,-66.34
151P.txt,57.763,1.259,-63.265
152P.txt,52.803,3.034,-64.974
153P.txt,54.025,7.121,-60.077
154P.txt,48.25,5.506,-61.997
156P.txt,50.913,11.436,-62.514
179P.txt,52.008,0.319,-62.656
180P.txt,53.131,-2.801,-64.335
181P.txt,54.245,-6.17,-66.992
201P.txt,56.258,3.202,-30.159
221P.txt,59.51,11.025,-33.668
233P.txt,62.459,-7.397,-64.501
234P.txt,61.513,-4.597,-67.071
235P.txt,62.391,-0.644,-63.02
236P.txt,62.656,2.454,-60.692
250P.txt,55.236,19.743,-22.117
252P.txt,57.073,21.459,-13.652
282P.txt,50.519,10.241,-17.738
284P.txt,53.392,8.641,-10.164
301P.txt,71.811,12.493,1.446
303P.txt,67.093,12.614,1.996
305P.txt,63.14,7.5,5.172
308P.txt,54.263,5.212,-0.278
341P.txt,55.751,12.915,-11.09
342P.txt,55.608,15.146,-15.314
343P.txt,59.198,14.052,-19.677
344P.txt,59.002,18.111,-17.583
345P.txt,58.388,17.018,-13.311
346P.txt,58.158,17.348,-9.43
