103P.txt,-21.9,37.429,-63.719
104P.txt,-22.812,39.322,-59.103
177P.txt,-32.809,13.446,-40.549
178P.txt,-31.772,15.921,-44.862
198P.txt,-27.677,20.321,-46.591
200P.txt,-31.283,20.022,-41.24
203P.txt,-30.815,23.235,-37.899
276P.txt,-33.453,15.668,-24.427
277P.txt,-31.316,16.289,-29.279
278P.txt,-30.36,18.612,-32.054
279P.txt,-30.76,22.274,-26.31
280P.txt,-32.78,23.159,-31.581
57P.txt,-14.701,25.471,-42.845
58P.txt,-14.993,20.906,-43.157
59P.txt,-11.036,18.605,-42.52
60P.txt,-11.728,14.756,-44.198
61P.txt,-9.386,11.98,-43.124
63P.txt,-10.513,6.452,-47.794
69P.txt,-17.062,10.568,-48.537
70P.txt,-16.554,15.65,-48.663
71P.txt,-21.896,15.501,-47.507
72P.txt,-22.37,18.733,-48.26
80P.txt,-10.87,25.916,-52.183
90P.txt,2.013,18.1,-52.862
91P.txt,-0.048,21.033,-51.795
92P.txt,-2.991,20.748,-54.655
93P.txt,-5.801,25.173,-55.884
95P.txt,-12.089,25.619,-57.61
98P.txt,-14.854,25.651,-62.674
99P.txt,-18.192,30.164,-62.022
