119P.txt,5.581,-22.501,61.398
120P.txt,8.247,-24.189,58.094
122P.txt,10.181,-23.812,50.408
124P.txt,13.16,-19.807,46.448
198P.txt,14.794,-22.616,47.752
199P.txt,15.217,-20.269,50.704
200P.txt,13.668,-23.176,54.423
201P.txt,12.002,-18.264,56.079
202P.txt,11.955,-21.009,60.915
203P.txt,7.903,-17.635,61.305
244P.txt,-23.364,6.2,38.134
327P.txt,-4.556,-33.839,61.634
388P.txt,-17.217,-37.535,45.302
392P.txt,-21.717,-38.094,41.403
394P.txt,-27.385,-39.228,36.516
422P.txt,-0.227,-29.116,59.611
423P.txt,2.51,-29.664,55.063
430P.txt,6.096,-20.59,43.533
432P.txt,5.872,-26.825,50.799
434P.txt,5.223,-26.469,56.596
44P.txt,-17.254,11.215,25.965
45P.txt,-18.405,8.132,29.905
491P.txt,-15.352,11.239,34.323
492P.txt,-12.123,13.273,31.557
53P.txt,-10.684,4.67,47.216
72P.txt,-3.79,-0.659,58.753
75P.txt,-11.759,4.883,53.597
82P.txt,-26.355,8.973,46.289
84P.txt,-27.04,8.642,39.413
86P.txt,-26.509,6.782,33.391
87P.txt,-32.024,8.61,31.023
88P.txt,-31.811,7.318,26.923
89P.txt,-26.773,5.373,28.417
