76P.txt,0.946,25.658,-23.67
49P.txt,-8.897,25.495,-21.604
61P.txt,-14.743,19.637,-12.958
166P.txt,-18.519,35.616,26.306
167P.txt,-15.47,32.327,23.034
5P.txt,5.624,37.424,-31.489
156P.txt,-16.237,35.333,18.499
94P.txt,6.021,25.69,-21.461
80P.txt,-3.903,33.856,-33.825
81P.txt,-6.184,34.04,-36.67
83P.txt,-0.551,36.256,-39.924
169P.txt,-13.848,25.813,20.521
82P.txt,-4.388,36.644,-37.026
197P.txt,0.164,27.239,8.12
45P.txt,0.516,17.683,-17.996
51P.txt,-6.539,26.512,-28.777
79P.txt,-0.406,31.957,-32.64
92P.txt,4.961,26.368,-28.39
93P.txt,6.024,29.975,-25.438
78P.txt,-0.573,28.049,-29.045
50P.txt,-8.597,23.319,-26.007
46P.txt,-6.818,17.085,-19.579
91P.txt,8.877,26.453,-30.178
47P.txt,-6.144,19.865,-22.172
37P.txt,-2.141,21.26,-20.014
33P.txt,-4.493,31.781,-28.07
119P.txt,-34.981,26.864,24.777
30P.txt,-2.194,40.61,-28.277
