29P.txt,-20.169,63.764,152.084
15P.txt,-42.579,79.833,157.255
316P.txt,-25.986,67.47,140.437
317P.txt,-28.61,68.346,143.002
14P.txt,-46.654,79.084,158.408
28P.txt,-24.099,63.108,150.149
16P.txt,-41.969,76.961,153.94
314P.txt,-22.782,60.881,138.611
17P.txt,-40.034,73.275,152.301
13P.txt,-47.376,83.064,159.522
310P.txt,-15.044,54.013,136.352
311P.txt,-18.758,56.624,137.33
313P.txt,-24.913,57.401,137.254
42P.txt,-23.245,64.936,135.498
41P.txt,-26.905,62.483,134.687
294P.txt,-18.273,63.831,133.862
34P.txt,-30.741,62.194,150.191
323P.txt,-39.998,66.492,152.987
21P.txt,-44.477,63.673,144.286
23P.txt,-38.187,62.096,143.744
320P.txt,-35.01,71.378,148.343
308P.txt,-14.346,57.165,130.354
321P.txt,-34.13,68.304,152.471
22P.txt,-41.422,63.165,141.485
292P.txt,-23.665,65.664,130.116
318P.txt,-31.13,70.687,140.961
244P.txt,21.905,59.63,101.358
293P.txt,-19.342,66.772,132.575
31P.txt,-26.555,59.734,152.638
19P.txt,-42.57,69.195,147.738
18P.txt,-40.614,72.83,147.211
30P.txt,-23.507,61.95,154.926
