450P.txt,-13.179,31.429,-7.662
451P.txt,-8.924,31.642,-9.318
452P.txt,-9.838,26.152,-9.221
453P.txt,-6.712,28.068,-12.644
454P.txt,-4.043,30.551,-10.732
471P.txt,-1.925,34.882,-2.32
475P.txt,-5.333,37.467,-7.487
476P.txt,-8.973,38.075,-10.184
477P.txt,-8.267,41.371,-11.524
478P.txt,-8.673,40.792,-15.154
479P.txt,-13.104,38.419,-12.587
480P.txt,-16.494,39.84,-15.36
481P.txt,-16.735,35.826,-10.272
482P.txt,-18.482,37.16,-6.274
483P.txt,-13.439,36.624,-4.439
484P.txt,-16.004,30.604,-4.724
502P.txt,-3.446,34.0,8.502
503P.txt,-1.404,34.436,6.232
509P.txt,3.243,42.493,6.743
510P.txt,-1.427,41.871,9.516
511P.txt,-2.619,42.383,5.377
512P.txt,-7.794,42.77,9.282
513P.txt,-9.858,40.196,3.344
565P.txt,-18.736,34.155,0.068
566P.txt,-13.823,37.204,0.602
567P.txt,-13.617,42.187,2.374
568P.txt,-13.937,44.307,-3.651
569P.txt,-9.195,43.737,-2.301
570P.txt,-7.375,46.961,-3.599
571P.txt,-3.858,45.544,-3.277
572P.txt,-4.197,40.969,-3.861
575P.txt,-5.086,35.17,3.217
