101P.txt,-15.39,142.281,68.547
102P.txt,-17.762,136.761,66.572
103P.txt,-15.078,134.049,67.177
104P.txt,-14.205,135.145,71.301
106P.txt,-11.003,140.78,71.678
107P.txt,-8.163,141.108,69.886
108P.txt,-10.715,141.695,65.288
109P.txt,-6.955,137.872,64.136
110P.txt,-4.647,135.104,61.963
112P.txt,-3.781,129.502,67.367
201P.txt,10.883,89.1,44.209
212P.txt,4.431,86.968,44.787
246P.txt,-15.025,126.088,63.355
248P.txt,-14.566,125.854,68.148
319P.txt,7.731,58.318,26.492
378P.txt,16.437,48.548,21.556
381P.txt,13.159,46.235,14.917
383P.txt,11.529,40.054,18.567
398P.txt,10.201,50.358,15.952
4P.txt,5.766,54.84,36.046
401P.txt,15.216,56.754,16.04
402P.txt,18.971,57.331,15.226
403P.txt,21.056,58.7,18.238
72P.txt,-7.74,127.603,71.027
73P.txt,-5.531,130.755,70.6
74P.txt,-6.626,134.353,71.063
76P.txt,-1.862,138.239,71.501
77P.txt,-3.277,135.011,73.927
78P.txt,-0.312,132.575,71.25
79P.txt,1.957,128.453,69.538
96P.txt,-4.068,129.717,61.417
97P.txt,-8.176,130.808,62.549
98P.txt,-9.5,134.399,60.796
99P.txt,-10.596,133.891,66.804
