125P.txt,-7.934,-6.768,-3.899
146P.txt,-9.64,-3.571,-10.587
155P.txt,-10.589,2.431,-9.419
162P.txt,-31.111,13.578,-6.611
163P.txt,-36.408,11.954,-6.619
164P.txt,-36.025,14.593,-9.67
165P.txt,-32.549,16.143,-10.352
166P.txt,-30.308,16.14,-13.904
167P.txt,-27.898,16.518,-10.918
168P.txt,-23.86,15.116,-10.614
170P.txt,-20.07,17.273,-8.342
171P.txt,-21.181,18.123,-2.13
178P.txt,-22.15,7.849,9.443
179P.txt,-25.828,8.073,5.872
180P.txt,-26.936,4.562,3.401
44P.txt,-32.245,20.878,-4.587
45P.txt,-37.183,23.532,-2.92
46P.txt,-37.22,19.828,-2.039
47P.txt,-28.924,18.573,-2.295
48P.txt,-30.297,15.036,2.447
49P.txt,-26.245,16.728,3.999
50P.txt,-26.29,12.571,1.971
51P.txt,-21.314,12.222,5.664
52P.txt,-19.594,12.09,2.298
54P.txt,-18.279,13.919,-3.218
94P.txt,-29.369,10.391,-12.683
95P.txt,-33.264,11.267,-11.265
96P.txt,-32.426,7.356,-9.168
97P.txt,-32.916,8.871,-2.547
99P.txt,-30.595,5.453,-0.11
