100P.txt,51.047,8.511,-22.068
141P.txt,37.877,-7.947,-23.773
145P.txt,33.625,-8.423,-11.459
147P.txt,41.343,-6.585,-9.774
148P.txt,41.982,-8.088,-5.268
151P.txt,46.781,-7.767,-9.18
152P.txt,46.225,-12.647,-5.553
164P.txt,31.338,-8.228,-8.229
165P.txt,28.855,-3.054,-9.189
166P.txt,32.613,-2.214,-11.603
167P.txt,33.384,-4.234,-15.065
168P.txt,37.801,-3.728,-14.027
169P.txt,36.043,-3.699,-19.207
170P.txt,42.298,-6.154,-18.591
192P.txt,49.006,-8.488,-15.124
212P.txt,32.645,-10.439,-20.42
216P.txt,33.591,-8.091,-26.985
28P.txt,51.111,-3.811,-18.792
29P.txt,52.577,-2.383,-15.918
30P.txt,51.616,1.082,-15.055
32P.txt,46.887,0.83,-19.892
69P.txt,43.573,7.562,-24.159
71P.txt,48.299,4.44,-20.444
72P.txt,44.92,6.245,-19.318
73P.txt,43.07,2.944,-22.74
74P.txt,41.88,2.27,-26.446
75P.txt,39.977,-0.225,-28.564
77P.txt,40.203,-2.432,-32.606
