414P.txt,19.746,-3.045,-14.243
436P.txt,28.925,2.415,-2.036
495P.txt,11.597,-25.126,-22.196
496P.txt,12.01,-26.612,-18.089
499P.txt,15.708,-28.087,-8.599
501P.txt,17.3,-32.814,-5.794
502P.txt,20.506,-35.827,-4.074
527P.txt,27.917,-29.344,-12.579
528P.txt,29.771,-32.679,-14.447
529P.txt,26.79,-35.281,-13.874
531P.txt,22.088,-31.478,-17.413
532P.txt,21.638,-27.483,-19.023
533P.txt,17.955,-28.497,-19.006
535P.txt,14.222,-34.639,-21.484
536P.txt,11.777,-36.549,-16.994
537P.txt,11.074,-34.634,-12.279
538P.txt,13.917,-37.585,-11.408
539P.txt,16.243,-37.612,-14.175
540P.txt,18.862,-40.324,-9.727
541P.txt,21.706,-37.074,-13.336
542P.txt,24.349,-42.857,-10.416
543P.txt,31.17,-39.972,-12.201
553P.txt,29.65,-44.766,-8.155
560P.txt,11.373,-29.86,-13.084
561P.txt,9.632,-25.933,-12.083
562P.txt,6.926,-24.894,-14.588
582P.txt,37.789,1.383,-4.006
585P.txt,31.972,3.834,-8.626
