-1P.txt,9.386,-25.193,8.201
-2P.txt,11.411,-27.919,8.548
-3P.txt,11.826,-26.536,11.823
-4P.txt,12.121,-23.416,13.444
-5P.txt,13.146,-20.065,13.564
-6P.txt,12.707,-16.485,12.793
-7P.txt,13.416,-15.507,9.843
0P.txt,9.962,-20.591,7.498
1P.txt,6.223,-22.635,9.681
2P.txt,7.14,-25.364,12.365
43P.txt,-1.502,-25.609,13.838
44P.txt,0.248,-27.08,10.374
45P.txt,-2.737,-30.582,8.484
46P.txt,-0.375,-29.001,5.46
47P.txt,-2.254,-26.472,2.817
48P.txt,-4.723,-25.873,6.554
5P.txt,4.059,-24.853,15.808
6P.txt,2.161,-24.214,19.379
65P.txt,-4.738,-22.17,2.252
66P.txt,-0.146,-18.963,3.345
67P.txt,-2.391,-16.162,0.185
85P.txt,1.727,-13.57,4.469
86P.txt,5.696,-16.112,5.369
88P.txt,10.303,-11.822,7.016
89P.txt,9.326,-14.465,8.804
92P.txt,1.713,-10.701,7.965
