10P.txt,10.378,1.173,-29.948
11P.txt,12.208,5.072,-30.445
115P.txt,23.195,3.801,-13.186
116P.txt,19.966,0.147,-13.165
118P.txt,15.301,-0.075,-18.034
119P.txt,16.981,3.119,-21.991
120P.txt,12.793,-0.319,-23.298
121P.txt,11.597,-3.252,-20.327
123P.txt,10.26,-10.199,-17.837
124P.txt,14.594,-11.408,-19.485
13P.txt,14.076,9.45,-28.125
14P.txt,9.57,11.656,-23.028
16P.txt,15.862,8.217,-22.426
17P.txt,15.421,12.535,-22.634
4P.txt,12.368,12.878,-32.932
49P.txt,15.99,-5.771,-14.177
5P.txt,7.99,10.358,-35.68
50P.txt,16.517,-11.269,-12.98
6P.txt,8.902,7.806,-32.956
7P.txt,6.763,4.5,-31.221
8P.txt,6.633,4.925,-27.29
87P.txt,5.246,1.49,-22.644
89P.txt,5.426,-5.468,-17.464
9P.txt,7.409,0.789,-27.546
