165P.txt,124.34,124.322,110.922
167P.txt,117.501,124.938,112.606
168P.txt,118.718,121.383,110.061
169P.txt,121.458,118.89,110.881
175P.txt,116.765,122.719,125.802
176P.txt,122.673,122.37,124.62
249P.txt,120.436,130.356,135.107
250P.txt,119.83,125.424,131.242
252P.txt,123.332,127.06,139.335
253P.txt,119.584,124.486,136.85
254P.txt,121.676,121.434,134.451
255P.txt,125.46,121.829,137.454
256P.txt,121.877,122.329,140.987
257P.txt,121.161,118.284,140.555
258P.txt,116.746,121.83,139.124
259P.txt,114.232,118.279,137.296
260P.txt,109.912,122.055,138.05
261P.txt,108.399,121.215,134.933
262P.txt,111.061,120.631,131.633
264P.txt,106.258,127.174,134.725
265P.txt,111.497,125.908,133.115
266P.txt,111.657,126.79,126.95
267P.txt,106.572,129.929,130.276
404P.txt,131.558,125.988,113.269
405P.txt,134.758,123.302,117.467
406P.txt,130.712,120.908,118.583
410P.txt,132.704,117.77,113.64
413P.txt,128.608,118.312,108.735
414P.txt,132.887,113.064,109.805
416P.txt,125.637,113.549,105.716
417P.txt,131.052,112.619,102.244
418P.txt,129.877,108.63,104.508
421P.txt,130.408,109.005,97.431
422P.txt,126.338,105.898,98.086
423P.txt,123.634,109.533,95.581
