103P.txt,5.27,9.111,15.708
104P.txt,7.281,13.422,15.458
105P.txt,10.154,10.724,13.219
106P.txt,12.433,12.252,16.894
107P.txt,15.105,11.139,11.757
110P.txt,25.852,10.373,13.349
120P.txt,18.415,-0.029,13.11
128P.txt,8.929,-6.682,16.389
45P.txt,18.798,11.177,7.582
46P.txt,19.216,6.271,11.422
48P.txt,16.792,9.254,18.475
49P.txt,12.726,4.952,19.852
50P.txt,12.983,1.241,17.432
52P.txt,6.716,0.564,19.496
53P.txt,4.751,-1.57,14.739
54P.txt,4.475,3.953,16.81
57P.txt,6.704,7.414,9.935
60P.txt,7.164,6.101,4.741
61P.txt,10.067,9.766,6.228
62P.txt,14.595,7.659,3.99
94P.txt,1.136,2.429,4.438
97P.txt,2.019,2.792,10.094
98P.txt,-1.043,3.205,10.165
99P.txt,-2.536,5.842,8.051
