101P.txt,3.104,-4.35,-70.594
115P.txt,9.439,-41.911,-70.506
14P.txt,0.906,-30.908,-59.226
28P.txt,12.977,-6.045,-65.867
113P.txt,8.139,-35.505,-71.265
104P.txt,6.249,-10.661,-63.422
49P.txt,0.925,5.203,-55.092
61P.txt,12.645,-28.529,-56.144
74P.txt,5.42,-46.832,-66.392
64P.txt,8.131,-31.281,-56.496
73P.txt,6.085,-42.107,-63.821
67P.txt,8.559,-33.993,-60.077
95P.txt,17.169,10.991,-71.106
54P.txt,1.095,-11.19,-56.083
96P.txt,11.495,9.608,-71.785
51P.txt,6.364,0.491,-58.53
44P.txt,-2.253,10.127,-60.639
52P.txt,4.893,-2.855,-53.623
85P.txt,2.69,-11.947,-66.323
20P.txt,5.331,-12.734,-52.627
35P.txt,17.534,-5.64,-68.612
37P.txt,15.945,0.965,-64.566
27P.txt,15.749,-5.184,-62.926
19P.txt,2.826,-16.143,-53.232
