276P.txt,-23.517,32.823,1.199
464P.txt,-19.22,23.765,19.635
458P.txt,-26.467,28.433,13.135
459P.txt,-25.063,30.448,15.866
465P.txt,-22.232,22.051,17.764
277P.txt,-21.884,27.36,2.995
275P.txt,-26.302,32.126,-2.778
301P.txt,-55.763,-6.049,0.481
274P.txt,-24.652,27.582,-0.958
462P.txt,-18.727,30.586,18.893
463P.txt,-21.557,27.398,18.352
460P.txt,-23.314,33.402,17.707
474P.txt,-38.416,26.377,-3.478
407P.txt,-19.676,1.336,15.525
366P.txt,-41.636,22.685,12.216
238P.txt,-14.433,30.861,-11.704
358P.txt,-19.586,18.556,16.08
354P.txt,-13.401,25.469,10.817
355P.txt,-12.711,20.076,11.73
357P.txt,-17.73,23.994,14.262
352P.txt,-17.181,23.621,3.403
353P.txt,-19.216,24.678,8.295
351P.txt,-14.003,19.96,4.288
350P.txt,-16.266,17.713,10.273
280P.txt,-27.907,30.609,8.521
281P.txt,-30.368,32.373,5.489
240P.txt,-9.647,27.154,-15.079
282P.txt,-28.892,32.422,1.204
279P.txt,-25.861,33.709,4.683
457P.txt,-29.57,26.04,12.935
324P.txt,-55.87,-1.578,6.981
278P.txt,-20.692,31.98,5.448
