29P.txt,3.39,8.33,4.103
129P.txt,16.006,1.831,16.46
76P.txt,37.424,5.196,3.331
163P.txt,19.153,19.858,8.027
162P.txt,18.206,16.08,10.871
75P.txt,37.004,5.523,8.773
158P.txt,12.254,7.047,10.764
157P.txt,10.204,8.604,7.301
221P.txt,36.724,4.518,-5.703
223P.txt,34.575,7.723,-11.184
155P.txt,7.284,3.392,9.838
83P.txt,35.152,18.808,1.109
154P.txt,11.042,0.473,7.741
86P.txt,34.767,8.112,2.335
87P.txt,30.278,10.667,5.308
219P.txt,34.197,1.619,-1.295
85P.txt,34.365,12.977,5.784
153P.txt,6.862,-2.334,10.72
152P.txt,9.529,-5.666,10.321
84P.txt,38.047,14.693,0.632
224P.txt,38.142,13.038,-11.241
122P.txt,29.01,9.265,11.23
127P.txt,22.513,0.344,19.254
133P.txt,13.334,-2.493,12.116
126P.txt,23.281,5.985,18.285
130P.txt,14.765,4.382,13.936
124P.txt,28.815,8.436,16.668
30P.txt,1.539,4.901,1.329
