114P.txt,-7.742,0.658,-7.432
117P.txt,-4.772,-3.118,-7.653
116P.txt,-2.685,-0.091,-5.905
216P.txt,23.903,-12.333,-20.182
202P.txt,0.916,-8.463,-3.334
61P.txt,-16.414,15.096,-6.255
149P.txt,9.548,2.816,-5.884
60P.txt,-14.187,11.05,-5.208
203P.txt,2.721,-5.942,-0.744
171P.txt,12.412,-20.214,-14.032
204P.txt,-0.342,-3.179,-1.501
205P.txt,2.033,-2.578,-4.487
208P.txt,0.669,-7.773,-13.849
94P.txt,-8.157,7.569,-5.57
95P.txt,-10.567,5.178,-6.892
209P.txt,6.706,-11.598,-12.618
197P.txt,10.348,-12.168,-14.605
92P.txt,-3.407,9.084,-5.588
150P.txt,8.956,0.342,-2.35
151P.txt,13.568,-1.556,-4.143
93P.txt,-2.811,4.79,-4.596
87P.txt,0.716,13.773,-13.534
91P.txt,-0.89,11.544,-7.314
153P.txt,8.506,-3.973,-1.261
152P.txt,12.647,-3.725,-0.842
34P.txt,3.911,8.504,-9.389
20P.txt,-3.44,-10.922,-21.125
33P.txt,3.115,3.588,-7.983
