129P.txt,-28.119,6.446,61.077
16P.txt,6.075,-4.489,57.544
13P.txt,1.366,-13.874,55.301
176P.txt,-4.976,3.929,38.03
189P.txt,-18.968,0.799,58.846
49P.txt,-12.574,20.942,56.307
165P.txt,-6.339,-0.949,63.217
158P.txt,-20.524,9.392,63.141
181P.txt,-0.799,7.124,50.63
235P.txt,-1.602,-1.056,65.665
221P.txt,-10.408,-6.153,39.875
54P.txt,0.193,11.59,62.375
226P.txt,4.778,-4.54,42.885
151P.txt,-30.188,18.573,52.63
153P.txt,-26.719,18.044,59.85
152P.txt,-28.508,18.338,56.247
230P.txt,6.869,-2.653,51.467
224P.txt,-0.032,-9.26,40.946
218P.txt,-18.189,1.1,41.11
37P.txt,-20.643,15.051,42.644
122P.txt,-20.087,-5.552,56.123
123P.txt,-23.971,-5.912,54.57
22P.txt,3.723,9.811,65.928
133P.txt,-27.913,11.846,57.34
130P.txt,-25.046,7.954,59.884
125P.txt,-29.653,-7.041,60.608
18P.txt,4.922,-0.222,62.66
30P.txt,-13.64,22.133,62.182
