14P.txt,-0.66,-6.897,-6.834
28P.txt,-1.782,1.517,-7.471
12P.txt,5.66,-9.223,-7.491
10P.txt,4.785,-4.302,-10.346
38P.txt,0.373,15.003,-6.098
11P.txt,2.157,-6.929,-9.968
9P.txt,7.822,-5.082,-8.497
43P.txt,4.645,0.332,-8.095
7P.txt,11.696,-5.228,-1.975
44P.txt,7.346,4.941,-7.085
47P.txt,9.053,-1.245,-6.96
34P.txt,-2.06,15.185,7.17
20P.txt,-1.867,-6.378,4.098
35P.txt,0.8,15.671,3.422
23P.txt,-12.058,-9.537,2.073
36P.txt,-1.379,20.058,1.689
32P.txt,-5.055,13.604,-1.742
27P.txt,-9.254,1.604,-4.239
31P.txt,-6.62,9.807,-2.901
18P.txt,-3.138,-10.564,-2.74
24P.txt,-11.525,-5.323,2.44
