464P.txt,5.627,-12.618,-71.047
459P.txt,-1.578,-16.055,-71.766
539P.txt,16.221,-2.311,-86.428
648P.txt,30.384,-35.26,-49.518
463P.txt,4.198,-9.61,-69.798
649P.txt,28.83,-38.299,-50.299
638P.txt,30.767,-29.606,-52.689
602P.txt,50.462,-31.231,-66.949
628P.txt,30.952,-20.484,-52.77
629P.txt,30.386,-24.78,-54.33
630P.txt,33.328,-24.999,-55.324
631P.txt,34.51,-28.433,-56.051
622P.txt,47.337,-10.509,-53.27
636P.txt,37.229,-36.552,-51.26
635P.txt,36.134,-33.556,-57.386
542P.txt,15.073,-6.988,-78.953
647P.txt,32.127,-33.292,-46.79
450P.txt,9.889,-12.898,-59.122
646P.txt,31.941,-29.139,-44.74
652P.txt,26.204,-39.143,-55.434
644P.txt,36.899,-24.611,-43.815
650P.txt,30.47,-41.556,-51.531
452P.txt,6.333,-17.62,-57.733
453P.txt,4.951,-21.247,-59.933
651P.txt,27.925,-42.389,-54.804
641P.txt,30.061,-19.316,-46.953
640P.txt,31.598,-23.282,-46.801
642P.txt,32.039,-19.537,-43.271
454P.txt,5.1,-20.138,-63.409
