29P.txt,37.918,-23.751,-33.075
15P.txt,22.659,-19.006,-56.432
316P.txt,25.088,-20.922,-29.781
317P.txt,25.456,-19.79,-33.429
14P.txt,21.85,-15.794,-59.168
28P.txt,35.257,-20.205,-33.501
16P.txt,22.186,-17.121,-52.522
17P.txt,24.042,-15.785,-48.692
13P.txt,20.267,-18.107,-62.148
12P.txt,21.494,-14.497,-65.355
10P.txt,19.535,-14.508,-72.225
11P.txt,19.781,-15.723,-68.753
210P.txt,30.039,-45.202,22.876
34P.txt,33.165,-14.614,-36.638
20P.txt,21.626,-9.14,-41.37
323P.txt,28.574,-11.179,-45.767
21P.txt,21.486,-5.377,-40.608
37P.txt,22.961,-13.867,-38.648
320P.txt,24.7,-17.825,-42.204
321P.txt,31.017,-15.579,-42.308
36P.txt,26.914,-14.574,-37.088
22P.txt,22.609,-5.733,-36.427
32P.txt,38.118,-14.546,-30.834
319P.txt,23.749,-18.706,-38.162
325P.txt,28.068,-5.018,-49.932
324P.txt,27.472,-7.193,-45.568
318P.txt,21.567,-19.319,-34.524
33P.txt,35.266,-12.004,-32.227
25P.txt,30.618,-10.996,-32.755
19P.txt,21.781,-10.815,-44.725
18P.txt,20.391,-14.544,-45.14
30P.txt,39.559,-20.745,-36.096
