101P.txt,11.175,110.284,-29.403
114P.txt,28.293,103.758,-39.65
115P.txt,28.589,100.002,-42.301
116P.txt,31.254,98.1,-39.972
161P.txt,12.293,80.482,-22.167
162P.txt,16.504,80.613,-18.594
164P.txt,21.431,76.327,-19.792
167P.txt,18.033,73.391,-21.452
243P.txt,29.668,83.506,-47.524
249P.txt,34.091,90.356,-38.06
393P.txt,0.621,78.482,-10.659
471P.txt,-18.695,35.752,-26.008
475P.txt,-15.917,29.541,-25.057
480P.txt,-9.46,25.356,-21.95
481P.txt,-13.793,26.531,-20.869
482P.txt,-10.748,31.051,-20.719
483P.txt,-11.671,33.517,-17.516
484P.txt,-11.763,36.379,-19.73
485P.txt,-10.043,39.758,-19.241
492P.txt,-2.564,30.032,-16.326
495P.txt,1.611,26.977,-20.071
496P.txt,-1.56,25.871,-23.524
498P.txt,4.306,29.306,-26.197
544P.txt,-17.352,48.238,-22.002
545P.txt,-18.918,50.328,-18.628
546P.txt,-24.21,50.967,-22.242
548P.txt,-28.214,54.695,-19.285
551P.txt,-32.513,55.968,-16.982
73P.txt,13.809,103.589,-45.202
731P.txt,9.024,73.485,-22.097
736P.txt,19.522,64.75,-22.645
80P.txt,16.65,108.941,-38.481
81P.txt,14.424,112.332,-36.936
82P.txt,19.483,109.647,-34.239
83P.txt,21.876,108.045,-38.136
84P.txt,20.93,106.322,-41.143
85P.txt,18.275,105.631,-43.893
87P.txt,17.016,101.114,-49.668
90P.txt,5.971,103.064,-48.187
93P.txt,9.05,103.972,-42.236
94P.txt,4.363,106.131,-39.321
97P.txt,8.961,107.901,-35.219
