104P.txt,-25.178,-60.364,-51.529
105P.txt,-23.294,-56.835,-53.879
106P.txt,-28.243,-57.108,-52.927
107P.txt,-26.902,-57.724,-48.303
108P.txt,-30.435,-59.66,-49.035
109P.txt,-26.775,-63.575,-46.492
167P.txt,-37.039,-58.807,-32.156
168P.txt,-37.098,-53.559,-31.804
211P.txt,-8.965,-43.514,-31.816
212P.txt,-6.202,-40.96,-32.71
236P.txt,1.015,-58.261,-42.913
237P.txt,1.51,-57.733,-47.751
240P.txt,3.199,-54.901,-40.004
241P.txt,5.305,-52.828,-43.422
244P.txt,7.533,-52.052,-37.916
245P.txt,9.304,-48.027,-40.904
251P.txt,1.523,-40.664,-32.177
303P.txt,-24.896,-38.708,-35.222
304P.txt,-27.782,-43.721,-36.995
305P.txt,-30.36,-47.714,-35.79
306P.txt,-32.847,-43.101,-35.001
307P.txt,-36.983,-46.313,-35.2
310P.txt,-36.845,-43.159,-30.97
33P.txt,2.461,-71.742,-52.569
334P.txt,-26.256,-29.698,-27.433
34P.txt,4.044,-67.152,-50.372
35P.txt,1.775,-64.899,-46.061
36P.txt,4.352,-66.775,-43.348
41P.txt,6.726,-63.774,-37.02
65P.txt,-13.945,-46.604,-16.572
66P.txt,-8.712,-46.7,-19.363
67P.txt,-11.742,-46.591,-23.713
