122P.txt,-12.042,-17.35,-52.821
124P.txt,-15.7,-17.118,-47.834
200P.txt,-16.755,-15.353,-54.906
202P.txt,-15.292,-13.017,-60.597
219P.txt,13.585,10.618,-42.917
220P.txt,11.019,13.318,-42.645
221P.txt,11.962,16.876,-41.483
222P.txt,13.224,16.369,-37.919
223P.txt,11.547,13.126,-37.509
246P.txt,18.702,11.344,-44.32
327P.txt,1.098,-27.921,-62.96
365P.txt,5.025,-30.23,-38.506
367P.txt,0.425,-26.56,-42.885
368P.txt,-0.964,-23.899,-45.35
423P.txt,-5.563,-21.849,-56.404
432P.txt,-8.386,-19.165,-51.608
434P.txt,-8.08,-18.002,-58.908
491P.txt,15.792,16.124,-33.786
492P.txt,15.447,18.01,-30.223
50P.txt,7.275,8.991,-38.969
51P.txt,5.428,9.376,-42.489
52P.txt,8.939,7.119,-43.854
53P.txt,10.605,9.944,-48.299
54P.txt,9.973,6.419,-51.293
71P.txt,7.266,6.479,-60.961
72P.txt,3.324,6.956,-59.872
73P.txt,5.501,6.893,-54.776
74P.txt,8.866,7.424,-54.995
75P.txt,11.62,10.423,-54.83
76P.txt,14.468,10.751,-57.068
78P.txt,20.588,11.223,-52.796
79P.txt,22.418,12.333,-55.665
