121P.txt,-10.739,-65.508,53.352
128P.txt,-15.308,-64.222,52.17
174P.txt,-7.359,-87.855,66.441
34P.txt,-21.168,-66.233,54.817
40P.txt,-27.67,-73.927,56.767
42P.txt,-26.34,-77.011,60.999
43P.txt,-21.471,-77.218,61.539
44P.txt,-20.691,-81.304,61.26
46P.txt,-14.434,-78.564,62.007
59P.txt,1.066,-78.341,60.88
64P.txt,-13.192,-82.919,58.202
65P.txt,-16.476,-85.862,58.235
66P.txt,-16.29,-87.246,54.63
72P.txt,-11.83,-88.984,57.022
73P.txt,-11.137,-84.956,55.294
74P.txt,-7.43,-85.876,57.126
75P.txt,-7.535,-77.405,56.238
76P.txt,-3.076,-80.027,56.014
77P.txt,-3.713,-75.529,54.782
92P.txt,3.459,-71.214,51.159
93P.txt,-1.015,-67.474,50.209
94P.txt,2.377,-69.757,46.424
95P.txt,1.773,-73.685,47.862
96P.txt,-3.022,-72.292,49.035
97P.txt,-5.551,-70.702,43.859
98P.txt,-8.375,-70.39,46.578
