126P.txt,-20.646,31.668,-36.072
127P.txt,-18.791,31.801,-33.426
128P.txt,-17.867,28.178,-32.685
129P.txt,-13.897,30.78,-36.855
130P.txt,-12.583,26.043,-40.026
131P.txt,-9.135,26.196,-39.802
132P.txt,-6.005,25.67,-41.478
133P.txt,-5.189,22.226,-42.47
145P.txt,-4.019,-1.908,-28.449
160P.txt,-9.557,20.782,-39.935
162P.txt,-14.409,23.767,-36.328
163P.txt,-11.054,28.818,-34.277
164P.txt,-15.848,30.818,-29.406
165P.txt,-12.729,34.212,-31.401
166P.txt,-8.588,35.599,-30.704
167P.txt,-11.022,38.378,-28.668
182P.txt,-16.045,22.41,-30.177
185P.txt,-19.332,17.88,-29.364
186P.txt,-19.144,19.22,-35.592
189P.txt,-22.233,14.923,-35.737
190P.txt,-20.09,14.258,-39.15
193P.txt,-24.765,10.911,-39.985
221P.txt,-3.87,33.653,-33.99
