130P.txt,-11.094,3.926,175.88
131P.txt,-15.173,8.002,171.008
132P.txt,-17.438,9.195,175.93
344P.txt,-12.552,15.186,175.606
347P.txt,-9.207,8.586,177.081
348P.txt,-3.763,6.637,176.841
349P.txt,-6.834,1.576,177.971
350P.txt,-2.921,0.368,176.068
359P.txt,-3.861,-6.059,154.819
370P.txt,2.451,-5.005,175.675
372P.txt,-3.828,-8.891,176.357
373P.txt,-5.522,-7.387,173.037
374P.txt,-6.575,-7.814,169.444
375P.txt,-7.102,-3.626,169.002
381P.txt,-6.863,6.225,157.051
395P.txt,-1.685,12.915,174.305
399P.txt,2.186,9.114,173.912
415P.txt,6.671,3.227,156.112
416P.txt,5.028,7.1,157.242
417P.txt,2.452,9.881,157.38
419P.txt,-2.183,6.399,160.423
424P.txt,-14.652,-2.851,165.708
425P.txt,-15.118,-0.793,169.262
427P.txt,-11.456,1.968,170.244
