175P.txt,12.631,-4.028,1.831
176P.txt,12.82,0.975,2.225
177P.txt,15.861,2.388,0.304
178P.txt,18.755,-2.017,1.695
179P.txt,17.396,0.504,6.754
180P.txt,13.833,-3.3,6.925
181P.txt,11.507,-5.631,6.96
182P.txt,10.059,-1.165,7.255
185P.txt,1.426,-2.41,11.796
186P.txt,5.68,-0.469,11.404
187P.txt,5.353,4.032,15.206
188P.txt,10.306,4.604,15.029
189P.txt,9.62,6.289,18.169
190P.txt,11.577,9.12,15.565
191P.txt,12.48,8.33,11.996
194P.txt,10.194,4.053,8.163
198P.txt,12.759,8.837,-0.727
199P.txt,14.151,10.759,2.997
200P.txt,15.388,8.776,8.441
201P.txt,16.406,14.294,7.153
202P.txt,14.731,15.841,3.443
203P.txt,14.8,19.36,1.635
204P.txt,12.141,16.975,-0.102
215P.txt,12.802,1.418,-5.435
260P.txt,9.904,18.303,8.814
262P.txt,10.757,20.288,12.673
263P.txt,13.876,17.365,13.246
264P.txt,12.117,14.279,11.33
274P.txt,-9.08,5.559,0.039
68P.txt,-5.805,11.307,-2.843
