15P.txt,34.314,-33.118,38.403
17P.txt,37.332,-28.297,35.122
18P.txt,38.341,-30.995,38.168
2P.txt,24.798,-54.708,20.122
21P.txt,43.685,-28.367,36.092
22P.txt,44.733,-34.003,36.743
24P.txt,46.473,-30.408,31.362
25P.txt,44.01,-28.438,29.753
26P.txt,44.031,-24.695,29.952
27P.txt,41.324,-20.941,32.905
28P.txt,41.155,-20.781,28.53
29P.txt,41.617,-24.0,26.552
30P.txt,40.252,-25.66,31.732
31P.txt,35.885,-22.545,31.018
32P.txt,35.764,-22.92,25.563
34P.txt,32.966,-26.835,28.774
35P.txt,30.925,-23.991,27.698
36P.txt,30.355,-27.59,25.064
37P.txt,26.56,-29.669,25.601
56P.txt,30.987,-26.927,19.232
57P.txt,36.109,-27.033,21.076
58P.txt,37.497,-30.125,18.158
59P.txt,34.516,-32.383,15.82
76P.txt,43.159,-32.162,24.77
77P.txt,45.954,-31.697,20.594
