100P.txt,59.415,5.325,-35.624
101P.txt,62.464,8.34,-35.239
20P.txt,63.898,16.546,-42.806
22P.txt,66.124,16.188,-37.009
24P.txt,67.609,16.527,-31.686
26P.txt,68.435,23.643,-33.26
27P.txt,63.619,21.848,-31.688
28P.txt,66.678,22.725,-27.91
29P.txt,64.045,18.998,-27.378
31P.txt,66.346,15.379,-23.804
32P.txt,68.743,14.101,-26.746
38P.txt,67.311,12.034,-37.279
42P.txt,58.662,15.15,-45.771
65P.txt,39.987,20.844,-41.572
66P.txt,43.242,21.96,-43.839
67P.txt,43.882,18.298,-41.714
79P.txt,58.899,4.133,-39.919
84P.txt,68.453,7.922,-28.925
86P.txt,67.868,9.172,-23.667
87P.txt,70.707,13.659,-19.935
88P.txt,66.592,10.499,-16.827
89P.txt,64.501,12.747,-14.753
98P.txt,63.477,5.26,-29.937
99P.txt,60.367,3.385,-31.995
