100P.txt,-48.607,51.637,-47.225
101P.txt,-48.958,55.491,-47.449
102P.txt,-48.068,57.422,-45.037
103P.txt,-51.354,57.71,-43.663
119P.txt,-39.886,38.647,-61.199
120P.txt,-40.589,45.048,-60.875
121P.txt,-41.685,42.086,-65.146
122P.txt,-44.191,38.276,-61.536
123P.txt,-43.51,41.971,-57.963
124P.txt,-45.98,44.409,-60.657
125P.txt,-48.544,41.455,-62.433
127P.txt,-48.842,44.182,-56.095
128P.txt,-53.685,45.878,-60.902
131P.txt,-55.077,47.071,-56.048
162P.txt,-53.77,35.681,-62.391
163P.txt,-51.356,32.463,-64.122
165P.txt,-55.95,35.427,-67.968
56P.txt,-39.167,46.389,-47.797
59P.txt,-37.905,51.006,-44.149
60P.txt,-40.239,50.533,-47.783
61P.txt,-44.681,50.006,-44.681
75P.txt,-42.84,42.703,-49.66
77P.txt,-35.959,42.682,-52.072
78P.txt,-36.305,39.706,-55.841
79P.txt,-31.707,39.408,-53.879
