302P.txt,48.349,94.489,14.097
301P.txt,51.186,98.453,13.357
300P.txt,47.836,99.787,18.051
298P.txt,42.689,104.008,16.205
299P.txt,43.183,99.308,14.643
348P.txt,24.951,75.229,1.28
404P.txt,25.383,86.235,-18.71
401P.txt,20.68,85.16,-11.388
399P.txt,18.524,84.493,-4.359
402P.txt,26.835,86.904,-12.331
403P.txt,23.43,86.606,-15.904
383P.txt,23.819,82.219,-11.075
382P.txt,28.392,83.169,-13.75
381P.txt,28.558,83.03,-8.675
347P.txt,25.586,77.855,-2.825
384P.txt,21.373,80.92,-8.453
351P.txt,28.078,74.497,4.423
350P.txt,23.074,74.199,5.801
323P.txt,31.941,94.907,-15.636
322P.txt,28.843,97.482,-15.992
320P.txt,24.371,94.003,-11.256
321P.txt,28.021,96.256,-11.184
324P.txt,28.766,91.743,-12.07
