15P.txt,17.587,31.781,-5.058
14P.txt,16.718,35.944,-5.288
16P.txt,21.386,33.666,-4.31
17P.txt,22.785,33.758,1.164
12P.txt,13.716,39.575,-6.226
39P.txt,23.199,37.806,-7.607
60P.txt,9.352,59.971,-18.929
8P.txt,4.964,49.629,-11.151
43P.txt,13.452,41.993,-10.894
42P.txt,15.181,38.312,-10.406
6P.txt,11.17,47.512,-14.708
41P.txt,17.824,35.208,-10.888
44P.txt,14.771,44.49,-15.181
20P.txt,25.091,43.17,-3.574
21P.txt,23.727,47.225,-2.266
35P.txt,17.43,45.545,-3.013
37P.txt,20.69,40.774,-6.244
36P.txt,21.006,43.799,0.255
33P.txt,13.601,52.755,-1.619
18P.txt,25.474,37.511,-2.484
