100P.txt,0.871,25.73,54.672
470P.txt,7.077,13.068,82.021
458P.txt,-1.642,30.373,62.08
459P.txt,2.221,30.498,64.461
467P.txt,3.976,18.354,79.987
264P.txt,31.73,9.569,39.884
311P.txt,30.475,22.72,33.174
463P.txt,2.521,21.047,69.734
461P.txt,3.781,25.317,66.323
460P.txt,2.068,26.856,61.0
138P.txt,15.74,3.163,65.638
214P.txt,26.006,2.227,42.044
216P.txt,30.932,2.729,46.573
174P.txt,10.321,4.321,51.067
175P.txt,14.66,2.474,54.156
213P.txt,23.661,-0.327,45.25
171P.txt,3.848,0.386,61.358
206P.txt,26.56,4.384,49.585
212P.txt,19.084,-1.204,42.088
208P.txt,21.459,2.907,47.496
156P.txt,21.658,1.634,65.996
209P.txt,20.042,5.762,39.905
155P.txt,25.546,1.619,64.433
178P.txt,21.85,2.511,56.221
145P.txt,15.805,1.511,72.651
452P.txt,1.946,35.441,43.841
453P.txt,-1.325,36.466,46.35
457P.txt,1.589,36.055,59.3
456P.txt,-1.394,35.686,55.778
468P.txt,0.832,15.475,77.774
454P.txt,1.206,40.184,49.086
455P.txt,-0.921,35.226,51.964
