187P.txt,53.254,34.83,120.924
188P.txt,55.692,30.44,120.908
189P.txt,59.589,31.411,117.506
190P.txt,59.662,27.085,117.542
191P.txt,65.069,26.243,115.927
192P.txt,62.455,22.431,115.619
193P.txt,66.862,21.384,113.432
202P.txt,56.697,25.968,113.985
204P.txt,53.223,27.859,117.898
206P.txt,48.494,30.227,121.601
229P.txt,53.89,24.807,107.223
231P.txt,47.77,25.627,110.22
232P.txt,42.486,25.052,110.056
234P.txt,44.522,24.63,116.28
235P.txt,39.887,24.642,118.424
236P.txt,41.672,25.116,122.373
237P.txt,38.606,24.324,124.123
242P.txt,45.421,27.189,118.808
244P.txt,51.565,25.881,112.716
273P.txt,63.424,38.894,114.56
274P.txt,65.086,32.037,117.345
