115P.txt,-1.01,1.031,-55.053
301P.txt,-10.501,22.617,-70.307
489P.txt,-14.346,-12.782,-33.558
475P.txt,-8.217,7.357,-36.611
62P.txt,-9.885,-4.223,-63.772
74P.txt,-8.933,-12.38,-51.833
60P.txt,-8.607,-10.297,-63.235
367P.txt,-5.721,21.582,-38.69
71P.txt,-6.934,-11.048,-57.292
73P.txt,-5.645,-11.578,-50.977
199P.txt,13.905,10.897,-45.835
370P.txt,-5.876,16.398,-44.707
371P.txt,-9.017,17.301,-40.472
198P.txt,13.762,13.109,-43.118
205P.txt,4.479,9.438,-61.046
397P.txt,-38.739,21.6,-28.85
432P.txt,4.981,15.556,-46.897
368P.txt,-3.835,18.764,-40.816
209P.txt,-7.209,2.759,-61.505
221P.txt,-11.903,-22.993,-38.693
223P.txt,-12.385,-19.277,-35.028
68P.txt,-4.95,-6.027,-58.307
222P.txt,-13.304,-22.583,-35.149
51P.txt,-6.063,-14.527,-38.675
79P.txt,-22.236,-18.546,-53.482
434P.txt,4.74,15.436,-53.355
78P.txt,-20.363,-17.731,-50.271
437P.txt,-0.2,17.303,-62.232
436P.txt,1.157,14.825,-60.309
53P.txt,-10.811,-15.751,-44.916
325P.txt,-7.622,26.357,-62.036
455P.txt,-16.084,16.856,-32.286
119P.txt,6.606,12.05,-57.061
