303P.txt,-70.541,0.79,-3.875
317P.txt,-56.603,3.633,-8.912
277P.txt,-62.639,17.884,-22.732
288P.txt,-56.512,16.555,-17.821
315P.txt,-52.04,4.449,-14.105
314P.txt,-48.189,6.843,-15.11
304P.txt,-66.283,1.109,-4.869
311P.txt,-50.705,8.278,-19.415
313P.txt,-45.784,6.014,-19.586
312P.txt,-49.386,5.03,-20.545
299P.txt,-80.559,-1.774,-3.257
220P.txt,-42.715,14.995,-19.503
235P.txt,-75.799,9.599,2.034
221P.txt,-44.674,12.774,-21.326
257P.txt,-57.651,7.841,-20.775
323P.txt,-73.529,4.188,2.238
256P.txt,-54.926,11.967,-19.235
240P.txt,-80.576,12.041,-5.566
321P.txt,-68.696,3.249,-0.418
255P.txt,-51.964,12.661,-21.362
286P.txt,-51.882,20.636,-18.223
319P.txt,-61.252,5.033,-4.156
318P.txt,-58.741,7.536,-5.698
253P.txt,-46.157,17.41,-22.797
