13P.txt,-20.151,-10.087,-23.823
112P.txt,-9.598,-6.786,6.268
111P.txt,-9.631,-9.767,4.842
11P.txt,-24.305,-8.51,-20.779
76P.txt,-18.992,-16.035,-9.348
88P.txt,-6.028,-9.832,-0.175
63P.txt,8.264,3.114,-6.639
77P.txt,-21.518,-19.939,-7.958
49P.txt,-13.018,-14.148,-21.375
74P.txt,-12.212,-15.461,-11.686
48P.txt,-14.463,-10.088,-22.628
64P.txt,7.26,6.435,-8.761
65P.txt,6.388,4.21,-12.375
9P.txt,-27.877,-9.391,-14.17
8P.txt,-30.462,-8.697,-11.077
157P.txt,-5.831,14.103,-20.934
154P.txt,-7.748,17.567,-18.514
51P.txt,-13.262,-18.467,-20.06
87P.txt,-3.31,-11.536,-1.802
78P.txt,-22.691,-14.351,-7.255
50P.txt,-13.938,-17.099,-23.51
52P.txt,-16.6,-15.429,-18.694
85P.txt,-6.525,-15.081,-7.996
53P.txt,-13.752,-14.676,-17.105
127P.txt,-17.177,14.226,-21.521
130P.txt,-23.69,15.471,-14.379
