113P.txt,3.224,-5.976,5.563
124P.txt,11.152,-17.255,4.106
128P.txt,5.519,-18.804,-1.163
131P.txt,8.304,-21.37,-5.165
139P.txt,-0.4,-24.236,-15.665
140P.txt,1.558,-20.369,-18.789
142P.txt,5.783,-26.436,-20.637
143P.txt,7.901,-27.866,-23.493
145P.txt,14.819,-22.738,-20.874
146P.txt,14.986,-23.433,-15.845
147P.txt,17.95,-19.154,-17.838
163P.txt,1.382,-1.819,-11.59
204P.txt,21.995,-6.808,-2.841
259P.txt,15.19,18.189,-0.645
272P.txt,11.418,-10.859,20.016
273P.txt,10.174,-10.131,25.078
296P.txt,12.779,14.441,9.613
30P.txt,-5.013,14.446,27.403
310P.txt,-9.994,0.42,32.098
311P.txt,-6.084,-2.519,32.217
312P.txt,-4.597,-3.928,28.203
39P.txt,2.582,15.659,16.732
42P.txt,-9.999,17.047,17.033
43P.txt,-10.416,14.498,20.281
48P.txt,-6.002,12.547,11.07
63P.txt,-0.453,-16.026,-0.679
64P.txt,-3.908,-15.302,2.84
82P.txt,-4.031,-9.542,-10.714
88P.txt,-7.221,0.65,-7.697
89P.txt,-12.714,0.163,-7.72
93P.txt,-13.98,2.897,-1.424
