17P.txt,-15.234,5.648,1.332
21P.txt,-27.913,12.786,-4.712
23P.txt,-27.735,8.241,1.587
24P.txt,-26.477,11.559,3.749
42P.txt,-16.778,13.852,-11.138
47P.txt,-22.692,1.232,-4.703
48P.txt,-25.548,1.47,-7.534
51P.txt,-19.476,8.909,-13.323
55P.txt,-17.948,19.704,-1.757
58P.txt,-17.869,15.97,1.547
63P.txt,-6.825,1.321,5.009
65P.txt,-4.9,-3.974,0.795
66P.txt,-1.521,-3.401,5.075
69P.txt,1.915,-14.861,4.673
7P.txt,-2.103,16.834,4.286
70P.txt,3.464,-14.574,10.269
71P.txt,5.002,-18.183,10.838
72P.txt,2.458,-16.305,14.888
73P.txt,-1.578,-18.485,14.275
74P.txt,-3.106,-14.906,15.114
75P.txt,-6.641,-14.356,14.525
76P.txt,-7.742,-18.036,17.718
