19P.txt,-3.221,-12.302,17.234
20P.txt,-4.292,-15.325,20.058
21P.txt,-7.501,-15.406,18.163
22P.txt,-12.117,-15.825,18.02
23P.txt,-10.479,-20.57,19.062
24P.txt,-9.641,-18.083,24.785
25P.txt,-7.048,-23.31,21.962
26P.txt,-4.938,-21.178,24.681
27P.txt,-1.471,-24.544,19.689
28P.txt,2.867,-23.029,23.282
34P.txt,7.943,-4.237,20.724
35P.txt,7.205,-5.596,25.548
36P.txt,11.124,-8.205,24.774
37P.txt,13.672,-4.452,21.149
38P.txt,14.091,-10.807,21.039
40P.txt,8.389,-13.19,23.157
47P.txt,-9.889,-19.812,14.416
48P.txt,-9.568,-14.686,14.004
50P.txt,-2.056,-12.336,13.712
51P.txt,0.963,-12.438,9.609
55P.txt,4.404,-22.979,15.121
