11P.txt,-24.471,-0.344,26.404
12P.txt,-23.109,4.066,23.636
13P.txt,-19.184,4.71,27.197
16P.txt,-17.155,4.939,22.078
17P.txt,-14.134,3.999,26.358
18P.txt,-13.937,-0.801,21.269
20P.txt,-10.295,5.682,21.202
21P.txt,-8.349,-0.476,20.72
24P.txt,-5.657,3.904,19.463
25P.txt,-5.053,-0.045,15.878
30P.txt,5.998,7.165,8.985
31P.txt,6.51,9.201,5.057
34P.txt,9.859,3.21,-1.928
55P.txt,-17.19,-1.473,11.9
57P.txt,-21.19,4.261,11.091
59P.txt,-21.26,-0.35,16.54
60P.txt,-22.779,3.833,16.972
61P.txt,-26.605,2.562,14.33
62P.txt,-26.985,-0.751,17.247
63P.txt,-25.989,1.237,20.82
64P.txt,-31.398,4.009,17.549
