111P.txt,17.047,31.404,4.902
128P.txt,10.735,12.06,-20.972
138P.txt,15.905,13.632,-27.214
139P.txt,17.635,11.41,-23.213
140P.txt,19.702,7.916,-23.672
143P.txt,24.306,10.481,-20.411
144P.txt,27.065,13.642,-24.144
146P.txt,23.778,14.547,-17.406
147P.txt,28.62,13.709,-18.892
149P.txt,24.893,20.219,-18.366
150P.txt,27.936,16.319,-14.051
153P.txt,27.759,20.259,-9.124
154P.txt,32.416,18.364,-10.487
156P.txt,30.756,25.675,-9.288
158P.txt,36.552,22.731,-7.608
30P.txt,7.669,27.273,24.253
46P.txt,20.366,18.678,26.294
47P.txt,17.358,15.447,23.438
48P.txt,18.102,19.149,21.551
49P.txt,23.268,17.279,22.684
52P.txt,21.769,19.354,16.384
53P.txt,24.432,23.869,16.717
55P.txt,25.129,19.227,11.883
60P.txt,24.606,18.429,6.354
71P.txt,11.223,14.987,15.374
76P.txt,7.011,15.582,18.995
