103P.txt,14.658,-26.34,-40.263
121P.txt,14.024,-31.032,-10.374
191P.txt,12.762,-48.771,-10.811
192P.txt,16.489,-46.361,-8.956
193P.txt,16.846,-45.078,-13.009
196P.txt,23.351,-39.686,-11.042
197P.txt,21.024,-37.235,-13.419
231P.txt,19.071,-30.876,-37.514
232P.txt,21.636,-35.333,-38.281
252P.txt,-16.611,-25.49,-46.698
253P.txt,-15.18,-22.988,-44.176
255P.txt,-18.366,-29.533,-44.702
293P.txt,-5.123,-52.487,-14.11
311P.txt,-15.628,-49.107,-40.904
315P.txt,-20.094,-48.735,-44.212
319P.txt,-23.922,-46.166,-41.146
32P.txt,15.142,-44.007,-49.488
337P.txt,-25.452,-49.251,-13.436
347P.txt,-18.261,-52.604,-10.219
348P.txt,-12.719,-51.586,-11.162
349P.txt,-15.172,-54.454,-13.425
350P.txt,-17.913,-52.671,-14.785
36P.txt,14.331,-40.804,-44.732
384P.txt,-12.185,-28.554,-56.343
39P.txt,8.243,-45.129,-40.24
451P.txt,-29.923,-35.483,-33.218
454P.txt,-31.39,-38.714,-38.56
455P.txt,-29.513,-33.489,-39.466
456P.txt,-26.206,-33.767,-41.18
457P.txt,-29.296,-38.788,-43.119
94P.txt,-0.244,-21.888,-40.246
98P.txt,7.5,-20.774,-41.829
99P.txt,10.391,-22.208,-39.259
