296P.txt,-16.129,-12.607,-30.136
297P.txt,-14.595,-10.92,-27.607
298P.txt,-12.689,-12.562,-23.229
299P.txt,-15.325,-8.958,-22.187
300P.txt,-13.126,-9.171,-16.996
301P.txt,-16.373,-10.029,-13.933
316P.txt,-45.501,-4.079,-15.664
317P.txt,-43.256,-7.382,-15.165
332P.txt,-14.657,-3.86,-21.626
334P.txt,-18.771,-9.835,-17.427
337P.txt,-26.984,-9.311,-10.233
338P.txt,-26.198,-10.702,-6.536
350P.txt,-35.402,-15.249,-11.736
351P.txt,-30.386,-11.327,-14.083
352P.txt,-34.335,-10.658,-16.562
355P.txt,-24.392,-10.48,-20.452
392P.txt,-40.29,-6.055,1.111
394P.txt,-45.598,-6.639,-0.465
395P.txt,-46.0,-11.866,-1.157
396P.txt,-46.39,-14.858,-3.392
397P.txt,-46.29,-16.671,-6.48
398P.txt,-49.884,-15.608,-8.638
399P.txt,-50.384,-20.305,-8.502
