288P.txt,26.582,49.229,69.883
289P.txt,30.046,51.113,71.082
290P.txt,31.498,52.592,74.803
308P.txt,28.566,63.156,79.976
309P.txt,27.449,58.796,80.088
371P.txt,17.113,30.364,67.425
372P.txt,22.466,28.845,66.761
374P.txt,23.652,23.514,63.283
375P.txt,24.666,22.094,57.419
376P.txt,25.944,18.271,58.813
408P.txt,38.471,20.573,61.389
409P.txt,39.778,24.146,59.22
428P.txt,42.895,46.411,52.654
429P.txt,40.799,50.785,51.084
436P.txt,37.254,39.779,69.546
452P.txt,34.15,41.162,78.961
469P.txt,35.46,40.577,44.286
481P.txt,43.93,22.868,62.578
492P.txt,33.846,48.231,61.26
512P.txt,37.473,19.901,56.643
513P.txt,33.849,16.381,59.517
514P.txt,35.598,13.754,61.501
515P.txt,34.28,12.004,58.483
516P.txt,37.749,14.968,55.601
517P.txt,33.167,16.014,54.701
518P.txt,35.491,22.273,53.21
519P.txt,30.006,19.765,55.15
549P.txt,33.786,22.561,43.658
550P.txt,37.313,21.594,45.211
551P.txt,38.244,20.177,48.851
553P.txt,39.22,25.453,48.122
557P.txt,29.842,34.157,44.449
