106P.txt,21.714,20.285,16.455
10P.txt,21.764,15.001,10.59
11P.txt,27.05,11.627,10.448
76P.txt,7.882,27.951,-3.433
89P.txt,22.251,38.12,-0.398
77P.txt,10.294,30.067,-5.648
74P.txt,3.518,23.014,-0.329
70P.txt,15.077,16.575,7.801
58P.txt,24.282,20.288,-9.698
59P.txt,25.865,20.84,-6.373
65P.txt,16.576,15.629,-3.988
73P.txt,5.888,21.523,5.085
9P.txt,20.124,11.864,7.706
72P.txt,7.762,18.047,4.356
43P.txt,14.889,26.737,11.27
80P.txt,9.992,33.568,1.176
42P.txt,14.651,23.455,13.065
55P.txt,19.45,28.476,-10.85
45P.txt,12.312,25.181,6.447
78P.txt,9.803,33.497,-3.794
108P.txt,27.704,18.89,19.579
22P.txt,35.901,18.887,-0.716
32P.txt,24.527,32.474,-6.995
