29P.txt,18.675,16.906,49.918
15P.txt,11.168,22.317,51.311
14P.txt,9.48,18.916,49.785
28P.txt,18.65,16.493,53.742
16P.txt,11.29,20.056,54.358
17P.txt,14.827,18.441,52.23
12P.txt,3.107,21.258,53.164
104P.txt,12.166,28.28,34.9
11P.txt,5.879,24.534,50.113
77P.txt,17.671,2.402,50.726
48P.txt,22.879,10.942,45.662
72P.txt,10.771,2.211,50.999
80P.txt,13.628,10.113,50.689
81P.txt,12.559,9.892,55.35
42P.txt,23.771,11.99,38.642
68P.txt,6.622,10.786,44.602
83P.txt,5.719,7.731,52.653
82P.txt,7.817,11.138,51.593
79P.txt,19.384,8.952,52.54
78P.txt,16.251,5.544,50.227
34P.txt,17.335,19.264,36.109
33P.txt,17.445,23.073,38.26
27P.txt,18.417,21.195,52.107
31P.txt,19.082,20.912,43.813
