114P.txt,10.565,-16.02,79.801
200P.txt,16.02,-0.442,69.152
216P.txt,16.117,-32.379,86.141
202P.txt,11.137,0.031,73.829
438P.txt,16.201,-0.288,92.317
439P.txt,11.679,-1.348,93.876
213P.txt,13.626,-23.746,88.551
198P.txt,21.425,-0.315,65.921
195P.txt,26.834,1.969,58.408
397P.txt,58.112,-18.07,97.924
432P.txt,24.23,-2.596,75.578
396P.txt,53.454,-22.819,97.677
196P.txt,26.48,0.163,61.647
343P.txt,46.713,-23.767,100.159
419P.txt,28.359,0.321,91.084
395P.txt,49.435,-19.355,98.052
420P.txt,23.136,-2.141,91.445
434P.txt,18.156,0.157,80.3
421P.txt,25.593,-1.492,86.833
437P.txt,15.523,1.518,88.767
423P.txt,23.254,0.297,81.491
422P.txt,20.914,0.429,85.891
436P.txt,14.926,-0.486,86.163
120P.txt,16.272,-0.86,76.264
122P.txt,21.032,-1.723,71.998
127P.txt,24.345,-5.372,56.635
126P.txt,26.763,-4.451,60.395
124P.txt,24.603,-5.346,67.01
440P.txt,13.836,-2.937,97.224
441P.txt,15.869,-1.715,100.11
125P.txt,22.573,-4.863,62.302
119P.txt,13.553,-0.965,79.285
