937P.txt,16.77,20.172,7.86
981P.txt,24.195,20.221,30.391
983P.txt,26.934,19.514,36.502
940P.txt,9.712,23.098,9.27
1022P.txt,30.533,12.003,31.27
978P.txt,25.495,19.04,24.764
979P.txt,22.005,22.524,24.166
1023P.txt,32.33,15.601,34.31
1009P.txt,26.6,8.612,14.736
1021P.txt,33.511,7.939,33.806
1020P.txt,31.582,7.687,29.592
977P.txt,24.875,19.347,20.195
976P.txt,25.5,15.582,18.406
1004P.txt,21.873,15.552,8.091
1006P.txt,23.77,11.348,10.872
974P.txt,25.412,17.512,11.091
975P.txt,26.999,17.291,14.729
1013P.txt,27.245,12.032,21.673
1003P.txt,20.879,18.694,8.829
1017P.txt,26.596,13.127,28.075
1016P.txt,29.653,8.221,23.603
1001P.txt,22.754,22.425,14.886
1066P.txt,4.747,10.255,6.994
1067P.txt,9.634,12.389,5.899
939P.txt,9.957,18.289,8.621
938P.txt,13.439,17.621,7.737
