29P.txt,27.517,-15.165,78.325
163P.txt,8.243,-1.656,71.347
216P.txt,10.032,-21.134,64.668
75P.txt,20.212,-24.018,64.609
160P.txt,1.945,-7.356,78.238
148P.txt,17.827,-2.253,76.118
71P.txt,29.821,-18.406,69.834
212P.txt,8.331,-14.48,66.955
199P.txt,15.654,-16.685,90.398
98P.txt,32.5,-18.735,76.4
99P.txt,36.628,-19.802,74.906
198P.txt,11.986,-14.699,89.114
72P.txt,29.663,-16.408,66.024
195P.txt,20.872,-11.909,87.926
156P.txt,9.106,-6.736,90.53
157P.txt,6.205,-7.855,85.494
182P.txt,-5.642,-10.935,83.411
169P.txt,15.918,-13.74,65.862
168P.txt,17.971,-9.463,68.575
96P.txt,30.437,-22.29,78.795
69P.txt,29.003,-20.854,63.506
50P.txt,9.875,-39.152,80.534
2P.txt,10.106,-34.65,62.011
153P.txt,12.21,-9.065,83.32
152P.txt,17.712,-3.698,82.052
34P.txt,21.157,-19.697,72.773
32P.txt,26.21,-17.368,71.131
30P.txt,28.955,-13.566,75.509
