28P.txt,-16.044,-12.287,1.433
116P.txt,-33.904,17.176,-1.866
106P.txt,-29.932,8.901,7.93
112P.txt,-38.572,10.89,0.06
107P.txt,-30.464,8.291,11.456
38P.txt,-10.721,2.287,-3.617
39P.txt,-13.645,-0.886,-4.676
188P.txt,22.165,-0.195,13.547
203P.txt,27.616,7.022,17.879
213P.txt,27.599,-2.003,27.252
206P.txt,30.34,2.032,19.171
212P.txt,23.427,-5.284,28.115
97P.txt,-35.579,19.837,7.717
140P.txt,-9.765,5.655,11.925
41P.txt,-15.644,4.946,-3.772
45P.txt,-20.297,7.157,-8.05
86P.txt,-28.996,27.1,11.01
150P.txt,10.49,-1.451,13.687
151P.txt,10.995,1.524,10.289
145P.txt,-7.514,-4.504,10.848
185P.txt,16.412,-4.327,13.027
121P.txt,-30.92,26.67,-5.303
108P.txt,-32.965,11.632,11.291
120P.txt,-32.232,22.724,-3.435
35P.txt,-7.181,-3.202,-1.871
136P.txt,-12.474,9.64,7.426
123P.txt,-26.983,22.274,-3.88
131P.txt,-18.993,8.932,0.401
119P.txt,-32.511,18.276,-5.828
