121P.txt,34.648,13.037,-0.907
147P.txt,37.532,14.524,-9.241
148P.txt,39.673,12.586,-5.678
151P.txt,45.87,12.307,-6.253
228P.txt,25.521,11.868,-2.806
229P.txt,24.057,14.573,0.317
230P.txt,22.415,14.586,5.152
238P.txt,20.23,17.639,-0.694
239P.txt,19.268,19.086,3.758
251P.txt,3.97,38.502,7.514
262P.txt,22.168,16.959,12.33
280P.txt,24.319,25.706,14.49
282P.txt,24.044,19.906,15.494
570P.txt,15.818,44.432,5.079
573P.txt,16.333,37.964,1.28
574P.txt,16.774,34.275,1.168
575P.txt,14.781,33.277,3.894
576P.txt,14.81,28.477,3.646
580P.txt,13.844,24.015,-0.272
582P.txt,14.758,30.507,-1.025
584P.txt,14.433,36.081,-2.606
601P.txt,16.26,32.517,-8.629
602P.txt,19.221,34.724,-8.548
603P.txt,15.27,38.31,-6.495
604P.txt,12.976,41.425,-6.488
605P.txt,13.222,45.308,-7.683
612P.txt,13.749,39.93,-12.319
613P.txt,15.879,41.958,-14.808
614P.txt,17.546,38.624,-17.727
85P.txt,35.937,11.616,3.548
86P.txt,34.414,13.811,6.002
87P.txt,39.189,13.462,7.768
88P.txt,41.293,13.488,3.176
91P.txt,48.29,13.738,1.541
92P.txt,44.15,13.052,-0.359
