302P.txt,69.018,15.263,1.38
303P.txt,67.093,12.614,1.996
317P.txt,44.85,16.795,-17.336
249P.txt,54.852,22.103,-25.027
301P.txt,71.811,12.493,1.446
315P.txt,44.135,7.852,-17.378
300P.txt,72.448,9.927,5.562
298P.txt,66.978,12.974,7.967
267P.txt,40.908,9.577,19.433
201P.txt,56.258,3.202,-30.159
175P.txt,47.599,6.754,-51.142
207P.txt,47.184,-2.598,-47.043
210P.txt,45.804,-0.16,-51.097
173P.txt,46.921,6.34,-46.563
234P.txt,61.513,-4.597,-67.071
208P.txt,51.156,-4.931,-51.463
181P.txt,54.245,-6.17,-66.992
180P.txt,53.131,-2.801,-64.335
209P.txt,46.572,-3.847,-53.538
182P.txt,55.968,-7.174,-63.81
343P.txt,59.198,14.052,-19.677
150P.txt,57.873,-0.513,-66.34
346P.txt,58.158,17.348,-9.43
344P.txt,59.002,18.111,-17.583
152P.txt,52.803,3.034,-64.974
282P.txt,50.519,10.241,-17.738
251P.txt,54.017,22.608,-19.275
250P.txt,55.236,19.743,-22.117
252P.txt,57.073,21.459,-13.652
