120P.txt,-16.916,40.796,-24.495
121P.txt,-17.235,36.256,-27.445
122P.txt,-19.783,34.585,-25.266
133P.txt,-32.365,47.942,-21.617
134P.txt,-31.417,44.271,-24.843
167P.txt,-33.846,41.518,-22.139
184P.txt,-5.036,48.588,-19.815
109.txt,-24.579,38.812,-4.069
111.txt,-18.957,39.565,-5.806
112.txt,-15.243,41.978,-5.592
113.txt,-14.036,36.595,-8.058
114.txt,-10.771,34.721,-10.219
115.txt,-14.748,33.79,-12.044
116.txt,-15.138,35.513,-16.051
117.txt,-19.211,35.127,-15.585
119.txt,-16.691,37.349,-21.807
122.txt,-19.783,34.585,-25.266
169.txt,-29.98,34.367,-22.125
170.txt,-32.784,31.864,-18.323
171.txt,-27.641,31.761,-16.216
210.txt,-1.97,41.963,-10.443
211.txt,-5.145,38.737,-8.661
212.txt,-8.154,38.542,-12.667
216.txt,-19.198,39.37,-10.226
218.txt,-25.458,37.986,-8.667
219.txt,-29.745,38.647,-7.737
220.txt,-29.787,38.412,-2.98
98.txt,-19.692,38.699,2.477
