14P.txt,1.736,16.937,38.956
16P.txt,0.673,21.422,31.902
13P.txt,1.286,21.352,36.682
38P.txt,11.068,7.528,30.808
76P.txt,19.077,18.143,18.089
63P.txt,15.081,15.582,35.201
49P.txt,4.569,31.545,20.644
61P.txt,9.785,12.953,38.415
58P.txt,0.133,9.629,36.111
59P.txt,2.523,12.322,37.923
5P.txt,16.028,28.394,25.005
80P.txt,18.854,16.542,32.078
55P.txt,-1.312,17.449,29.093
3P.txt,21.959,27.897,19.423
87P.txt,11.162,28.054,38.401
84P.txt,12.825,17.235,39.819
47P.txt,1.382,26.665,20.222
37P.txt,12.648,7.634,34.047
36P.txt,15.914,10.66,34.526
26P.txt,14.717,27.632,12.882
27P.txt,10.999,27.275,13.482
25P.txt,17.04,30.682,12.932
