139P.txt,10.146,23.262,8.097
76P.txt,29.277,13.933,-6.04
88P.txt,13.109,11.686,-10.255
63P.txt,1.111,18.373,4.795
75P.txt,32.87,17.102,-7.325
74P.txt,30.743,19.317,-9.95
64P.txt,2.764,15.005,7.218
71P.txt,25.617,16.383,-1.817
67P.txt,13.377,14.764,3.319
98P.txt,3.396,13.068,-11.371
99P.txt,5.387,14.615,-14.82
66P.txt,10.845,14.637,7.723
94P.txt,3.13,7.253,-7.891
95P.txt,0.541,10.856,-5.514
54P.txt,24.419,19.588,3.84
51P.txt,33.449,19.808,-2.696
78P.txt,28.425,14.309,-15.66
135P.txt,3.445,27.992,0.891
134P.txt,1.669,23.405,-3.484
136P.txt,3.371,23.802,2.723
137P.txt,5.12,24.625,7.45
132P.txt,1.569,25.034,-10.622
