1023.txt,32.33,15.601,34.31
1024.txt,27.151,14.742,36.36
1026.txt,23.296,10.217,38.625
962.txt,20.38,15.071,43.762
963.txt,18.336,12.444,45.449
966.txt,20.202,14.553,35.748
981.txt,24.195,20.221,30.391
982.txt,24.221,15.05,32.251
983.txt,26.934,19.514,36.502
984.txt,23.052,21.968,35.619
985.txt,21.738,24.371,39.048
986.txt,18.826,21.904,40.282
987.txt,16.042,26.288,39.651
989.txt,14.093,28.301,35.445
990.txt,19.118,27.389,35.056
993.txt,16.842,28.947,30.215
994.txt,19.545,26.241,29.234
996.txt,14.006,28.818,25.845
997.txt,18.624,29.41,24.2
