140.txt,46.011,-6.949,25.893
141.txt,49.788,-4.485,25.541
142.txt,49.749,-1.868,28.483
143.txt,52.691,-4.847,31.748
144.txt,51.053,-3.046,35.005
200.txt,39.516,-1.346,35.891
201.txt,44.155,-1.87,32.392
202.txt,39.712,-1.554,29.792
203.txt,43.183,-5.587,29.971
204.txt,40.482,-5.682,25.862
205.txt,41.641,-4.876,21.675
206.txt,43.255,-0.721,19.998
239.txt,50.805,0.424,22.855
241.txt,48.839,-0.627,14.715
242.txt,44.324,0.08,15.12
243.txt,41.878,-2.995,16.149
263.txt,57.184,-3.172,20.983
264.txt,54.098,-2.595,18.95
269.txt,55.702,0.027,8.455
