476.txt,83.432,63.819,48.551
477.txt,87.03,65.396,49.494
479.txt,90.786,71.486,48.838
484.txt,87.188,81.816,49.765
485.txt,88.536,83.704,56.024
496.txt,85.642,68.268,43.765
497.txt,82.102,66.123,44.422
499.txt,75.46,64.532,47.433
510.txt,75.888,65.241,40.665
512.txt,81.286,66.994,38.29
513.txt,75.951,66.606,36.313
514.txt,72.669,69.768,37.563
515.txt,72.512,72.137,33.252
534.txt,84.748,83.324,39.31
573.txt,78.616,78.889,36.085
574.txt,82.22,76.812,36.245
575.txt,83.744,73.497,35.16
576.txt,82.79,72.431,38.623
577.txt,79.178,73.194,38.331
578.txt,84.198,73.577,42.377
