107.txt,65.275,4.657,-39.345
108.txt,62.431,1.384,-39.267
109.txt,61.45,-3.092,-41.299
110.txt,56.836,0.315,-40.047
111.txt,57.192,-5.738,-39.426
112.txt,51.98,-6.027,-40.936
113.txt,48.093,-6.681,-40.619
114.txt,45.822,-7.542,-44.313
221.txt,44.018,-11.443,-41.473
222.txt,49.091,-11.72,-42.27
47.txt,54.342,-12.133,-38.802
51.txt,55.121,-14.912,-42.636
53.txt,59.016,-14.051,-38.769
54.txt,60.38,-14.198,-34.18
55.txt,58.713,-10.508,-34.695
84.txt,45.393,-2.705,-41.358
85.txt,45.665,1.239,-41.85
86.txt,50.53,2.546,-40.15
87.txt,52.576,-0.476,-39.077
90.txt,61.388,-4.316,-34.675
93.txt,64.552,-0.228,-34.135
