100.txt,24.083,-22.296,-24.398
101.txt,21.438,-16.889,-19.0
102.txt,17.755,-15.821,-23.728
103.txt,19.337,-11.388,-21.707
15.txt,17.518,-30.503,-20.465
16.txt,15.774,-27.086,-22.851
17.txt,17.382,-24.548,-25.724
18.txt,14.813,-21.98,-23.36
19.txt,16.085,-18.01,-28.269
20.txt,14.221,-13.537,-25.878
37.txt,11.587,-20.979,-29.846
39.txt,12.479,-26.845,-26.51
40.txt,11.83,-30.343,-25.236
41.txt,8.753,-31.312,-21.776
42.txt,6.811,-28.975,-25.59
43.txt,5.0,-28.7,-22.09
74.txt,1.891,-31.834,-29.425
76.txt,8.844,-29.558,-32.938
77.txt,9.911,-25.842,-32.806
99.txt,26.596,-21.248,-20.919
