150P.txt,-74.322,72.611,68.573
156P.txt,-91.634,79.591,58.258
157P.txt,-92.744,83.779,55.82
241P.txt,-97.461,85.593,51.599
243P.txt,-94.908,79.222,50.603
264P.txt,-89.357,85.517,62.177
266P.txt,-89.412,80.377,63.231
268P.txt,-84.69,73.771,65.247
271P.txt,-79.684,64.974,64.895
272P.txt,-78.202,65.345,69.688
273P.txt,-76.766,68.35,70.037
274P.txt,-82.822,68.494,73.566
277P.txt,-87.286,76.002,76.112
278P.txt,-82.566,79.763,78.268
279P.txt,-86.524,82.139,75.83
280P.txt,-86.623,83.717,72.864
281P.txt,-86.638,80.553,69.555
282P.txt,-87.812,83.27,67.997
289P.txt,-82.793,104.735,66.477
290P.txt,-81.23,103.068,61.342
291P.txt,-77.811,100.606,61.765
3P.txt,-77.22,108.863,46.708
303P.txt,-75.072,67.131,74.696
5P.txt,-75.141,109.884,40.867
81P.txt,-68.742,105.47,39.172
84P.txt,-65.583,104.853,44.139
87P.txt,-66.401,100.801,49.257
88P.txt,-68.382,104.957,50.617
89P.txt,-71.726,106.291,53.838
91P.txt,-70.579,99.447,54.268
139.txt,-84.372,98.584,53.978
140.txt,-81.908,94.685,53.174
142.txt,-77.05,95.221,58.061
143.txt,-76.118,91.577,60.0
144.txt,-76.2,87.143,58.564
163.txt,-82.32,88.119,48.361
165.txt,-77.168,83.682,46.779
180.txt,-75.856,86.302,41.395
181.txt,-80.034,88.063,43.087
256.txt,-76.677,82.212,50.728
258.txt,-79.313,88.063,51.796
287.txt,-84.787,99.99,61.371
290.txt,-81.23,103.068,61.342
291.txt,-77.811,100.606,61.765
292.txt,-80.239,97.001,60.945
