111P.txt,32.879,24.882,7.303
112P.txt,34.891,26.969,12.394
114P.txt,37.166,33.296,12.334
123P.txt,9.479,30.725,8.242
124P.txt,11.957,28.589,5.258
148P.txt,13.285,31.922,30.304
155P.txt,25.685,24.684,35.786
159P.txt,24.743,21.609,38.711
160P.txt,24.11,20.421,33.223
161P.txt,26.013,16.2,31.942
162P.txt,22.809,17.143,29.297
163P.txt,28.566,20.228,27.548
165P.txt,30.954,20.174,23.918
166P.txt,29.294,16.74,25.125
167P.txt,25.515,15.197,23.978
168P.txt,29.183,18.154,17.535
181P.txt,18.858,10.983,26.172
183P.txt,14.174,11.354,26.501
184P.txt,8.85,9.25,25.54
188P.txt,15.012,18.432,27.956
190P.txt,17.913,21.823,32.509
197P.txt,17.041,19.538,37.249
198P.txt,13.518,17.866,34.329
40P.txt,16.23,39.76,16.624
47P.txt,32.41,30.637,15.088
83P.txt,13.205,31.969,-1.375
85P.txt,15.318,29.595,2.824
156.txt,22.407,29.01,37.334
157.txt,19.623,27.07,38.659
159.txt,24.743,21.609,38.711
160.txt,24.11,20.421,33.223
161.txt,26.013,16.2,31.942
166.txt,29.294,16.74,25.125
181.txt,18.858,10.983,26.172
190.txt,17.913,21.823,32.509
194.txt,15.124,27.229,41.166
197.txt,17.041,19.538,37.249
198.txt,13.518,17.866,34.329
