163P.txt,119.502,141.934,84.426
165P.txt,117.146,145.895,88.927
20P.txt,113.218,115.896,165.257
210P.txt,127.218,143.392,99.575
214P.txt,127.595,132.707,91.904
274P.txt,100.952,122.655,124.789
276P.txt,95.365,124.531,130.431
278P.txt,99.678,129.461,135.907
29P.txt,132.462,124.556,155.524
30P.txt,132.817,122.044,159.784
32P.txt,131.148,115.188,155.734
347P.txt,106.415,120.26,169.614
348P.txt,105.883,124.511,172.721
374P.txt,112.102,130.948,163.251
38P.txt,113.599,121.096,158.87
384P.txt,123.176,135.315,149.509
386P.txt,118.971,136.61,141.747
395P.txt,124.1,129.631,123.952
405P.txt,136.813,127.55,115.922
406P.txt,131.179,128.276,116.468
409P.txt,133.158,128.547,121.847
412P.txt,134.693,125.435,127.413
413P.txt,130.355,129.05,127.1
416P.txt,132.392,127.137,132.038
417P.txt,126.19,129.274,132.937
419P.txt,131.069,123.455,136.229
420P.txt,131.802,128.564,137.432
421P.txt,125.835,129.62,138.974
423P.txt,132.387,126.049,143.711
424P.txt,128.698,129.038,142.985
427P.txt,131.053,127.421,148.697
431P.txt,129.318,129.094,153.39
434P.txt,128.756,125.769,159.383
435P.txt,126.97,130.549,158.6
62P.txt,101.518,120.856,115.304
78P.txt,98.322,126.799,111.043
131.txt,106.721,133.913,85.044
133.txt,103.33,133.163,91.313
134.txt,106.419,129.681,90.673
135.txt,105.963,126.077,91.377
136.txt,106.907,122.441,92.85
137.txt,104.792,118.73,91.778
145.txt,101.74,122.896,91.699
153.txt,110.377,128.682,91.516
155.txt,110.442,131.169,86.222
156.txt,111.739,131.01,80.847
186.txt,119.727,119.591,88.61
189.txt,117.762,121.071,80.364
190.txt,116.696,122.531,85.299
192.txt,119.408,126.854,80.179
193.txt,114.548,125.549,80.978
194.txt,113.845,126.966,85.246
226.txt,112.778,118.226,93.13
228.txt,116.773,120.946,92.731
98.txt,111.646,123.035,95.803
