100P.txt,30.078,-35.09,23.987
101P.txt,31.65,-34.862,19.652
102P.txt,31.621,-30.2,18.022
105P.txt,27.414,-26.546,19.91
110P.txt,24.035,-17.475,23.279
113P.txt,19.516,-20.207,25.53
116P.txt,17.252,-24.608,26.425
117P.txt,15.032,-19.07,28.362
120P.txt,13.639,-21.84,32.852
149P.txt,-0.173,-30.941,23.257
156P.txt,7.363,-32.882,15.749
161P.txt,5.761,-37.074,12.627
162P.txt,0.165,-38.734,14.462
22P.txt,-2.588,-42.446,30.766
27P.txt,-11.826,-36.309,29.004
3P.txt,28.143,-38.563,16.795
40P.txt,5.873,-25.374,18.908
48P.txt,13.931,-29.186,11.869
5P.txt,25.849,-45.087,13.948
57P.txt,20.133,-32.702,27.04
58P.txt,18.609,-28.796,28.771
61P.txt,17.723,-32.676,32.847
89P.txt,20.173,-40.783,31.994
93P.txt,23.214,-41.057,25.875
96P.txt,25.218,-35.757,25.947
99P.txt,26.156,-31.579,23.196
125.txt,2.387,-21.732,34.783
141.txt,-3.639,-36.373,34.559
144.txt,1.651,-37.22,32.764
145.txt,-1.243,-34.36,29.152
148.txt,2.466,-37.125,26.564
149.txt,-0.173,-30.941,23.257
152.txt,5.255,-34.455,21.272
153.txt,4.84,-29.882,20.663
19.txt,0.953,-43.081,27.974
22.txt,-2.588,-42.446,30.766
24.txt,-6.438,-39.979,36.758
25.txt,-8.647,-39.881,32.253
26.txt,-7.179,-34.452,30.625
27.txt,-11.826,-36.309,29.004
30.txt,-12.14,-32.146,32.371
33.txt,-8.403,-29.091,30.669
34.txt,-5.251,-24.742,33.748
35.txt,-2.819,-25.091,28.529
37.txt,1.805,-23.457,27.224
40.txt,5.873,-25.374,18.908
41.txt,7.554,-19.67,19.005
