10P.txt,7.09,-45.342,10.948
109P.txt,27.671,-6.645,42.71
11P.txt,5.594,-50.111,8.793
110P.txt,28.303,-2.051,46.3
111P.txt,32.479,-1.372,43.261
112P.txt,32.103,-0.612,48.424
113P.txt,37.81,3.644,47.064
114P.txt,39.347,0.76,52.053
115P.txt,40.373,5.662,51.863
12P.txt,0.696,-49.148,11.618
13P.txt,0.617,-53.85,11.064
14P.txt,-2.764,-57.013,11.695
15P.txt,-0.627,-56.006,15.292
16P.txt,0.81,-52.76,15.823
17P.txt,-2.328,-53.378,19.987
24P.txt,14.673,-39.854,19.45
5P.txt,17.832,-39.519,15.286
7P.txt,12.841,-41.432,11.006
84P.txt,-5.016,-50.165,17.035
85P.txt,-7.709,-46.482,17.163
88P.txt,-5.818,-46.449,11.539
89P.txt,-7.56,-42.494,11.689
9P.txt,9.046,-43.641,7.896
91P.txt,-2.281,-42.056,8.219
101.txt,11.966,-22.498,27.731
102.txt,14.647,-18.672,27.729
35.txt,13.763,-25.996,31.073
37.txt,5.797,-26.847,24.923
39.txt,3.742,-28.62,19.558
46.txt,-1.701,-28.765,17.937
49.txt,0.653,-30.449,24.021
51.txt,3.483,-27.011,29.54
53.txt,5.851,-25.636,33.405
54.txt,1.957,-26.244,33.646
56.txt,-0.773,-29.764,32.773
58.txt,-3.348,-31.035,25.845
59.txt,-5.28,-34.346,23.989
99.txt,11.059,-25.886,23.034
