100P.txt,57.123,-50.146,2.514
103P.txt,54.951,-61.521,4.78
329P.txt,27.575,-23.574,-27.371
328P.txt,30.163,-18.007,-27.35
388P.txt,35.095,-23.092,-15.043
48P.txt,27.311,-41.16,-0.847
70P.txt,29.561,-61.752,0.386
58P.txt,45.845,-47.491,11.443
367P.txt,40.361,-36.322,6.773
366P.txt,41.286,-39.811,7.091
158P.txt,47.548,-28.1,12.743
71P.txt,29.631,-57.455,2.574
172P.txt,49.238,-24.897,5.9
99P.txt,56.729,-45.971,1.067
167P.txt,38.576,-16.188,0.488
173P.txt,44.029,-23.69,4.9
66P.txt,33.454,-54.256,0.556
57P.txt,45.544,-50.36,8.867
341P.txt,32.847,-16.716,-11.318
68P.txt,30.875,-54.113,-3.732
141P.txt,46.551,-71.622,3.133
168P.txt,44.437,-13.464,2.444
69P.txt,28.413,-59.025,-3.519
385P.txt,31.132,-13.448,-14.163
384P.txt,33.93,-13.983,-17.803
386P.txt,32.462,-18.831,-17.658
325P.txt,24.355,-22.042,-20.364
330P.txt,31.108,-24.271,-26.347
324P.txt,22.898,-25.099,-21.352
326P.txt,27.644,-21.761,-23.274
327P.txt,26.714,-16.404,-25.434
290P.txt,31.562,-27.068,-2.235
