289P.txt,-3.749,8.613,-40.655
567P.txt,-59.716,14.567,-34.48
566P.txt,-57.801,15.155,-30.815
564P.txt,-59.042,21.694,-30.99
565P.txt,-61.132,17.446,-31.368
549P.txt,-68.461,9.934,-71.541
617P.txt,-56.891,37.97,-56.852
616P.txt,-54.308,37.996,-54.157
602P.txt,-53.353,34.065,-39.663
562P.txt,-62.278,25.494,-36.334
601P.txt,-54.91,30.834,-39.095
563P.txt,-62.722,22.098,-32.96
195P.txt,16.656,22.882,-78.932
194P.txt,14.959,18.745,-79.156
547P.txt,-65.797,5.75,-68.706
551P.txt,-68.016,18.824,-67.612
223P.txt,-3.1,23.938,-85.367
196P.txt,17.021,25.449,-81.215
197P.txt,21.084,25.881,-81.666
222P.txt,-4.898,20.166,-86.049
550P.txt,-69.056,14.266,-66.574
193P.txt,11.768,19.581,-75.054
192P.txt,15.738,15.82,-71.105
224P.txt,-6.396,24.381,-83.241
531P.txt,-58.344,29.762,-72.118
519P.txt,-59.592,10.628,-73.119
135P.txt,-4.035,0.664,-90.92
134P.txt,-0.894,-1.224,-95.72
532P.txt,-53.833,29.039,-73.295
136P.txt,0.313,5.327,-89.69
137P.txt,-0.705,2.291,-86.11
133P.txt,-6.231,1.576,-99.216
132P.txt,-1.732,-1.106,-100.603
520P.txt,-62.373,7.652,-70.434
131P.txt,-2.486,1.549,-103.462
