276P.txt,0.336,-93.816,-3.515
279P.txt,3.186,-85.058,-5.339
333P.txt,16.405,-84.208,-12.91
334P.txt,13.444,-84.931,-9.93
335P.txt,10.222,-83.27,-15.424
340P.txt,19.379,-86.247,-17.135
342P.txt,22.473,-89.998,-16.672
70P.txt,7.204,-90.406,-1.443
73P.txt,12.733,-94.746,-5.902
74P.txt,15.107,-92.615,-8.999
75P.txt,18.736,-92.796,-10.039
76P.txt,18.076,-97.282,-5.956
77P.txt,22.397,-96.813,-6.132
78P.txt,22.996,-91.756,-6.815
88P.txt,18.077,-95.451,10.567
272.txt,1.899,-95.667,1.044
276.txt,0.336,-93.816,-3.515
341.txt,22.127,-88.062,-13.479
342.txt,22.473,-89.998,-16.672
431.txt,27.81,-88.176,-6.498
68.txt,4.701,-93.307,6.991
71.txt,10.667,-92.476,-0.965
72.txt,13.73,-90.636,-4.538
73.txt,12.733,-94.746,-5.902
74.txt,15.107,-92.615,-8.999
75.txt,18.736,-92.796,-10.039
76.txt,18.076,-97.282,-5.956
77.txt,22.397,-96.813,-6.132
78.txt,22.996,-91.756,-6.815
79.txt,24.315,-91.696,-1.595
82.txt,19.129,-92.93,-1.605
85.txt,15.862,-91.153,1.106
86.txt,14.293,-92.436,4.759
90.txt,8.742,-94.661,7.296
