100P.txt,0.871,25.73,54.672
101P.txt,3.714,21.679,50.74
103P.txt,2.513,20.32,60.133
138P.txt,15.74,3.163,65.638
139P.txt,13.55,4.252,68.151
140P.txt,9.83,4.496,68.995
142P.txt,6.229,7.19,74.766
143P.txt,10.724,4.031,73.546
144P.txt,12.515,1.653,77.151
145P.txt,15.805,1.511,72.651
147P.txt,17.731,7.091,76.396
148P.txt,20.163,9.032,73.416
150P.txt,21.317,14.025,71.707
151P.txt,24.172,10.897,70.943
152P.txt,24.595,13.027,65.859
154P.txt,24.202,5.385,65.119
156P.txt,21.658,1.634,65.996
178P.txt,21.85,2.511,56.221
396P.txt,6.535,34.801,61.322
399P.txt,6.49,32.226,67.594
400P.txt,11.453,33.287,69.84
429P.txt,14.235,20.349,67.578
432P.txt,18.03,15.833,76.243
433P.txt,19.403,20.078,74.476
439P.txt,16.846,10.923,79.707
456P.txt,-1.394,35.686,55.778
457P.txt,1.589,36.055,59.3
458P.txt,-1.642,30.373,62.08
459P.txt,2.221,30.498,64.461
460P.txt,2.068,26.856,61.0
461P.txt,3.781,25.317,66.323
99P.txt,1.784,28.192,50.687
330.txt,26.128,38.052,65.921
331.txt,23.357,41.368,67.129
332.txt,22.056,42.188,62.584
333.txt,25.305,44.305,61.158
334.txt,25.137,48.249,58.885
342.txt,30.239,39.346,60.482
343.txt,32.743,37.922,62.823
344.txt,31.472,36.185,66.837
345.txt,29.725,33.296,66.911
367.txt,13.777,34.846,65.718
369.txt,21.097,35.724,68.545
370.txt,21.262,31.976,70.876
371.txt,18.818,29.563,70.274
373.txt,14.403,29.846,68.667
400.txt,11.453,33.287,69.84
401.txt,8.053,31.178,72.217
402.txt,8.018,27.927,69.775
403.txt,12.458,25.281,71.322
434.txt,17.23,23.624,74.948
