100P.txt,-7.513,23.612,29.652
101P.txt,-3.247,24.657,32.045
102P.txt,-4.766,28.784,31.164
103P.txt,-2.113,30.19,29.119
104P.txt,-4.378,28.216,26.226
106P.txt,-0.66,31.173,24.455
107P.txt,1.094,26.718,25.074
109P.txt,5.14,29.418,21.389
112P.txt,2.874,33.704,21.148
129P.txt,-15.948,20.682,7.322
20P.txt,-11.964,22.248,23.746
23P.txt,-9.015,28.514,21.14
59P.txt,6.308,18.647,26.291
6P.txt,-8.797,19.334,4.93
61P.txt,10.051,18.499,31.312
62P.txt,5.107,20.065,32.483
63P.txt,1.197,17.978,29.278
71P.txt,11.013,15.891,36.021
72P.txt,8.682,14.417,34.048
73P.txt,4.385,16.432,36.178
74P.txt,2.47,11.538,32.192
75P.txt,-0.187,15.575,33.261
77P.txt,-1.315,9.134,31.931
97P.txt,-5.717,17.566,29.252
100.txt,-7.513,23.612,29.652
101.txt,-3.247,24.657,32.045
102.txt,-4.766,28.784,31.164
103.txt,-2.113,30.19,29.119
15.txt,-11.295,13.469,17.566
16.txt,-13.665,18.166,19.369
19.txt,-15.049,26.198,18.921
20.txt,-11.964,22.248,23.746
21.txt,-11.333,25.746,27.154
63.txt,1.197,17.978,29.278
73.txt,4.385,16.432,36.178
75.txt,-0.187,15.575,33.261
89.txt,-7.34,10.104,19.645
93.txt,-7.546,13.423,24.211
96.txt,-9.038,18.432,24.69
97.txt,-5.717,17.566,29.252
98.txt,-2.326,21.396,26.929
