110P.txt,-4.169,13.564,13.253
112P.txt,-3.657,17.125,18.958
113P.txt,-7.23,14.814,22.684
114P.txt,-6.175,19.935,23.189
115P.txt,-6.387,20.135,29.164
116P.txt,-3.632,22.645,27.567
117P.txt,-3.78,26.396,28.251
119P.txt,-6.172,26.296,23.075
120P.txt,-5.129,29.819,20.544
121P.txt,-3.872,28.914,16.716
122P.txt,-8.019,23.635,18.565
123P.txt,-11.041,25.482,15.969
126P.txt,-9.541,20.403,14.986
35P.txt,6.182,19.081,19.757
6P.txt,-2.984,39.862,22.028
7P.txt,-0.166,35.4,20.912
78P.txt,-2.513,30.935,26.711
79P.txt,0.973,28.723,28.612
80P.txt,2.677,25.354,29.835
81P.txt,6.006,29.897,27.215
82P.txt,8.366,24.166,28.563
83P.txt,7.835,19.813,27.573
84P.txt,7.676,16.095,30.456
85P.txt,10.233,15.009,27.836
89P.txt,5.473,24.079,23.714
105.txt,-4.335,21.593,3.62
106.txt,-0.196,18.701,2.763
120.txt,-5.129,29.819,20.544
121.txt,-3.872,28.914,16.716
124.txt,-6.576,27.438,11.597
127.txt,-11.112,25.007,10.085
135.txt,-8.431,17.303,-0.265
57.txt,6.931,11.444,3.883
60.txt,10.797,16.291,4.69
61.txt,6.52,19.555,4.597
64.txt,11.189,22.266,2.406
68.txt,14.336,26.62,2.128
70.txt,13.785,34.773,4.169
9.txt,5.084,36.248,15.668
95.txt,8.893,32.994,5.44
96.txt,4.605,33.282,7.717
97.txt,4.351,30.201,5.446
98.txt,1.68,27.923,10.906
