159P.txt,12.033,-0.951,56.933
160P.txt,14.292,-4.761,58.329
161P.txt,16.217,-4.414,53.647
162P.txt,20.095,-4.941,52.214
163P.txt,16.357,-3.778,49.218
177P.txt,12.562,-9.269,48.875
224P.txt,3.72,2.872,30.435
256P.txt,2.994,3.897,54.42
257P.txt,3.085,-1.443,54.361
258P.txt,4.48,0.521,58.444
259P.txt,1.928,-2.358,60.426
260P.txt,1.449,-3.134,63.72
261P.txt,1.393,-6.624,61.799
262P.txt,4.294,-7.53,59.589
263P.txt,5.969,-4.756,61.02
274P.txt,8.018,-5.234,51.167
311P.txt,8.976,34.048,59.393
316P.txt,-3.132,41.331,59.183
319P.txt,1.618,44.062,58.594
353P.txt,-4.472,0.585,61.144
354P.txt,-6.745,-2.547,60.171
355P.txt,-4.714,-6.451,61.79
356P.txt,-4.433,-9.629,59.86
357P.txt,-2.247,-6.764,54.676
358P.txt,-6.594,-7.215,53.769
359P.txt,-6.78,-8.089,49.269
360P.txt,-10.772,-2.819,51.389
362P.txt,-3.259,-5.04,49.758
365P.txt,-1.749,0.575,51.473
367P.txt,-0.35,-2.399,47.14
421P.txt,12.722,40.684,56.578
186.txt,10.638,-3.79,29.571
187.txt,11.619,-5.607,24.681
188.txt,11.473,-2.119,24.542
189.txt,14.392,-0.993,28.851
190.txt,10.604,1.827,28.53
194.txt,18.299,8.4,30.066
196.txt,19.608,12.05,26.331
197.txt,17.583,7.101,26.443
199.txt,14.492,15.003,25.477
200.txt,15.841,9.312,20.234
201.txt,10.891,6.798,22.841
202.txt,8.866,10.373,23.739
203.txt,12.47,11.701,17.471
204.txt,8.555,11.946,16.128
205.txt,5.766,14.249,20.439
208.txt,6.843,15.367,24.758
222.txt,2.034,7.521,31.337
223.txt,2.917,6.675,27.881
224.txt,3.72,2.872,30.435
225.txt,-0.581,0.523,29.205
235.txt,-1.352,7.405,34.17
