149P.txt,-74.602,77.028,69.548
150P.txt,-74.322,72.611,68.573
151P.txt,-78.302,75.425,65.871
152P.txt,-80.644,75.821,62.576
24P.txt,-66.14,92.579,18.012
266P.txt,-89.412,80.377,63.231
268P.txt,-84.69,73.771,65.247
269P.txt,-81.826,72.042,67.897
270P.txt,-79.256,69.769,65.695
271P.txt,-79.684,64.974,64.895
272P.txt,-78.202,65.345,69.688
273P.txt,-76.766,68.35,70.037
274P.txt,-82.822,68.494,73.566
275P.txt,-83.436,72.587,74.296
276P.txt,-83.59,73.925,77.99
277P.txt,-87.286,76.002,76.112
278P.txt,-82.566,79.763,78.268
279P.txt,-86.524,82.139,75.83
280P.txt,-86.623,83.717,72.864
281P.txt,-86.638,80.553,69.555
282P.txt,-87.812,83.27,67.997
29P.txt,-62.535,84.762,22.586
296P.txt,-80.3,87.442,70.677
298P.txt,-82.365,83.905,74.743
300P.txt,-78.448,77.059,74.452
302P.txt,-76.489,70.413,75.175
303P.txt,-75.072,67.131,74.696
81P.txt,-68.742,105.47,39.172
84P.txt,-65.583,104.853,44.139
88P.txt,-68.382,104.957,50.617
139.txt,-84.372,98.584,53.978
140.txt,-81.908,94.685,53.174
142.txt,-77.05,95.221,58.061
143.txt,-76.118,91.577,60.0
144.txt,-76.2,87.143,58.564
163.txt,-82.32,88.119,48.361
165.txt,-77.168,83.682,46.779
180.txt,-75.856,86.302,41.395
181.txt,-80.034,88.063,43.087
256.txt,-76.677,82.212,50.728
258.txt,-79.313,88.063,51.796
287.txt,-84.787,99.99,61.371
290.txt,-81.23,103.068,61.342
291.txt,-77.811,100.606,61.765
292.txt,-80.239,97.001,60.945
