11P.txt,49.655,18.164,71.739
117P.txt,25.824,11.366,74.633
118P.txt,24.944,16.53,76.17
120P.txt,29.358,12.761,79.122
125P.txt,44.092,10.933,82.535
127P.txt,48.114,9.541,84.102
128P.txt,51.726,8.66,81.231
129P.txt,50.136,4.928,78.981
130P.txt,45.648,5.702,81.051
131P.txt,42.665,5.383,78.536
133P.txt,38.043,9.353,79.235
136P.txt,31.315,14.309,82.675
142P.txt,39.877,14.165,84.479
148P.txt,44.599,21.632,66.331
20P.txt,46.746,3.589,68.752
21P.txt,45.753,1.154,72.776
22P.txt,45.297,-0.928,70.044
23P.txt,42.639,-1.971,67.878
24P.txt,39.102,-1.058,67.591
25P.txt,41.796,2.121,73.413
27P.txt,47.728,5.317,74.9
29P.txt,51.943,9.493,75.945
72P.txt,28.242,4.639,72.293
78P.txt,28.22,7.622,78.156
80P.txt,35.228,7.122,73.347
81P.txt,33.425,3.492,70.083
115.txt,26.473,15.756,70.102
116.txt,24.331,11.644,70.946
117.txt,25.824,11.366,74.633
118.txt,24.944,16.53,76.17
72.txt,28.242,4.639,72.293
73.txt,25.122,3.998,75.464
74.txt,29.772,-0.021,76.589
75.txt,27.312,-1.227,80.909
81.txt,33.425,3.492,70.083
83.txt,32.676,2.871,64.72
84.txt,34.473,0.429,61.795
86.txt,32.0,1.372,54.085
89.txt,30.097,5.317,52.226
90.txt,31.797,7.024,56.074
92.txt,29.185,11.077,55.438
94.txt,24.411,14.294,55.943
96.txt,26.044,8.999,61.276
97.txt,24.29,12.76,66.368
98.txt,27.462,7.048,65.806
