299P.txt,54.404,-15.678,-16.714
300P.txt,54.595,-18.976,-18.991
307P.txt,46.152,-14.838,-9.719
308P.txt,52.293,-12.884,-12.96
331P.txt,41.736,7.643,12.651
332P.txt,40.65,6.054,16.577
340P.txt,54.456,10.102,23.407
341P.txt,54.71,5.08,23.109
343P.txt,54.387,-0.019,27.326
345P.txt,58.329,-4.901,28.096
347P.txt,56.396,-9.887,26.046
348P.txt,52.283,-10.759,27.478
389P.txt,39.213,-19.27,-7.429
395P.txt,49.305,-19.589,-19.751
406P.txt,44.691,-15.597,-32.267
409P.txt,43.288,-11.832,-28.653
410P.txt,46.433,-14.599,-25.729
412P.txt,45.019,-7.081,-24.807
413P.txt,43.586,-12.135,-22.18
414P.txt,47.074,-13.232,-20.177
416P.txt,44.632,-7.492,-18.588
417P.txt,42.769,-10.763,-16.744
418P.txt,48.884,-8.533,-15.245
419P.txt,47.038,-4.693,-15.561
420P.txt,43.091,-6.21,-12.961
421P.txt,43.834,-10.139,-10.181
423P.txt,45.087,-0.696,-9.443
424P.txt,42.98,-4.791,-7.579
427P.txt,45.04,-0.476,-4.038
428P.txt,43.632,-5.004,-0.992
431P.txt,42.774,-0.171,1.109
435P.txt,40.443,-0.141,8.068
439P.txt,41.674,-2.909,14.709
461P.txt,43.179,11.909,32.811
467P.txt,44.728,6.734,34.692
471P.txt,42.875,5.214,45.926
130.txt,58.686,-50.601,-52.806
132.txt,62.674,-49.934,-48.585
133.txt,62.236,-46.103,-48.444
134.txt,64.629,-43.512,-48.103
135.txt,66.682,-40.407,-47.006
136.txt,71.872,-40.683,-47.478
139.txt,70.441,-40.688,-41.284
142.txt,74.682,-42.794,-43.212
143.txt,73.012,-45.873,-44.078
144.txt,69.736,-44.511,-46.052
152.txt,59.135,-42.953,-49.538
154.txt,57.741,-46.793,-53.929
155.txt,58.243,-47.868,-58.734
157.txt,59.427,-52.707,-61.106
188.txt,61.651,-37.176,-63.557
189.txt,61.337,-37.028,-58.248
192.txt,61.69,-42.669,-60.749
193.txt,59.457,-42.456,-56.877
