417P.txt,-69.776,95.975,25.726
418P.txt,-71.138,100.69,25.542
419P.txt,-74.797,97.084,27.624
420P.txt,-78.869,99.252,28.635
422P.txt,-83.979,98.866,31.198
424P.txt,-82.032,100.608,34.621
425P.txt,-80.506,97.788,35.523
426P.txt,-76.526,100.567,33.909
427P.txt,-74.148,95.735,31.344
439P.txt,-65.038,99.002,40.96
440P.txt,-70.109,100.511,38.464
441P.txt,-66.765,104.749,41.671
442P.txt,-71.24,107.885,41.938
443P.txt,-71.492,111.439,42.231
454P.txt,-68.366,106.109,47.019
455P.txt,-70.158,103.167,45.688
456P.txt,-72.266,100.876,44.032
457P.txt,-73.141,97.47,43.796
458P.txt,-73.523,94.306,42.193
477P.txt,-74.332,95.276,36.918
479P.txt,-79.459,99.723,40.412
480P.txt,-80.025,103.513,38.569
481P.txt,-83.05,102.826,40.984
482P.txt,-81.074,106.021,42.662
483P.txt,-80.967,109.662,42.235
484P.txt,-79.267,112.795,42.274
485P.txt,-77.704,115.192,39.679
491P.txt,-67.405,101.975,34.679
492P.txt,-62.992,101.408,37.909
501P.txt,-63.304,103.642,32.016
502P.txt,-67.024,103.721,30.675
503P.txt,-67.575,107.15,31.805
504P.txt,-73.386,104.502,31.08
505P.txt,-75.929,110.086,31.379
506P.txt,-79.702,109.009,34.737
507P.txt,-82.149,111.629,34.096
508P.txt,-84.631,112.222,36.932
317.txt,-43.012,69.924,28.023
318.txt,-38.937,71.645,29.078
319.txt,-42.007,75.432,30.138
320.txt,-45.353,75.565,33.175
329.txt,-40.439,90.601,28.705
330.txt,-39.326,88.188,25.631
331.txt,-41.296,83.989,25.891
332.txt,-38.344,80.783,24.693
334.txt,-38.708,74.956,25.258
336.txt,-37.193,68.208,24.566
358.txt,-39.664,82.535,15.327
360.txt,-34.754,76.827,17.066
362.txt,-32.359,71.753,18.599
364.txt,-30.798,66.406,22.517
365.txt,-28.076,63.66,19.67
366.txt,-25.593,64.594,15.475
372.txt,-35.124,63.463,22.817
376.txt,-36.598,76.778,20.834
378.txt,-37.548,81.89,20.015
380.txt,-40.263,88.577,20.565
381.txt,-41.873,92.061,22.01
