10P.txt,19.072,44.544,87.227
11P.txt,21.521,48.414,86.19
12P.txt,20.55,47.669,82.608
13P.txt,24.165,45.99,81.606
15P.txt,24.583,53.987,81.542
156P.txt,16.619,30.989,52.611
17P.txt,28.753,46.7,80.321
21P.txt,33.513,49.037,79.051
22P.txt,32.838,46.323,82.281
224P.txt,21.414,40.046,48.188
23P.txt,35.374,44.024,83.14
24P.txt,32.911,39.987,86.475
27P.txt,28.362,42.12,87.158
28P.txt,28.645,41.729,92.636
30P.txt,22.925,43.802,91.296
33P.txt,21.521,33.781,88.726
34P.txt,25.94,32.931,89.084
345P.txt,9.824,45.442,24.65
348P.txt,8.527,47.398,19.97
35P.txt,26.091,30.375,85.933
37P.txt,27.094,36.169,85.636
38P.txt,29.393,33.069,84.645
390P.txt,9.707,45.752,30.245
391P.txt,8.699,47.801,33.944
392P.txt,15.68,48.252,35.064
393P.txt,18.477,46.875,32.366
394P.txt,16.532,43.784,29.002
40P.txt,27.44,38.448,80.324
41P.txt,33.006,37.325,81.68
475P.txt,27.794,51.624,29.916
477P.txt,22.837,50.067,30.929
483P.txt,24.362,40.447,31.815
525P.txt,18.083,45.764,21.524
528P.txt,20.983,49.334,21.725
530P.txt,22.41,53.502,19.051
8P.txt,12.521,46.774,84.237
9P.txt,17.016,49.617,85.689
317.txt,10.898,34.051,9.709
322.txt,7.354,36.059,5.489
323.txt,8.235,40.367,9.49
324.txt,13.118,38.216,10.022
358.txt,7.807,30.135,11.654
360.txt,13.154,29.436,7.813
366.txt,18.525,37.196,4.164
367.txt,16.596,35.531,0.707
368.txt,18.279,30.904,-1.289
369.txt,13.085,27.094,0.921
371.txt,14.12,23.915,-3.024
376.txt,9.773,24.866,8.059
