280P.txt,34.596,1.607,24.11
281P.txt,32.309,2.783,27.076
309P.txt,27.565,2.805,31.18
312P.txt,34.438,-2.932,26.934
313P.txt,37.574,-2.69,29.037
314P.txt,41.346,-3.274,30.027
315P.txt,42.884,-2.679,33.312
316P.txt,46.034,-0.275,32.875
317P.txt,47.828,-0.075,36.867
318P.txt,50.886,2.534,36.982
319P.txt,52.577,0.452,39.419
320P.txt,56.115,1.312,39.534
321P.txt,56.932,3.74,36.994
322P.txt,58.46,2.297,34.085
323P.txt,56.483,-0.951,35.639
324P.txt,52.805,-0.44,33.852
325P.txt,50.336,-3.012,35.483
326P.txt,47.7,-5.341,33.835
327P.txt,43.832,-6.199,34.826
328P.txt,42.626,-9.544,32.471
329P.txt,39.285,-11.232,32.651
330P.txt,39.19,-15.181,32.115
338P.txt,37.428,-5.699,33.622
339P.txt,34.103,-3.603,33.881
340P.txt,32.032,-0.331,32.424
341P.txt,31.352,1.314,36.242
342P.txt,29.642,4.248,37.132
343P.txt,33.14,7.262,38.102
371P.txt,31.244,9.38,34.411
372P.txt,32.114,6.329,32.38
373P.txt,34.693,3.536,33.718
374P.txt,37.455,1.047,33.506
375P.txt,36.517,-1.467,37.301
291.txt,3.379,10.739,34.256
296.txt,1.694,9.204,39.713
297.txt,4.473,7.497,44.138
299.txt,4.574,15.715,42.025
300.txt,8.901,15.796,41.891
301.txt,11.185,14.556,39.451
302.txt,8.379,13.3,36.349
349.txt,16.367,16.953,44.942
351.txt,8.168,15.724,46.352
353.txt,2.709,11.018,48.81
357.txt,-0.323,9.504,53.669
358.txt,3.173,11.371,55.699
359.txt,4.147,14.837,51.573
360.txt,8.439,12.944,52.517
361.txt,12.11,17.646,49.497
