1P.txt,73.48,53.645,78.764
10P.txt,64.935,50.944,67.256
107P.txt,74.556,46.875,70.697
163P.txt,86.361,51.933,69.156
168P.txt,84.031,53.211,77.594
169P.txt,86.885,54.291,79.923
170P.txt,89.256,57.616,78.178
171P.txt,83.759,58.754,76.219
172P.txt,81.814,56.738,80.481
173P.txt,77.22,57.895,77.787
174P.txt,79.345,59.308,74.544
177P.txt,76.859,57.949,69.94
178P.txt,82.621,56.666,68.857
180P.txt,77.558,53.89,64.512
181P.txt,80.986,57.074,63.674
2P.txt,67.345,52.082,78.53
3P.txt,67.493,56.471,76.083
30P.txt,55.197,37.211,48.038
31P.txt,54.248,39.877,51.713
4P.txt,71.874,55.524,73.718
5P.txt,71.485,50.888,74.37
71P.txt,56.181,43.515,59.969
75P.txt,54.533,46.08,54.733
76P.txt,57.268,51.512,53.442
78P.txt,56.201,44.241,48.878
79P.txt,52.992,47.309,49.252
80P.txt,58.593,52.917,48.102
1.txt,73.48,53.645,78.764
107.txt,74.556,46.875,70.697
110.txt,78.09,46.742,75.048
111.txt,76.255,42.992,75.673
113.txt,83.166,46.617,78.355
114.txt,79.183,44.118,80.508
115.txt,78.827,39.43,80.539
164.txt,82.348,50.118,73.849
168.txt,84.031,53.211,77.594
169.txt,86.885,54.291,79.923
172.txt,81.814,56.738,80.481
173.txt,77.22,57.895,77.787
176.txt,77.619,53.683,72.368
2.txt,67.345,52.082,78.53
5.txt,71.485,50.888,74.37
55.txt,71.029,35.623,77.846
57.txt,65.002,33.599,76.546
59.txt,66.682,40.255,75.054
6.txt,65.828,51.369,73.099
62.txt,60.455,38.503,75.855
9.txt,67.925,47.963,69.118
