11P.txt,49.655,18.164,71.739
117P.txt,25.824,11.366,74.633
118P.txt,24.944,16.53,76.17
120P.txt,29.358,12.761,79.122
125P.txt,44.092,10.933,82.535
127P.txt,48.114,9.541,84.102
128P.txt,51.726,8.66,81.231
129P.txt,50.136,4.928,78.981
130P.txt,45.648,5.702,81.051
131P.txt,42.665,5.383,78.536
133P.txt,38.043,9.353,79.235
136P.txt,31.315,14.309,82.675
142P.txt,39.877,14.165,84.479
148P.txt,44.599,21.632,66.331
20P.txt,46.746,3.589,68.752
21P.txt,45.753,1.154,72.776
22P.txt,45.297,-0.928,70.044
23P.txt,42.639,-1.971,67.878
24P.txt,39.102,-1.058,67.591
25P.txt,41.796,2.121,73.413
27P.txt,47.728,5.317,74.9
29P.txt,51.943,9.493,75.945
72P.txt,28.242,4.639,72.293
78P.txt,28.22,7.622,78.156
80P.txt,35.228,7.122,73.347
81P.txt,33.425,3.492,70.083
20.txt,46.746,3.589,68.752
21.txt,45.753,1.154,72.776
22.txt,45.297,-0.928,70.044
23.txt,42.639,-1.971,67.878
24.txt,39.102,-1.058,67.591
25.txt,41.796,2.121,73.413
27.txt,47.728,5.317,74.9
64.txt,44.916,7.591,55.028
65.txt,42.916,4.163,59.119
66.txt,37.975,2.372,58.089
67.txt,38.785,3.957,62.3
74.txt,29.772,-0.021,76.589
81.txt,33.425,3.492,70.083
82.txt,37.796,3.648,67.688
84.txt,34.473,0.429,61.795
85.txt,33.35,2.728,58.569
86.txt,32.0,1.372,54.085
87.txt,35.534,2.491,53.052
