188P.txt,-17.347,-2.362,-23.922
77P.txt,-15.314,-5.429,21.288
189P.txt,-15.763,-6.208,-22.732
160P.txt,-27.556,-16.613,-18.946
217P.txt,-17.563,1.985,-18.864
159P.txt,-24.723,-17.338,-20.747
172P.txt,-33.56,-8.189,13.677
205P.txt,-36.06,0.221,-2.639
208P.txt,-37.076,5.747,5.148
57P.txt,-5.016,-2.438,13.135
81P.txt,-16.366,3.752,22.634
194P.txt,-18.865,-9.88,-16.26
196P.txt,-23.76,-11.281,-20.657
141P.txt,-5.538,-14.813,2.0
82P.txt,-14.249,6.789,20.931
222P.txt,-3.079,-0.749,-13.38
187P.txt,-13.531,-2.367,-21.03
79P.txt,-19.34,-3.172,22.568
193P.txt,-18.299,-10.649,-20.048
145P.txt,-7.373,-14.754,-5.784
192P.txt,-21.044,-7.238,-23.846
219P.txt,-9.122,3.087,-18.662
225P.txt,-3.381,-5.5,-11.095
52P.txt,-13.608,0.223,25.032
190P.txt,-14.577,-6.341,-19.135
53P.txt,-11.54,0.983,22.368
135P.txt,-12.089,-13.757,-7.276
137P.txt,-5.704,-10.157,-7.228
