16P.txt,-13.548,-26.708,-4.135
17P.txt,-11.242,-24.868,-2.057
38P.txt,-4.542,-26.702,8.722
39P.txt,-4.427,-23.366,6.273
62P.txt,2.932,-36.914,22.599
61P.txt,5.97,-34.71,17.068
60P.txt,5.168,-28.35,21.019
64P.txt,1.42,-32.382,15.689
58P.txt,9.034,-35.733,22.791
59P.txt,3.831,-30.97,24.087
65P.txt,0.437,-37.669,15.928
72P.txt,-7.422,-38.106,9.32
195P.txt,-29.5,17.799,21.996
57P.txt,10.938,-31.314,21.209
43P.txt,1.046,-27.552,9.737
42P.txt,4.623,-25.786,9.479
56P.txt,9.944,-30.057,24.312
68P.txt,-1.921,-34.427,11.439
40P.txt,-0.339,-23.043,8.117
54P.txt,9.823,-24.237,29.946
55P.txt,7.217,-28.234,26.909
41P.txt,4.086,-22.129,5.631
50P.txt,7.311,-15.639,26.511
44P.txt,4.172,-28.603,13.635
46P.txt,2.877,-23.33,17.137
90P.txt,-21.505,-28.176,-1.803
47P.txt,3.562,-21.758,21.106
53P.txt,9.905,-21.639,25.946
37P.txt,-4.182,-23.738,11.585
19P.txt,-8.355,-30.832,2.48
18P.txt,-10.422,-29.015,-0.379
