289P.txt,-5.838,-72.872,-60.416
317P.txt,-10.043,-91.979,-48.327
315P.txt,-7.373,-87.073,-54.283
116P.txt,-4.243,-35.369,-92.648
304P.txt,-10.7,-71.742,-68.793
113P.txt,-1.825,-38.046,-83.702
312P.txt,-13.471,-79.593,-54.93
138P.txt,-7.414,-23.306,-71.309
71P.txt,-1.704,-35.958,-76.733
66P.txt,-11.858,-32.249,-70.51
4P.txt,-6.483,-106.429,-39.687
141P.txt,-15.382,-21.725,-76.104
140P.txt,-11.709,-20.43,-73.519
7P.txt,-10.309,-97.062,-44.241
3P.txt,-4.083,-109.668,-39.956
2P.txt,-5.464,-110.491,-35.134
20P.txt,-26.112,-89.796,-53.836
120P.txt,-3.591,-23.428,-92.132
21P.txt,-23.051,-88.063,-50.492
295P.txt,-15.34,-60.753,-65.196
297P.txt,-13.28,-59.865,-69.859
320P.txt,-13.442,-91.705,-40.264
137P.txt,-8.531,-25.767,-74.342
296P.txt,-16.282,-63.002,-67.998
32P.txt,-9.958,-76.974,-59.8
318P.txt,-15.8,-91.876,-47.883
291P.txt,-10.973,-73.94,-64.322
252P.txt,-4.644,-34.248,-86.146
19P.txt,-24.023,-88.053,-57.649
118P.txt,-3.517,-28.528,-92.108
30P.txt,-6.855,-80.65,-55.838
290P.txt,-7.567,-74.619,-64.121
