316P.txt,2.6,-19.721,42.681
129P.txt,24.919,-34.505,0.117
315P.txt,0.972,-15.861,42.576
314P.txt,4.925,-11.428,43.033
310P.txt,8.719,-13.661,40.038
311P.txt,4.603,-14.076,38.503
307P.txt,8.72,-13.201,34.882
76P.txt,14.712,-33.637,10.321
349P.txt,-1.054,-9.346,11.709
374P.txt,13.306,-24.935,43.586
228P.txt,41.278,-17.019,23.448
98P.txt,36.281,-34.658,34.922
99P.txt,38.204,-32.628,31.69
95P.txt,32.901,-33.248,31.386
97P.txt,33.773,-32.059,37.453
431P.txt,1.026,-37.477,5.845
342P.txt,-9.844,-24.99,0.936
168P.txt,19.936,-16.581,35.767
187P.txt,21.443,-8.24,8.883
437P.txt,-2.026,-32.344,13.054
436P.txt,-3.31,-29.319,12.068
257P.txt,11.297,-39.56,35.033
337P.txt,-8.986,-19.222,13.526
309P.txt,9.561,-16.591,38.741
457P.txt,1.931,-30.718,42.187
318P.txt,1.617,-24.708,41.149
132P.txt,26.436,-33.69,4.831
130P.txt,19.427,-34.864,3.935
454P.txt,-6.191,-31.069,40.131
131P.txt,24.099,-37.197,4.748
