103P.txt,3.636,36.921,17.637
102P.txt,0.91,31.501,17.391
111P.txt,-2.987,24.651,18.603
110P.txt,-8.15,28.138,20.435
88P.txt,5.811,24.571,9.473
74P.txt,3.96,20.295,24.395
58P.txt,6.066,33.393,18.317
80P.txt,12.864,37.882,19.125
81P.txt,15.168,33.24,17.627
95P.txt,10.367,12.92,10.294
56P.txt,9.565,38.274,23.129
83P.txt,16.849,37.333,12.467
96P.txt,6.817,10.76,13.656
82P.txt,15.504,37.725,15.92
79P.txt,13.719,32.496,22.858
86P.txt,12.891,27.551,12.58
92P.txt,18.513,19.63,10.595
93P.txt,13.965,17.801,12.134
91P.txt,14.875,20.698,7.446
85P.txt,10.84,32.161,12.997
35P.txt,4.624,41.369,23.597
36P.txt,2.776,36.942,24.145
