117P.txt,53.518,11.804,106.0
76P.txt,80.708,37.145,93.447
62P.txt,77.785,14.984,105.942
88P.txt,68.207,46.102,91.438
64P.txt,83.533,20.753,102.416
171P.txt,53.867,12.967,86.959
170P.txt,48.631,10.474,88.443
65P.txt,81.818,20.652,98.48
172P.txt,55.81,8.859,88.149
166P.txt,47.221,15.388,95.507
173P.txt,60.758,11.339,88.459
80P.txt,79.322,42.349,91.588
4P.txt,65.517,16.135,89.856
83P.txt,80.854,46.929,89.42
169P.txt,50.733,9.367,91.673
82P.txt,81.171,48.322,94.544
3P.txt,69.416,14.902,87.87
79P.txt,84.799,41.514,97.34
92P.txt,68.28,39.737,93.408
2P.txt,71.1,11.636,91.91
91P.txt,63.982,42.573,92.312
152P.txt,51.52,35.674,97.663
84P.txt,74.63,46.209,92.133
1P.txt,65.058,10.45,91.959
120P.txt,47.891,18.103,105.813
32P.txt,84.051,37.124,108.294
31P.txt,83.075,39.59,104.822
