115P.txt,56.449,51.101,5.555
117P.txt,53.804,49.036,1.472
116P.txt,53.652,52.735,1.834
113P.txt,61.732,50.269,10.122
38P.txt,59.717,19.972,3.542
39P.txt,51.88,24.083,7.016
62P.txt,61.612,30.356,19.347
88P.txt,57.035,33.265,22.351
202P.txt,37.714,53.625,8.547
61P.txt,60.749,25.227,17.883
161P.txt,28.434,42.441,11.497
60P.txt,48.919,24.453,20.225
204P.txt,36.704,59.82,13.694
205P.txt,38.839,57.585,10.527
57P.txt,45.231,28.827,18.683
95P.txt,43.651,25.4,30.212
41P.txt,50.283,27.996,10.042
79P.txt,65.392,36.743,-2.16
86P.txt,64.447,37.993,21.0
186P.txt,21.299,33.56,7.161
78P.txt,64.863,31.015,-2.125
84P.txt,64.325,36.035,12.604
34P.txt,54.909,31.565,6.784
35P.txt,56.198,26.898,9.165
37P.txt,58.248,22.53,7.088
36P.txt,62.036,26.598,6.285
26P.txt,43.978,47.486,2.1
133P.txt,33.4,50.543,16.164
119P.txt,51.499,51.796,8.131
