262P.txt,112.208,153.762,98.631
128P.txt,113.653,158.32,91.609
316P.txt,121.894,127.057,137.276
505P.txt,115.053,130.901,173.286
329P.txt,113.974,129.279,167.973
528P.txt,112.41,145.511,176.453
229P.txt,111.793,127.801,96.195
177P.txt,123.242,164.696,100.88
175P.txt,126.142,161.846,96.193
212P.txt,131.849,152.43,97.62
173P.txt,124.916,157.758,91.158
57P.txt,113.043,153.863,123.219
80P.txt,104.897,147.807,109.501
209P.txt,130.655,147.438,89.729
82P.txt,107.913,152.758,110.781
222P.txt,125.479,132.157,89.196
226P.txt,118.776,127.036,90.57
150P.txt,99.002,140.025,92.636
555P.txt,128.062,146.805,131.952
225P.txt,117.934,124.6,86.873
557P.txt,124.049,144.274,127.266
230P.txt,107.842,131.18,97.435
268P.txt,125.573,152.255,113.242
122P.txt,114.609,159.037,106.806
123P.txt,111.198,154.897,103.277
269P.txt,122.554,153.521,119.31
537P.txt,122.552,145.38,163.988
252P.txt,128.341,149.822,85.812
130P.txt,109.589,158.547,87.519
124P.txt,116.12,158.031,101.032
125P.txt,112.543,157.67,96.228
131P.txt,113.718,159.814,86.959
509P.txt,107.041,139.352,172.628
