28P.txt,18.65,16.493,53.742
16P.txt,11.29,20.056,54.358
17P.txt,14.827,18.441,52.23
13P.txt,4.546,17.333,51.676
12P.txt,3.107,21.258,53.164
11P.txt,5.879,24.534,50.113
76P.txt,15.231,0.037,47.655
74P.txt,11.261,3.462,41.954
60P.txt,10.533,10.486,33.042
48P.txt,22.879,10.942,45.662
80P.txt,13.628,10.113,50.689
83P.txt,5.719,7.731,52.653
82P.txt,7.817,11.138,51.593
79P.txt,19.384,8.952,52.54
93P.txt,-0.726,18.624,40.441
87P.txt,-4.679,11.654,46.17
44P.txt,26.067,18.014,41.065
46P.txt,23.843,14.852,47.521
53P.txt,24.439,7.147,42.459
22P.txt,20.346,27.36,38.545
33P.txt,17.445,23.073,38.26
25P.txt,20.738,24.962,49.502
18P.txt,14.497,18.64,48.335
30P.txt,19.111,16.643,46.509
