504P.txt,51.534,51.605,-10.641
538P.txt,66.644,48.802,2.341
470P.txt,42.804,54.824,-10.462
471P.txt,42.398,56.015,-6.723
505P.txt,53.621,52.605,-4.834
472P.txt,43.632,55.482,-3.351
506P.txt,49.688,55.356,-4.482
502P.txt,56.541,47.665,-12.582
503P.txt,54.63,48.654,-8.324
501P.txt,58.634,44.129,-11.995
612P.txt,64.948,46.85,13.264
571P.txt,64.815,49.072,16.811
617P.txt,53.794,55.916,9.915
589P.txt,61.385,57.321,17.772
614P.txt,59.015,50.684,10.825
585P.txt,67.132,46.402,22.28
433P.txt,45.694,34.742,2.546
625P.txt,68.187,44.039,13.303
586P.txt,67.739,53.708,22.473
587P.txt,64.197,52.521,20.974
622P.txt,60.738,47.141,12.068
435P.txt,50.535,37.981,1.246
621P.txt,56.522,44.565,6.443
443P.txt,61.145,47.665,-8.03
442P.txt,60.183,51.192,-4.324
495P.txt,53.276,29.48,0.378
468P.txt,45.806,49.004,-11.557
441P.txt,66.033,48.703,-3.87
