167P.txt,-15.53,-48.396,-12.567
168P.txt,-11.006,-47.419,-13.404
169P.txt,-13.544,-45.518,-7.356
28P.txt,-24.96,-35.702,-19.62
29P.txt,-26.366,-34.324,-17.152
30P.txt,-27.402,-33.013,-14.009
33P.txt,-23.238,-39.163,-7.836
34P.txt,-19.217,-37.408,-7.417
81P.txt,-17.359,-25.718,-18.256
25.txt,-18.222,-38.063,-25.231
26.txt,-18.92,-34.683,-20.361
27.txt,-23.353,-38.846,-20.384
28.txt,-24.96,-35.702,-19.62
29.txt,-26.366,-34.324,-17.152
30.txt,-27.402,-33.013,-14.009
37.txt,-20.277,-41.154,-17.601
39.txt,-20.577,-43.234,-23.452
79.txt,-15.139,-26.218,-23.769
81.txt,-17.359,-25.718,-18.256
82.txt,-19.281,-28.419,-24.623
83.txt,-21.607,-32.193,-23.715
84.txt,-20.293,-31.329,-27.686
85.txt,-16.625,-29.757,-28.022
