316P.txt,-48.422,42.837,-6.441
103P.txt,-45.415,46.151,-46.66
328P.txt,-48.864,45.249,20.485
314P.txt,-44.774,36.441,-7.985
311P.txt,-35.374,34.186,-12.457
307P.txt,-44.318,43.648,-19.059
306P.txt,-46.202,43.807,-15.499
312P.txt,-39.353,37.418,-11.099
215P.txt,-40.906,25.14,-48.23
229P.txt,-46.424,54.308,-48.461
76P.txt,-32.567,54.23,-42.825
220P.txt,-48.362,35.202,-57.726
80P.txt,-23.685,47.655,-31.456
81P.txt,-22.934,45.626,-36.238
143P.txt,-36.908,57.064,-52.927
223P.txt,-52.016,44.05,-59.428
222P.txt,-51.173,40.27,-54.685
179P.txt,-22.246,22.448,-38.669
231P.txt,-44.095,57.052,-52.43
147P.txt,-26.988,54.818,-47.489
230P.txt,-42.591,55.798,-48.006
323P.txt,-44.266,41.05,8.215
281P.txt,-26.177,47.719,-21.421
240P.txt,-39.745,32.858,-41.66
321P.txt,-46.439,43.579,1.814
282P.txt,-25.422,49.038,-17.674
296P.txt,-32.094,42.666,-6.312
325P.txt,-40.594,41.147,13.589
324P.txt,-44.41,41.723,12.342
246P.txt,-27.227,18.52,-44.776
326P.txt,-42.07,42.43,16.918
327P.txt,-42.933,43.259,20.658
