104P.txt,-25.178,-60.364,-51.529
105P.txt,-23.294,-56.835,-53.879
106P.txt,-28.243,-57.108,-52.927
107P.txt,-26.902,-57.724,-48.303
108P.txt,-30.435,-59.66,-49.035
109P.txt,-26.775,-63.575,-46.492
167P.txt,-37.039,-58.807,-32.156
168P.txt,-37.098,-53.559,-31.804
211P.txt,-8.965,-43.514,-31.816
212P.txt,-6.202,-40.96,-32.71
251P.txt,1.523,-40.664,-32.177
303P.txt,-24.896,-38.708,-35.222
304P.txt,-27.782,-43.721,-36.995
305P.txt,-30.36,-47.714,-35.79
306P.txt,-32.847,-43.101,-35.001
307P.txt,-36.983,-46.313,-35.2
310P.txt,-36.845,-43.159,-30.97
334P.txt,-26.256,-29.698,-27.433
65P.txt,-13.945,-46.604,-16.572
66P.txt,-8.712,-46.7,-19.363
67P.txt,-11.742,-46.591,-23.713
158.txt,-23.154,-54.241,-18.394
291.txt,-21.045,-47.56,-17.957
319.txt,-34.875,-51.295,-16.026
320.txt,-30.621,-48.742,-16.147
322.txt,-29.804,-43.212,-13.334
326.txt,-26.728,-39.495,-19.182
53.txt,-5.991,-63.339,-9.725
55.txt,-11.721,-57.837,-10.223
57.txt,-13.818,-54.53,-9.157
58.txt,-8.634,-54.695,-11.072
61.txt,-11.278,-49.298,-12.021
62.txt,-5.857,-51.766,-14.161
65.txt,-13.945,-46.604,-16.572
