177P.txt,5.623,-8.521,-20.023
176P.txt,3.032,-2.85,-20.189
200P.txt,-20.547,5.547,-18.519
160P.txt,3.519,8.573,-9.565
174P.txt,4.384,-0.832,-14.5
175P.txt,6.227,-4.419,-16.393
158P.txt,6.884,4.083,-13.978
173P.txt,7.134,-1.719,-10.771
220P.txt,-12.629,6.642,-6.885
156P.txt,10.891,-2.27,-18.118
194P.txt,-1.518,9.879,-21.276
196P.txt,-6.904,6.026,-19.922
155P.txt,7.466,-0.655,-22.981
154P.txt,9.798,-6.863,-21.594
197P.txt,-9.056,2.83,-17.003
193P.txt,2.36,6.294,-22.882
178P.txt,4.347,-8.032,-26.52
192P.txt,7.15,12.082,-20.283
219P.txt,-15.673,9.118,-4.391
190P.txt,12.541,8.104,-19.604
153P.txt,8.918,-6.732,-29.268
191P.txt,10.55,6.77,-25.016
132P.txt,12.214,2.592,-20.34
