261P.txt,117.531,18.942,0.889
329P.txt,133.459,45.792,8.843
264P.txt,122.184,15.459,-6.259
177P.txt,125.247,54.337,-1.459
163P.txt,115.937,38.691,15.456
162P.txt,114.154,35.667,9.566
160P.txt,115.443,30.383,16.1
161P.txt,116.769,33.706,15.314
217P.txt,108.51,37.196,6.685
158P.txt,116.636,25.683,10.271
220P.txt,110.278,28.484,5.609
157P.txt,111.987,25.264,9.148
223P.txt,112.635,20.856,2.345
222P.txt,108.472,20.714,4.893
193P.txt,109.186,26.999,-2.365
145P.txt,130.756,51.626,-8.446
192P.txt,109.462,24.001,0.768
219P.txt,108.15,32.977,3.219
218P.txt,110.933,32.846,8.423
322P.txt,123.438,35.711,16.904
336P.txt,134.216,46.664,-3.43
320P.txt,125.458,31.716,15.794
296P.txt,130.961,20.937,9.955
319P.txt,128.713,30.284,15.166
287P.txt,125.118,25.753,14.543
333P.txt,135.783,45.421,3.333
