262P.txt,-8.878,8.304,-10.27
15P.txt,-35.058,14.554,39.15
101P.txt,-1.245,29.92,-54.851
103P.txt,-3.677,24.977,-48.193
102P.txt,-1.254,24.966,-50.643
106P.txt,-5.981,31.484,-53.984
305P.txt,-34.53,-9.932,43.518
107P.txt,-6.613,34.411,-52.043
306P.txt,-33.555,-11.357,48.952
110P.txt,-6.543,34.331,-42.783
76P.txt,-11.939,36.924,-48.434
77P.txt,-14.713,32.988,-48.791
214P.txt,-16.048,22.21,2.956
362P.txt,-30.53,-0.347,43.255
74P.txt,-10.843,30.856,-47.916
217P.txt,-12.742,21.248,-2.983
399P.txt,-8.934,3.936,51.84
98P.txt,-1.634,30.27,-42.569
403P.txt,-8.774,15.065,45.35
382P.txt,-14.462,15.54,47.478
81P.txt,-21.159,26.994,-41.427
83P.txt,-23.51,20.437,-38.85
343P.txt,-23.503,-1.646,48.374
357P.txt,-23.642,9.221,43.771
356P.txt,-22.453,8.436,49.022
381P.txt,-16.936,10.927,49.136
193P.txt,-34.023,21.68,14.853
379P.txt,-19.615,9.088,43.475
351P.txt,-22.264,1.792,62.927
109P.txt,-4.021,34.323,-45.456
323P.txt,-15.153,11.008,34.433
322P.txt,-11.525,9.817,33.601
108P.txt,-1.742,33.711,-50.426
324P.txt,-13.979,9.688,39.762
