"71_3W9E",0.0,0.0,0,0
"98_3W9E",0.0,0.0,0,0
"99_3W9E",0.0,0.0,0,0
"100_3W9E",0.0,0.0,0,0
"111_3W9E",0.0,0.0,0,0
"112_3W9E",0.0,0.0,0,0
"143_3W9E",0.0,0.0,0,0
"151_3W9E",0.0,0.0,0,0
"167_3W9E",0.0,0.0,0,0
"168_3W9E",0.0,0.0,0,0
"103_2R56",0.0,0.0,0,0
"105_2R56",0.2035,0.0,0,0
"118_2R56",0.0,0.0,0,0
"120_2R56",0.0,0.0,0,0
"122_2R56",0.0,0.0,0,0
"351_4LVN",0.0,0.0,0,0
"368_4LVN",0.0,0.0,0,0
"369_4LVN",0.0,0.0,0,0
"370_4LVN",0.0,0.0,0,0
"373_4LVN",0.0,0.0,0,0
"374_4LVN",0.0,0.0,0,0
"375_4LVN",0.0,0.0,0,0
"429_4LVN",0.0,0.0,0,0
"432_4LVN",0.0,0.0,0,0
"433_4LVN",0.0,0.0,0,0
"434_4LVN",0.0,0.0,0,0
"435_4LVN",0.1295,0.0,0,0
"436_4LVN",0.0,0.0,0,0
"437_4LVN",0.0,0.0,0,0
"447_4LVN",0.0,0.0,0,0
"448_4LVN",0.0,0.0,0,0
"449_4LVN",0.0,0.0,0,0
"450_4LVN",0.0,0.0,0,0
"455_4LVN",0.0,0.0,0,0
"457_4LVN",0.0,0.0,0,0
"458_4LVN",0.0,0.0,0,0
"487_4LVN",0.0,0.0,0,0
"488_4LVN",0.0,0.0,0,0
"489_4LVN",0.0,0.0,0,0
"514_4LVN",0.0,0.0,0,0
"515_4LVN",0.0,0.0,0,0
"516_4LVN",0.0,0.0,0,0
"518_4LVN",0.0,0.0,0,0
"543_4LVN",0.0,0.0,0,0
"544_4LVN",0.0,0.0,0,0
"555_4LVN",0.0,0.0,0,0
"556_4LVN",0.0,0.0,0,0
"557_4LVN",0.0,0.0,0,0
"559_4LVN",0.0,0.0,0,0
"583_4LVN",0.0,0.0,0,0
"584_4LVN",0.0,0.0,0,0
"585_4LVN",0.0,0.0,0,0
"586_4LVN",0.0,0.0,0,0
"587_4LVN",0.0,0.0,0,0
"608_4LVN",0.0,0.0,0,0
"609_4LVN",0.0,0.0,0,0
"610_4LVN",0.0,0.0,0,0
"611_4LVN",0.1309,0.0,0,0
"612_4LVN",0.0,0.0,0,0
"613_4LVN",0.0,0.0,0,0
"614_4LVN",0.0,0.0,0,0
"615_4LVN",0.0,0.0,0,0
"617_4LVN",0.0,0.0,0,0
"618_4LVN",0.0,0.0,0,0
"619_4LVN",0.0,0.0,0,0
"635_4LVN",0.0,0.0,0,0
"657_4LVN",0.0,0.0,0,0
"660_4LVN",0.0,0.0,0,0
"661_4LVN",0.0,0.0,0,0
"30_4JR9",0.0,0.0,0,0
"48_4JR9",0.0,0.0,0,0
"49_4JR9",0.0,0.0,0,0
"51_4JR9",0.0,0.0,0,0
"52_4JR9",0.0,0.0,0,0
"53_4JR9",0.0,0.0,0,0
"54_4JR9",0.0,0.0,0,0
"55_4JR9",0.0,0.0,0,0
"56_4JR9",0.0,0.0,0,0
"57_4JR9",0.0,0.0,0,0
"58_4JR9",0.0,0.0,0,0
"59_4JR9",0.0,0.0,0,0
"60_4JR9",0.0,0.0,0,0
"62_4JR9",0.0,0.0,0,0
"74_4JR9",0.6066,0.0,0,0
"78_4JR9",0.0,0.0,0,0
"81_4JR9",0.0,0.0,0,0
"144_4JR9",0.0,0.0,0,0
"147_4JR9",0.0,0.0,0,0
"154_4JR9",0.0,0.0,0,0
"178_4JR9",0.0,0.0,0,0
"263_4JR9",0.0,0.0,0,0
"266_4JR9",0.0,0.0,0,0
"267_4JR9",0.0,0.0,0,0
"270_4JR9",0.0,0.0,0,0
"271_4JR9",0.0,0.0,0,0
"272_4JR9",0.0,0.0,0,0
"274_4JR9",0.0,0.0,0,0
"275_4JR9",0.0,0.0,0,0
"276_4JR9",0.0,0.0,0,0
"278_4JR9",0.0,0.0,0,0
"279_4JR9",0.3434,0.0,0,0
"280_4JR9",0.0,0.0,0,0
"321_4JR9",0.0,0.0,0,0
"328_4JR9",0.0,0.0,0,0
"362_4JR9",0.0,0.0,0,0
"366_4JR9",0.0,0.0,0,0
"369_4JR9",0.0,0.0,0,0
"395_4JR9",0.2402,0.0,0,0
"422_4JR9",0.0,0.0,0,0
"429_4JR9",0.7706,0.0,0,0
"70_1QFU",0.0,0.0,0,0
"88_1QFU",0.0,0.0,0,0
"179_1QFU",0.0,0.0,0,0
"181_1QFU",0.0,0.0,0,0
"249_1QFU",0.0,0.0,0,0
"251_1QFU",0.0,0.0,0,0
"252_1QFU",0.0,0.0,0,0
"258_1QFU",0.0,0.0,0,0
"55_1MLC",0.0,0.0,0,0
"192_3HMX",0.0,0.0,0,0
"286_3HMX",0.0,0.0,0,0
"288_3HMX",0.0,0.0,0,0
"93_3VI3",0.0,0.0,0,0
"94_3VI3",0.0,0.0,0,0
"101_3VI3",0.0,0.0,0,0
"103_3VI3",0.0,0.0,0,0
"123_3VI3",0.0,0.0,0,0
"124_3VI3",0.0,0.0,0,0
"125_3VI3",0.0,0.0,0,0
"126_3VI3",0.0,0.0,0,0
"127_3VI3",0.0,0.0,0,0
"128_3VI3",0.0,0.0,0,0
"129_3VI3",0.0,0.0,0,0
"162_3VI3",0.0,0.0,0,0
"163_3VI3",0.0,0.0,0,0
"164_3VI3",0.0,0.0,0,0
"165_3VI3",0.0,0.0,0,0
"167_3VI3",0.0,0.0,0,0
"168_3VI3",0.0,0.0,0,0
"212_3VI3",0.0,0.0,0,0
"230_3VI3",0.0,0.0,0,0
"231_3VI3",0.0,0.0,0,0
"233_3VI3",0.0,0.0,0,0
"234_3VI3",0.0,0.0,0,0
"235_3VI3",0.0,0.0,0,0
"236_3VI3",0.0,0.0,0,0
"253_3VI3",0.0,0.0,0,0
"254_3VI3",0.0,0.0,0,0
"255_3VI3",0.0,0.0,0,0
"257_3VI3",0.0,0.0,0,0
"306_3VI3",0.0,0.0,0,0
"312_3VI3",0.0,0.0,0,0
"313_3VI3",0.0,0.0,0,0
"314_3VI3",0.0,0.0,0,0
"315_3VI3",0.0,0.0,0,0
"316_3VI3",0.0,0.0,0,0
"317_3VI3",0.0,0.0,0,0
"351_3VI3",0.0,0.0,0,0
"362_3VI3",0.0,0.0,0,0
"425_3VI3",0.0,0.0,0,0
"427_3VI3",0.0,0.0,0,0
"429_3VI3",0.0373,0.0,0,0
"434_3VI3",0.0,0.0,0,0
"438_3VI3",0.0,0.0,0,0
"621_1UJ3",0.0,0.0,0,0
"623_1UJ3",0.0,0.0,0,0
"663_1UJ3",0.0,0.0,0,0
"702_1UJ3",0.0,0.0,0,0
"743_1UJ3",0.0,0.0,0,0
"791_1UJ3",0.0,0.0,0,0
"113_5C0N",0.0,0.0,0,0
"117_5C0N",0.1075,0.0,0,0
"259_3IDX",0.0,0.0,0,0
"284_3IDX",0.0,0.0,0,0
"285_3IDX",0.0,0.0,0,0
"286_3IDX",0.0,0.0,0,0
"288_3IDX",0.0,0.0,0,0
"345_3IDX",0.0,0.0,0,0
"451_3IDX",0.0,0.0,0,0
"452_3IDX",0.0,0.0,0,0
"453_3IDX",0.0,0.0,0,0
"468_3IDX",0.0,0.0,0,0
"481_3IDX",0.0773,0.0,0,0
"483_3IDX",0.0,0.0,0,0
"76_5LQB",0.0,0.0,0,0
"79_5LQB",0.0,0.0,0,0
"113_5LQB",0.0,0.0,0,0
"141_5LQB",0.0,0.0,0,0
"71_3LD8",0.0,0.0,0,0
"90_3LD8",0.0,0.0,0,0
"114_3LD8",0.0,0.0,0,0
"117_3LD8",0.0,0.0,0,0
"132_3LD8",0.0,0.0,0,0
"175_3LD8",0.0,0.0,0,0
"176_3LD8",0.1087,0.0,0,0
"177_3LD8",0.0,0.0,0,0
"182_3LD8",0.0,0.0,0,0
"195_3LD8",0.0,0.0,0,0
"197_3LD8",0.2561,0.0,0,0
"198_3LD8",0.0,0.0,0,0
"199_3LD8",0.0,0.0,0,0
"204_3LD8",0.1195,0.0,0,0
"257_3LD8",0.0,0.0,0,0
"265_3LD8",0.0,0.0,0,0
"267_3LD8",0.0,0.0,0,0
"275_3LD8",0.2048,0.0,0,0
"283_3LD8",0.0,0.0,0,0
"285_3LD8",0.168,0.0,0,0
"259_3HI1",0.0,0.0,0,0
"260_3HI1",0.2473,0.0,0,0
"284_3HI1",0.0,0.0,0,0
"285_3HI1",0.0,0.0,0,0
"286_3HI1",0.0,0.0,0,0
"288_3HI1",0.0,0.0,0,0
"345_3HI1",0.0,0.0,0,0
"451_3HI1",0.0,0.0,0,0
"452_3HI1",0.0,0.0,0,0
"468_3HI1",0.0,0.0,0,0
"234_5T5F",0.0,0.0,0,0
"250_5T5F",0.0,0.0,0,0
"251_5T5F",0.0,0.0,0,0
"117_3U9P",0.0,0.0,0,0
"91_4EDW",0.0,0.0,0,0
"104_3WXV",0.1483,0.0,0,0
"187_3WXV",0.0,0.0,0,0
"191_3WXV",0.0,0.0,0,0
"194_3WXV",0.2961,0.0,0,0
"195_3WXV",0.0,0.0,0,0
"201_3WXV",0.2632,0.0,0,0
"205_3WXV",0.6509,0.0,0,0
"212_3WXV",0.9064,0.0,0,0
"216_3WXV",0.0,0.0,0,0
"219_3WXV",0.0,0.0,0,0
"222_3WXV",0.0,0.0,0,0
"224_3WXV",0.0,0.0,0,0
"227_3WXV",0.0,0.0,0,0
"337_3WXV",0.8849,0.0,0,0
"108_5F9W",0.0,0.0,0,0
"253_5F9W",0.0,0.0,0,0
"255_5F9W",0.0858,0.0,0,0
"256_5F9W",0.0,0.0,0,0
"259_5F9W",0.0,0.0,0,0
"260_5F9W",0.1649,0.0,0,0
"285_5F9W",0.0,0.0,0,0
"286_5F9W",0.0,0.0,0,0
"288_5F9W",0.0,0.0,0,0
"296_5F9W",0.0,0.0,0,0
"345_5F9W",0.0,0.0,0,0
"349_5F9W",0.0,0.0,0,0
"382_5F9W",0.0,0.0,0,0
"383_5F9W",0.0,0.0,0,0
"451_5F9W",0.0,0.0,0,0
"452_5F9W",0.0,0.0,0,0
"478_5F9W",0.0,0.0,0,0
"479_5F9W",0.0,0.0,0,0
"481_5F9W",0.0536,0.0,0,0
"483_5F9W",0.0,0.0,0,0
"36_4NNP",0.0,0.0,0,0
"41_4NNP",0.0,0.0,0,0
"42_4NNP",0.0,0.0,0,0
"79_4NNP",0.0,0.0,0,0
"85_4NNP",0.0,0.0,0,0
"86_4NNP",0.0,0.0,0,0
"139_4NNP",0.0,0.0,0,0
"141_4NNP",0.0,0.0,0,0
"142_4NNP",0.0,0.0,0,0
"143_4NNP",0.0,0.0,0,0
"148_4NNP",0.0,0.0,0,0
"151_4NNP",0.0,0.0,0,0
"152_4NNP",0.0,0.0,0,0
"155_4NNP",0.0,0.0,0,0
"159_4NNP",0.0,0.0,0,0
"297_4NNP",0.0,0.0,0,0
"28_4KUC",0.0,0.0,0,0
"72_4KUC",0.0,0.0,0,0
"73_4KUC",0.0,0.0,0,0
"74_4KUC",0.0,0.0,0,0
"79_4KUC",0.0,0.0,0,0
"83_4KUC",0.1336,0.0,0,0
"139_4KUC",0.0,0.0,0,0
"144_4KUC",0.0,0.0,0,0
"148_4KUC",0.0,0.0,0,0
"169_4KUC",0.0,0.0,0,0
"171_4KUC",0.0,0.0,0,0
"173_4KUC",0.0,0.0,0,0
"174_4KUC",0.0,0.0,0,0
"175_4KUC",0.0,0.0,0,0
"176_4KUC",0.0,0.0,0,0
"178_4KUC",0.0,0.0,0,0
"179_4KUC",0.0,0.0,0,0
"188_4KUC",0.0,0.0,0,0
"255_4KUC",0.0,0.0,0,0
"63_5D93",0.0,0.0,0,0
"65_5D93",0.0,0.0,0,0
"66_5D93",0.0,0.0,0,0
"67_5D93",0.0,0.0,0,0
"83_5D93",0.0,0.0,0,0
"153_5D93",0.0,0.0,0,0
"192_5D93",0.0,0.0,0,0
"194_5D93",0.0,0.0,0,0
"203_5D93",0.0,0.0,0,0
"206_5D93",0.0,0.0,0,0
"221_5D93",0.0,0.0,0,0
"210_4DGI",0.0,0.0,0,0
"598_5L0Q",0.0,0.0,0,0
"248_4OII",0.0,0.0,0,0
"249_4OII",0.0,0.0,0,0
"250_4OII",0.0,0.0,0,0
"263_4OII",0.0,0.0,0,0
"321_4OII",0.0,0.0,0,0
"332_4OII",0.0,0.0,0,0
"335_4OII",0.0,0.0,0,0
"8_2UZI",0.0,0.0,0,0
"9_2UZI",0.0,0.0,0,0
"19_2UZI",0.0,0.0,0,0
"79_2UZI",0.0,0.0,0,0
"80_2UZI",0.0,0.0,0,0
"156_2UZI",0.0,0.0,0,0
"47_3L5X",0.0,0.0,0,0
"9_2EIZ",0.0,0.0,0,0
"32_2EIZ",0.0,0.0,0,0
"95_2EIZ",0.0,0.0,0,0
"31_4F37",0.0,0.0,0,0
"25_5BV7",0.0,0.0,0,0
"26_5BV7",0.0,0.0,0,0
"27_5BV7",0.0,0.0,0,0
"28_5BV7",0.0,0.0,0,0
"79_5BV7",0.0,0.0,0,0
"139_5BV7",0.0,0.0,0,0
"141_5BV7",0.0,0.0,0,0
"142_5BV7",0.0,0.0,0,0
"160_5BV7",0.0,0.0,0,0
"164_5BV7",0.0,0.0,0,0
"175_5BV7",0.0,0.0,0,0
"177_5BV7",0.0,0.0,0,0
"178_5BV7",0.0,0.0,0,0
"179_5BV7",0.0,0.0,0,0
"183_5BV7",0.0,0.0,0,0
"184_5BV7",0.0,0.0,0,0
"186_5BV7",0.0,0.0,0,0
"187_5BV7",0.0,0.0,0,0
"206_5BV7",0.0,0.0,0,0
"207_5BV7",0.0,0.0,0,0
"208_5BV7",0.0,0.0,0,0
"209_5BV7",0.0,0.0,0,0
"210_5BV7",0.0,0.0,0,0
"211_5BV7",0.0,0.0,0,0
"212_5BV7",0.0,0.0,0,0
"213_5BV7",0.2248,0.0,0,0
"214_5BV7",0.0,0.0,0,0
"215_5BV7",0.1816,0.0,0,0
"220_5BV7",0.0,0.0,0,0
"246_5BV7",0.0,0.0,0,0
"247_5BV7",0.0,0.0,0,0
"250_5BV7",0.0,0.0,0,0
"253_5BV7",0.0,0.0,0,0
"290_5BV7",0.0,0.0,0,0
"311_5BV7",0.0,0.0,0,0
"313_5BV7",0.0,0.0,0,0
"314_5BV7",0.0,0.0,0,0
"316_5BV7",0.0,0.0,0,0
"353_5BV7",0.0,0.0,0,0
"259_3WKM",0.0,0.0,0,0
"108_3U7Y",0.0,0.0,0,0
"253_3U7Y",0.0,0.0,0,0
"259_3U7Y",0.0,0.0,0,0
"260_3U7Y",0.2177,0.0,0,0
"285_3U7Y",0.0,0.0,0,0
"286_3U7Y",0.0,0.0,0,0
"288_3U7Y",0.0,0.0,0,0
"345_3U7Y",0.0,0.0,0,0
"349_3U7Y",0.0,0.0,0,0
"383_3U7Y",0.0,0.0,0,0
"451_3U7Y",0.0,0.0,0,0
"452_3U7Y",0.0,0.0,0,0
"483_3U7Y",0.0,0.0,0,0
"66_4XNY",0.0,0.0,0,0
"95_4XNY",0.0,0.0,0,0
"100_4XNY",0.0,0.0,0,0
"101_4XNY",0.0,0.0,0,0
"104_4XNY",0.0,0.0,0,0
"108_4XNY",0.0,0.0,0,0
"112_4XNY",0.0,0.0,0,0
"228_4XNY",0.0,0.0,0,0
"253_4XNY",0.0,0.0,0,0
"254_4XNY",0.0886,0.0,0,0
"255_4XNY",0.0952,0.0,0,0
"256_4XNY",0.0,0.0,0,0
"259_4XNY",0.0,0.0,0,0
"260_4XNY",0.1402,0.0,0,0
"261_4XNY",0.0956,0.0,0,0
"285_4XNY",0.0,0.0,0,0
"286_4XNY",0.0,0.0,0,0
"288_4XNY",0.0,0.0,0,0
"294_4XNY",0.0,0.0,0,0
"296_4XNY",0.0,0.0,0,0
"345_4XNY",0.0,0.0,0,0
"349_4XNY",0.0,0.0,0,0
"359_4XNY",0.0,0.0,0,0
"374_4XNY",0.0,0.0,0,0
"375_4XNY",0.0822,0.0,0,0
"376_4XNY",0.0,0.0,0,0
"377_4XNY",0.1727,0.0,0,0
"382_4XNY",0.0,0.0,0,0
"383_4XNY",0.0,0.0,0,0
"449_4XNY",0.0,0.0,0,0
"451_4XNY",0.0,0.0,0,0
"452_4XNY",0.0,0.0,0,0
"468_4XNY",0.0,0.0,0,0
"478_4XNY",0.0,0.0,0,0
"479_4XNY",0.0,0.0,0,0
"481_4XNY",0.0624,0.0,0,0
"483_4XNY",0.0,0.0,0,0
"486_4XNY",0.0,0.0,0,0
"488_4XNY",0.0,0.0,0,0
"3_4QTI",0.0,0.0,0,0
"123_4QTI",0.0,0.0,0,0
"146_4QTI",0.0,0.0,0,0
"159_4QTI",0.0,0.0,0,0
"240_4QTI",0.0,0.0,0,0
"252_4QTI",0.0,0.0,0,0
"117_2AEP",0.0,0.0,0,0
"120_2AEP",0.0,0.0,0,0
"121_2AEP",0.0,0.0,0,0
"133_2AEP",0.0,0.0,0,0
"134_2AEP",0.0,0.0,0,0
"180_2AEP",0.0,0.0,0,0
"181_2AEP",0.0,0.0,0,0
"182_2AEP",0.0,0.0,0,0
"183_2AEP",0.0,0.0,0,0
"192_2AEP",0.0,0.0,0,0
"223_2AEP",0.0,0.0,0,0
"225_2AEP",0.0,0.0,0,0
"226_2AEP",0.0,0.0,0,0
"227_2AEP",0.1335,0.0,0,0
"228_2AEP",0.0,0.0,0,0
"230_2AEP",0.0,0.0,0,0
"231_2AEP",0.0,0.0,0,0
"232_2AEP",0.0,0.0,0,0
"238_2AEP",0.0,0.0,0,0
"239_2AEP",0.0,0.0,0,0
"240_2AEP",0.0,0.0,0,0
"241_2AEP",0.0,0.0,0,0
"242_2AEP",0.0,0.0,0,0
"254_2AEP",0.0,0.0,0,0
"278_2AEP",0.0,0.0,0,0
"279_2AEP",0.0,0.0,0,0
"280_2AEP",0.0,0.0,0,0
"289_2AEP",0.0,0.0,0,0
"290_2AEP",0.0,0.0,0,0
"291_2AEP",0.0,0.0,0,0
"293_2AEP",0.0,0.0,0,0
"297_2AEP",0.0,0.0,0,0
"298_2AEP",0.0,0.0,0,0
"300_2AEP",0.0,0.0,0,0
"301_2AEP",0.0,0.0,0,0
"319_2AEP",0.0,0.0,0,0
"320_2AEP",0.0,0.0,0,0
"322_2AEP",0.0,0.0,0,0
"323_2AEP",0.0493,0.0,0,0
"324_2AEP",0.0,0.0,0,0
"350_2AEP",0.0,0.0,0,0
"351_2AEP",0.0,0.0,0,0
"352_2AEP",0.0,0.0,0,0
"353_2AEP",0.0,0.0,0,0
"360_2AEP",0.0,0.0,0,0
"362_2AEP",0.0,0.0,0,0
"363_2AEP",0.0,0.0,0,0
"374_2AEP",0.0,0.0,0,0
"407_2AEP",0.0,0.0,0,0
"408_2AEP",0.0,0.0,0,0
"409_2AEP",0.0,0.0,0,0
"422_2AEP",0.0,0.0,0,0
"423_2AEP",0.0,0.0,0,0
"424_2AEP",0.0,0.0,0,0
"425_2AEP",0.0,0.0,0,0
"426_2AEP",0.0,0.0,0,0
"440_2AEP",0.0,0.0,0,0
"441_2AEP",0.0,0.0,0,0
"37_4AG4",0.0,0.0,0,0
"62_4AG4",0.0,0.0,0,0
"73_4AG4",0.0,0.0,0,0
"87_4AG4",0.0,0.0,0,0
"97_4AG4",0.0,0.0,0,0
"104_4AG4",0.0,0.0,0,0
"159_4AG4",0.0,0.0,0,0
"161_4AG4",0.0,0.0,0,0
"166_4AG4",0.0,0.0,0,0
"178_4AG4",0.0,0.0,0,0
"180_4AG4",0.0,0.0,0,0
"191_4AG4",0.0,0.0,0,0
"343_4AG4",0.0,0.0,0,0
"350_4AG4",0.0,0.0,0,0
"357_4AG4",0.0,0.0,0,0
"358_4AG4",0.0,0.0,0,0
"359_4AG4",0.0,0.0,0,0
"158_3G04",0.0,0.0,0,0
"207_3G04",0.0,0.0,0,0
"108_2J88",0.0,0.0,0,0
"161_2J88",0.0,0.0,0,0
"165_2J88",0.0,0.0,0,0
"169_2J88",0.0,0.0,0,0
"182_2J88",0.0,0.0,0,0
"215_2J88",0.0,0.0,0,0
"219_2J88",0.0,0.0,0,0
"221_2J88",0.0,0.0,0,0
"222_2J88",0.0,0.0,0,0
"223_2J88",0.0,0.0,0,0
"241_2J88",0.0,0.0,0,0
"248_2J88",0.0,0.0,0,0
"262_2J88",0.0,0.0,0,0
"264_2J88",0.0,0.0,0,0
"266_2J88",0.0,0.0,0,0
"290_2J88",0.0,0.0,0,0
"298_2J88",0.0,0.0,0,0
"299_2J88",0.0,0.0,0,0
"300_2J88",0.0,0.0,0,0
"320_2J88",0.0,0.0,0,0
"324_2J88",0.0,0.0,0,0
"56_4YPG",0.0,0.0,0,0
"59_4YPG",0.0,0.0,0,0
"147_4YPG",0.0,0.0,0,0
"65_4YK4",0.0,0.0,0,0
"178_4YK4",0.0,0.0,0,0
"179_4YK4",0.0,0.0,0,0
"251_4YK4",0.0,0.0,0,0
"252_4YK4",0.0,0.0,0,0
"253_4YK4",0.0,0.0,0,0
"254_4YK4",0.0,0.0,0,0
"100_3GJF",0.0,0.0,0,0
"203_3GJF",0.0,0.0,0,0
"259_3GJF",0.0,0.0,0,0
"40_5TZ2",0.0,0.0,0,0
"66_4J6R",0.0,0.0,0,0
"100_4J6R",0.0,0.0,0,0
"101_4J6R",0.0,0.0,0,0
"108_4J6R",0.0,0.0,0,0
"111_4J6R",0.0,0.0,0,0
"112_4J6R",0.0,0.0,0,0
"116_4J6R",0.0,0.0,0,0
"118_4J6R",0.0,0.0,0,0
"215_4J6R",0.0,0.0,0,0
"228_4J6R",0.0,0.0,0,0
"253_4J6R",0.0,0.0,0,0
"254_4J6R",0.1092,0.0,0,0
"255_4J6R",0.0861,0.0,0,0
"256_4J6R",0.0,0.0,0,0
"259_4J6R",0.0,0.0,0,0
"260_4J6R",0.1637,0.0,0,0
"261_4J6R",0.0,0.0,0,0
"284_4J6R",0.0,0.0,0,0
"285_4J6R",0.0,0.0,0,0
"286_4J6R",0.0,0.0,0,0
"288_4J6R",0.0,0.0,0,0
"294_4J6R",0.0,0.0,0,0
"345_4J6R",0.0,0.0,0,0
"346_4J6R",0.0,0.0,0,0
"349_4J6R",0.0,0.0,0,0
"359_4J6R",0.0,0.0,0,0
"374_4J6R",0.0,0.0,0,0
"375_4J6R",0.0865,0.0,0,0
"376_4J6R",0.0,0.0,0,0
"377_4J6R",0.2075,0.0,0,0
"382_4J6R",0.4694,0.0,0,0
"383_4J6R",0.0,0.0,0,0
"449_4J6R",0.0,0.0,0,0
"451_4J6R",0.0,0.0,0,0
"452_4J6R",0.0,0.0,0,0
"453_4J6R",0.0,0.0,0,0
"454_4J6R",0.0,0.0,0,0
"468_4J6R",0.0,0.0,0,0
"478_4J6R",0.0,0.0,0,0
"479_4J6R",0.0,0.0,0,0
"481_4J6R",0.0,0.0,0,0
"483_4J6R",0.0,0.0,0,0
"71_4D3C",0.0,0.0,0,0
"253_5F96",0.0,0.0,0,0
"255_5F96",0.0937,0.0,0,0
"256_5F96",0.0,0.0,0,0
"259_5F96",0.0,0.0,0,0
"260_5F96",0.0,0.0,0,0
"285_5F96",0.0,0.0,0,0
"286_5F96",0.0,0.0,0,0
"345_5F96",0.0,0.0,0,0
"349_5F96",0.0,0.0,0,0
"382_5F96",0.0,0.0,0,0
"383_5F96",0.0,0.0,0,0
"449_5F96",0.0,0.0,0,0
"451_5F96",0.0,0.0,0,0
"452_5F96",0.0,0.0,0,0
"468_5F96",0.0,0.0,0,0
"478_5F96",0.0,0.0,0,0
"479_5F96",0.0,0.0,0,0
"481_5F96",0.0,0.0,0,0
"483_5F96",0.0,0.0,0,0
"9_1BQL",0.0,0.0,0,0
"66_4XMP",0.0,0.0,0,0
"95_4XMP",0.0,0.0,0,0
"100_4XMP",0.0,0.0,0,0
"101_4XMP",0.0,0.0,0,0
"104_4XMP",0.0,0.0,0,0
"108_4XMP",0.0,0.0,0,0
"111_4XMP",0.0,0.0,0,0
"112_4XMP",0.0,0.0,0,0
"118_4XMP",0.0,0.0,0,0
"228_4XMP",0.0,0.0,0,0
"242_4XMP",0.0,0.0,0,0
"253_4XMP",0.0,0.0,0,0
"254_4XMP",0.0993,0.0,0,0
"255_4XMP",0.1008,0.0,0,0
"256_4XMP",0.0,0.0,0,0
"259_4XMP",0.0,0.0,0,0
"260_4XMP",0.1439,0.0,0,0
"261_4XMP",0.0,0.0,0,0
"285_4XMP",0.0,0.0,0,0
"286_4XMP",0.0,0.0,0,0
"288_4XMP",0.0,0.0,0,0
"296_4XMP",0.0,0.0,0,0
"331_4XMP",0.0,0.0,0,0
"345_4XMP",0.0,0.0,0,0
"349_4XMP",0.0,0.0,0,0
"359_4XMP",0.0,0.0,0,0
"374_4XMP",0.0,0.0,0,0
"375_4XMP",0.0697,0.0,0,0
"376_4XMP",0.0,0.0,0,0
"382_4XMP",0.0,0.0,0,0
"383_4XMP",0.0,0.0,0,0
"449_4XMP",0.0,0.0,0,0
"451_4XMP",0.0,0.0,0,0
"452_4XMP",0.0,0.0,0,0
"468_4XMP",0.0,0.0,0,0
"478_4XMP",0.0,0.0,0,0
"479_4XMP",0.0,0.0,0,0
"481_4XMP",0.0668,0.0,0,0
"483_4XMP",0.0,0.0,0,0
"488_4XMP",0.0,0.0,0,0
"66_4LSU",0.0,0.0,0,0
"108_4LSU",0.0,0.0,0,0
"253_4LSU",0.0,0.0,0,0
"255_4LSU",0.0941,0.0,0,0
"259_4LSU",0.0,0.0,0,0
"260_4LSU",0.1497,0.0,0,0
"285_4LSU",0.0,0.0,0,0
"286_4LSU",0.0,0.0,0,0
"342_4LSU",0.0,0.0,0,0
"345_4LSU",0.0,0.0,0,0
"349_4LSU",0.0,0.0,0,0
"376_4LSU",0.0,0.0,0,0
"383_4LSU",0.0,0.0,0,0
"449_4LSU",0.0,0.0,0,0
"451_4LSU",0.0,0.0,0,0
"452_4LSU",0.0,0.0,0,0
"483_4LSU",0.0,0.0,0,0
"86_4RGM",0.0,0.0,0,0
"116_4RGM",0.0,0.0,0,0
"118_4RGM",0.0,0.0,0,0
"156_4RGM",0.0,0.0,0,0
"158_4RGM",0.0,0.0,0,0
"223_4RGM",0.0,0.0,0,0
"232_4RGM",0.0,0.0,0,0
"19_4IRZ",0.0,0.0,0,0
"20_4IRZ",0.0,0.0,0,0
"22_4IRZ",0.0,0.0,0,0
"23_4IRZ",0.0,0.0,0,0
"24_4IRZ",0.129,0.0,0,0
"25_4IRZ",0.0,0.0,0,0
"26_4IRZ",0.0,0.0,0,0
"34_4IRZ",0.0,0.0,0,0
"35_4IRZ",0.0,0.0,0,0
"36_4IRZ",0.0,0.0,0,0
"37_4IRZ",0.0,0.0,0,0
"38_4IRZ",0.0,0.0,0,0
"52_4IRZ",0.0,0.0,0,0
"53_4IRZ",0.0,0.0,0,0
"54_4IRZ",0.0,0.0,0,0
"55_4IRZ",0.0,0.0,0,0
"73_4IRZ",0.0,0.0,0,0
"92_4IRZ",0.0,0.0,0,0
"94_4IRZ",0.0,0.0,0,0
"95_4IRZ",0.0,0.0,0,0
"97_4IRZ",0.2829,0.0,0,0
"98_4IRZ",0.2072,0.0,0,0
"99_4IRZ",0.1526,0.0,0,0
"109_4IRZ",0.0,0.0,0,0
"110_4IRZ",0.0,0.0,0,0
"111_4IRZ",0.0,0.0,0,0
"112_4IRZ",0.0,0.0,0,0
"115_4IRZ",0.0,0.0,0,0
"117_4IRZ",0.0,0.0,0,0
"127_4IRZ",0.0,0.0,0,0
"130_4IRZ",0.0,0.0,0,0
"131_4IRZ",0.0,0.0,0,0
"132_4IRZ",0.0,0.0,0,0
"165_4IRZ",0.0,0.0,0,0
"167_4IRZ",0.0,0.0,0,0
"168_4IRZ",0.0,0.0,0,0
"170_4IRZ",0.2691,0.0,0,0
"171_4IRZ",0.2732,0.0,0,0
"172_4IRZ",0.3339,0.0391,0,0
"179_4IRZ",0.0,0.0,0,0
"180_4IRZ",0.0,0.0,0,0
"181_4IRZ",0.0,0.0,0,0
"182_4IRZ",0.0,0.0,0,0
"185_4IRZ",0.0,0.0,0,0
"192_4IRZ",0.0,0.0,0,0
"194_4IRZ",0.0,0.0,0,0
"218_4IRZ",0.0,0.0,0,0
"219_4IRZ",0.0,0.0,0,0
"221_4IRZ",0.2342,0.0,0,0
"222_4IRZ",0.2206,0.0,0,0
"223_4IRZ",0.0,0.0,0,0
"224_4IRZ",0.2696,0.0,0,0
"225_4IRZ",0.3095,0.0,0,0
"227_4IRZ",0.0,0.0,0,0
"234_4IRZ",0.0,0.0,0,0
"235_4IRZ",0.0,0.0,0,0
"236_4IRZ",0.0,0.0,0,0
"237_4IRZ",0.0,0.0,0,0
"238_4IRZ",0.0,0.0,0,0
"239_4IRZ",0.0,0.0,0,0
"246_4IRZ",0.0,0.0,0,0
"248_4IRZ",0.0,0.0,0,0
"250_4IRZ",0.0,0.0,0,0
"251_4IRZ",0.0,0.0,0,0
"274_4IRZ",0.0,0.0,0,0
"276_4IRZ",0.2739,0.0,0,0
"277_4IRZ",0.2425,0.0,0,0
"278_4IRZ",0.189,0.0,0,0
"280_4IRZ",0.0,0.0,0,0
"282_4IRZ",0.0,0.0,0,0
"288_4IRZ",0.2874,0.0,0,0
"290_4IRZ",0.0,0.0,0,0
"291_4IRZ",0.0,0.0,0,0
"292_4IRZ",0.0,0.0,0,0
"293_4IRZ",0.0,0.0,0,0
"294_4IRZ",0.0,0.0,0,0
"304_4IRZ",0.0,0.0,0,0
"306_4IRZ",0.0,0.0,0,0
"333_4IRZ",0.0,0.0,0,0
"335_4IRZ",0.0,0.0,0,0
"336_4IRZ",0.0,0.0,0,0
"338_4IRZ",0.3093,0.0,0,0
"339_4IRZ",0.2527,0.0,0,0
"340_4IRZ",0.2506,0.0,0,0
"342_4IRZ",0.0,0.0,0,0
"346_4IRZ",0.0,0.0,0,0
"352_4IRZ",0.0,0.0,0,0
"353_4IRZ",0.0,0.0,0,0
"354_4IRZ",0.0,0.0,0,0
"355_4IRZ",0.0,0.0,0,0
"356_4IRZ",0.0,0.0,0,0
"357_4IRZ",0.0,0.0,0,0
"360_4IRZ",0.0,0.0,0,0
"365_4IRZ",0.0,0.0,0,0
"366_4IRZ",0.0,0.0,0,0
"367_4IRZ",0.0,0.0,0,0
"368_4IRZ",0.0,0.0,0,0
"369_4IRZ",0.0,0.0,0,0
"371_4IRZ",0.0,0.0,0,0
"372_4IRZ",0.0,0.0,0,0
"397_4IRZ",0.0,0.0,0,0
"398_4IRZ",0.0,0.0,0,0
"400_4IRZ",0.2764,0.0,0,0
"401_4IRZ",0.3088,0.0,0,0
"402_4IRZ",0.192,0.0,0,0
"403_4IRZ",0.0,0.0,0,0
"414_4IRZ",0.0,0.0,0,0
"415_4IRZ",0.0,0.0,0,0
"416_4IRZ",0.0,0.0,0,0
"417_4IRZ",0.0,0.0,0,0
"418_4IRZ",0.0,0.0,0,0
"419_4IRZ",0.0,0.0,0,0
"424_4IRZ",0.0,0.0,0,0
"425_4IRZ",0.0,0.0,0,0
"427_4IRZ",0.0,0.0,0,0
"428_4IRZ",0.0,0.0,0,0
"430_4IRZ",0.0,0.0,0,0
"433_4IRZ",0.0,0.0,0,0
"434_4IRZ",0.0,0.0,0,0
"446_4IRZ",0.0,0.0,0,0
"467_4IRZ",0.0,0.0,0,0
"482_4IRZ",0.0,0.0,0,0
"500_4IRZ",0.0,0.0,0,0
"529_4IRZ",0.0,0.0,0,0
"544_4IRZ",0.0,0.0,0,0
"98_2FD6",0.0,0.0,0,0
"123_2FD6",0.0,0.0,0,0
"146_2FD6",0.0,0.0,0,0
"240_2FD6",0.0,0.0,0,0
"75_1SY6",0.0,0.0,0,0
"176_4HKX",0.0,0.0,0,0
"177_4HKX",0.0,0.0,0,0
"178_4HKX",0.0,0.0,0,0
"179_4HKX",0.0,0.0,0,0
"181_4HKX",0.0,0.0,0,0
"251_4HKX",0.0,0.0,0,0
"252_4HKX",0.0,0.0,0,0
"253_4HKX",0.0,0.0,0,0
"254_4HKX",0.0,0.0,0,0
"28_4G6J",0.0,0.0,0,0
"60_4G6J",0.0,0.0,0,0
"101_4G6J",0.0,0.0,0,0
"122_4G6J",0.0,0.0,0,0
"59_5UGY",0.0,0.0,0,0
"63_5UGY",0.0,0.0,0,0
"64_5UGY",0.0,0.0,0,0
"65_5UGY",0.0,0.0,0,0
"66_5UGY",0.0,0.0,0,0
"82_5UGY",0.0,0.0,0,0
"83_5UGY",0.0,0.0,0,0
"105_5UGY",0.0,0.0,0,0
"109_5UGY",0.0,0.0,0,0
"148_5UGY",0.0,0.0,0,0
"150_5UGY",0.0,0.0,0,0
"151_5UGY",0.0,0.0,0,0
"152_5UGY",0.0,0.0,0,0
"154_5UGY",0.0,0.0,0,0
"176_5UGY",0.0,0.0,0,0
"177_5UGY",0.0,0.0,0,0
"178_5UGY",0.0,0.0,0,0
"179_5UGY",0.0,0.0,0,0
"180_5UGY",0.0,0.0,0,0
"181_5UGY",0.0,0.0,0,0
"182_5UGY",0.0,0.0,0,0
"202_5UGY",0.0,0.0,0,0
"204_5UGY",0.0,0.0,0,0
"230_5UGY",0.0,0.0,0,0
"249_5UGY",0.0,0.0,0,0
"250_5UGY",0.0,0.0,0,0
"251_5UGY",0.0,0.0,0,0
"252_5UGY",0.0,0.0,0,0
"253_5UGY",0.0,0.0,0,0
"254_5UGY",0.0,0.0,0,0
"257_5UGY",0.0,0.0,0,0
"258_5UGY",0.0,0.0,0,0
"260_5UGY",0.0,0.0,0,0
"282_5UGY",0.0,0.0,0,0
"283_5UGY",0.0,0.0,0,0
"284_5UGY",0.0,0.0,0,0
"287_5UGY",0.0,0.0,0,0
"136_3Q3G",0.0,0.0,0,0
"137_3Q3G",0.0,0.0,0,0
"138_3Q3G",0.0,0.0,0,0
"139_3Q3G",0.0,0.0,0,0
"153_3Q3G",0.0,0.0,0,0
"157_3Q3G",0.0,0.0,0,0
"160_3Q3G",0.0,0.0,0,0
"214_3Q3G",0.0,0.0,0,0
"215_3Q3G",0.0,0.0,0,0
"237_3Q3G",0.0,0.0,0,0
"238_3Q3G",0.0,0.0,0,0
"239_3Q3G",0.0,0.0,0,0
"240_3Q3G",0.0,0.0,0,0
"287_3Q3G",0.0,0.0,0,0
"11_3MA9",0.0,0.0,0,0
"98_3MA9",0.0,0.0,0,0
"102_3MA9",0.0,0.0,0,0
"116_3MA9",0.0,0.0,0,0
"120_3MA9",0.0,0.0,0,0
"186_3MA9",0.0,0.0,0,0
"190_3MA9",0.0,0.0,0,0
"197_3MA9",0.0,0.0,0,0
"43_4U6V",0.0,0.0,0,0
"53_4U6V",0.0,0.0,0,0
"55_4U6V",0.0,0.0,0,0
"57_4U6V",0.0,0.0,0,0
"80_4U6V",0.0,0.0,0,0
"81_4U6V",0.0,0.0,0,0
"84_4U6V",0.0,0.0,0,0
"86_4U6V",0.0,0.0,0,0
"166_4U6V",0.0,0.0,0,0
"167_4U6V",0.0,0.0,0,0
"169_4U6V",0.0,0.0,0,0
"228_4U6V",0.0,0.0,0,0
"229_4U6V",0.0,0.0,0,0
"230_4U6V",0.0,0.0,0,0
"232_4U6V",0.0,0.0,0,0
"245_4U6V",0.0,0.0,0,0
"247_4U6V",0.0,0.0,0,0
"249_4U6V",0.0,0.0,0,0
"254_4U6V",0.0,0.0,0,0
"284_4U6V",0.0,0.0,0,0
"286_4U6V",0.0,0.0,0,0
"48_5FHX",0.0,0.0,0,0
"150_5DUM",0.0,0.0,0,0
"174_5DUM",0.0,0.0,0,0
"175_5DUM",0.0,0.0,0,0
"177_5DUM",0.0,0.0,0,0
"191_5DUM",0.0,0.0,0,0
"245_5DUM",0.0,0.0,0,0
"247_5DUM",0.0,0.0,0,0
"248_5DUM",0.0,0.0,0,0
"249_5DUM",0.0,0.0,0,0
"250_5DUM",0.0,0.0,0,0
"99_2XQB",0.0,0.0,0,0
"306_2QQN",0.0,0.0,0,0
"343_2QQN",0.0,0.0,0,0
"404_2QQN",0.0,0.0,0,0
"406_2QQN",0.0,0.0,0,0
"417_2QQN",0.0,0.0,0,0
"419_2QQN",0.0,0.0,0,0
"399_5HYS",0.0,0.0,0,0
"524_5HYS",0.0,0.0,0,0
"526_5HYS",0.0,0.0,0,0
"528_5HYS",0.0,0.0,0,0
"57_4HC1",0.0,0.0,0,0
"114_4HC1",0.0,0.0,0,0
"117_4HC1",0.0,0.0,0,0
"180_4HC1",0.0,0.0,0,0
"182_4HC1",0.0,0.0,0,0
"184_4HC1",0.0,0.0,0,0
"186_4HC1",0.0,0.0,0,0
"61_5DUR",0.0,0.0,0,0
"174_5DUR",0.0,0.0,0,0
"175_5DUR",0.0,0.0,0,0
"177_5DUR",0.0,0.0,0,0
"245_5DUR",0.0,0.0,0,0
"247_5DUR",0.0,0.0,0,0
"248_5DUR",0.0,0.0,0,0
"249_5DUR",0.0,0.0,0,0
"250_5DUR",0.0,0.0,0,0
"142_3LEV",0.0,0.0,0,0
"146_3LEV",0.0,0.0,0,0
"192_3LEV",0.0,0.0,0,0
"196_3LEV",0.0,0.0,0,0
"203_3LEV",0.0,0.0,0,0
"207_3LEV",0.0,0.0,0,0
"210_3LEV",0.0,0.0,0,0
"231_3LEV",0.0,0.0,0,0
"232_3LEV",0.0,0.0,0,0
"235_3LEV",0.0,0.0,0,0
"31_1JHL",0.0,0.0,0,0
"32_1JHL",0.0,0.0,0,0
"55_1JHL",0.0,0.0,0,0
"95_1JHL",0.0,0.0,0,0
"2208_1IQD",0.0,0.0,0,0
"2230_1IQD",0.0,0.0,0,0
"2245_1IQD",0.0,0.0,0,0
"2247_1IQD",0.0,0.0,0,0
"2306_1IQD",0.0,0.0,0,0
"2308_1IQD",0.0,0.0,0,0
"2319_1IQD",0.0,0.0,0,0
"2321_1IQD",0.0,0.0,0,0
"23_1N8Z",0.0,0.0,0,0
"24_1N8Z",0.0,0.0,0,0
"34_1N8Z",0.0,0.0,0,0
"38_1N8Z",0.0,0.0,0,0
"40_1N8Z",0.0,0.0,0,0
"52_1N8Z",0.0,0.0,0,0
"55_1N8Z",0.0,0.0,0,0
"58_1N8Z",0.0,0.0,0,0
"62_1N8Z",0.0,0.0,0,0
"64_1N8Z",0.0,0.0,0,0
"74_1N8Z",0.0,0.0,0,0
"77_1N8Z",0.0,0.0,0,0
"79_1N8Z",0.0,0.0,0,0
"80_1N8Z",0.0,0.0,0,0
"92_1N8Z",0.0,0.0,0,0
"93_1N8Z",0.0,0.0,0,0
"94_1N8Z",0.0,0.0,0,0
"115_1N8Z",0.0,0.0,0,0
"118_1N8Z",0.0,0.0,0,0
"120_1N8Z",0.0,0.0,0,0
"126_1N8Z",0.0,0.0,0,0
"133_1N8Z",0.0,0.0,0,0
"139_1N8Z",0.0,0.0,0,0
"150_1N8Z",0.0,0.0,0,0
"322_1N8Z",0.0,0.0,0,0
"334_1N8Z",0.0,0.0,0,0
"352_1N8Z",0.0,0.0,0,0
"358_1N8Z",0.0,0.0,0,0
"381_1N8Z",0.0,0.0,0,0
"384_1N8Z",0.0,0.0,0,0
"386_1N8Z",0.0,0.0,0,0
"388_1N8Z",0.0,0.0,0,0
"390_1N8Z",0.0,0.0,0,0
"400_1N8Z",0.0,0.0,0,0
"403_1N8Z",0.0,0.0,0,0
"409_1N8Z",0.0,0.0,0,0
"418_1N8Z",0.0,0.0,0,0
"420_1N8Z",0.0,0.0,0,0
"421_1N8Z",0.0,0.0,0,0
"423_1N8Z",0.0,0.0,0,0
"439_1N8Z",0.0,0.0,0,0
"442_1N8Z",0.1476,0.0,0,0
"443_1N8Z",0.0,0.0,0,0
"444_1N8Z",0.0,0.0,0,0
"45_3VG9",0.0,0.0,0,0
"88_3VG9",0.9285,0.0,0,0
"91_3VG9",0.0,0.0,0,0
"95_3VG9",0.0,0.0,0,0
"98_3VG9",0.0,0.0,0,0
"106_3VG9",0.0,0.0,0,0
"214_3VG9",0.3029,0.1947,0,0
"215_3VG9",0.301,0.1913,0,0
"25_4HCR",0.0,0.0,0,0
"57_4HCR",0.0,0.0,0,0
"72_4HCR",0.0,0.0,0,0
"114_4HCR",0.0,0.0,0,0
"182_4HCR",0.0,0.0,0,0
"186_4HCR",0.0,0.0,0,0
"59_4Z5R",0.0,0.0,0,0
"122_4ZSO",0.0,0.0,0,0
"69_4O58",0.0518,0.0,0,0
"70_4O58",0.0,0.0,0,0
"87_4O58",0.0,0.0,0,0
"88_4O58",0.0,0.0,0,0
"179_4O58",0.0,0.0,0,0
"181_4O58",0.0,0.0,0,0
"249_4O58",0.0,0.0,0,0
"251_4O58",0.0,0.0,0,0
"252_4O58",0.0,0.0,0,0
"258_4O58",0.0,0.0,0,0
"243_5KW9",0.0,0.0,0,0
"244_5KW9",0.0,0.0,0,0
"245_5KW9",0.0,0.0,0,0
"267_5KW9",0.0,0.0,0,0
"268_5KW9",0.0,0.0,0,0
"320_5KW9",0.0,0.0,0,0
"321_5KW9",0.0,0.0,0,0
"322_5KW9",0.0,0.0,0,0
"419_5KW9",0.0,0.0,0,0
"421_5KW9",0.0,0.0,0,0
"435_5KW9",0.0,0.0,0,0
"436_5KW9",0.0,0.0,0,0
"437_5KW9",0.0,0.0,0,0
"438_5KW9",0.0,0.0,0,0
"457_5KW9",0.0,0.0,0,0
"461_5KW9",0.0,0.0,0,0
"473_5KW9",0.0,0.0,0,0
"481_5KW9",0.0,0.0,0,0
"41_4UTA",0.0,0.0,0,0
"42_4UTA",0.0,0.0,0,0
"43_4UTA",0.0,0.0,0,0
"48_4UTA",0.0,0.0,0,0
"60_4UTA",0.0,0.0,0,0
"61_4UTA",0.0,0.0,0,0
"127_4UTA",0.0,0.0,0,0
"135_4UTA",0.0,0.0,0,0
"137_4UTA",0.0,0.0,0,0
"139_4UTA",0.0,0.0,0,0
"141_4UTA",0.0,0.0,0,0
"144_4UTA",0.0,0.0,0,0
"146_4UTA",0.0,0.0,0,0
"162_4UTA",0.0492,0.0,0,0
"164_4UTA",0.0,0.0,0,0
"171_4UTA",0.0776,0.0482,0,0
"181_4UTA",0.0,0.0,0,0
"183_4UTA",0.0,0.0,0,0
"197_4UTA",0.0,0.0,0,0
"198_4UTA",0.0,0.0,0,0
"199_4UTA",0.0,0.0,0,0
"219_4UTA",0.0,0.0,0,0
"287_4UTA",0.0,0.0,0,0
"324_4UTA",0.0,0.0,0,0
"365_4UTA",0.0534,0.0,0,0
"367_4UTA",0.0,0.0,0,0
"513_1FNS",0.0,0.0,0,0
"515_1FNS",0.0,0.0,0,0
"517_1FNS",0.0,0.0,0,0
"518_1FNS",0.0,0.0,0,0
"519_1FNS",0.0,0.0,0,0
"520_1FNS",0.0,0.0,0,0
"533_1FNS",0.0,0.0,0,0
"537_1FNS",0.0,0.0,0,0
"540_1FNS",0.0,0.0,0,0
"617_1FNS",0.0,0.0,0,0
"618_1FNS",0.0,0.0,0,0
"619_1FNS",0.0,0.0,0,0
"620_1FNS",0.0,0.0,0,0
"621_1FNS",0.0,0.0,0,0
"649_1FNS",0.0,0.0,0,0
"650_1FNS",0.0,0.0,0,0
"651_1FNS",0.0,0.0,0,0
"665_1FNS",0.0,0.0,0,0
"396_4ZPT",0.0,0.0,0,0
"443_4ZPT",0.0,0.0,0,0
"446_4ZPT",0.0,0.0,0,0
"569_4ZPT",0.0,0.0,0,0
"570_4ZPT",0.0,0.0,0,0
"571_4ZPT",0.0,0.0,0,0
"83_4CNI",0.0,0.0,0,0
"87_4CNI",0.0,0.0,0,0
"91_4CNI",0.0,0.0,0,0
"166_4CNI",0.0,0.0,0,0
"63_1AHW",0.0,0.0,0,0
"102_1AHW",0.0,0.0,0,0
"191_1AHW",0.0,0.0,0,0
"41_4UV7",0.0,0.0,0,0
"43_4UV7",0.0,0.0,0,0
"55_4UV7",0.0,0.0,0,0
"58_4UV7",0.0,0.0,0,0
"60_4UV7",0.0923,0.0,0,0
"61_4UV7",0.0,0.0,0,0
"65_4UV7",0.0,0.0,0,0
"77_4UV7",0.0,0.0,0,0
"80_4UV7",0.0,0.0,0,0
"82_4UV7",0.0,0.0,0,0
"83_4UV7",0.0,0.0,0,0
"108_4UV7",0.0,0.0,0,0
"111_4UV7",0.0,0.0,0,0
"112_4UV7",0.0,0.0,0,0
"113_4UV7",0.0,0.0,0,0
"116_4UV7",0.0,0.0,0,0
"177_4UV7",0.0431,0.0,0,0
"345_4UV7",0.0,0.0,0,0
"368_4UV7",0.0,0.0,0,0
"371_4UV7",0.0,0.0,0,0
"374_4UV7",0.0,0.0,0,0
"377_4UV7",0.0,0.0,0,0
"393_4UV7",0.0,0.0,0,0
"395_4UV7",0.0,0.0,0,0
"396_4UV7",0.0,0.0,0,0
"399_4UV7",0.0,0.0,0,0
"402_4UV7",0.0,0.0,0,0
"424_4UV7",0.0,0.0,0,0
"426_4UV7",0.0,0.0,0,0
"335_5E8E",0.0,0.0,0,0
"336_5E8E",0.0,0.0,0,0
"338_5E8E",0.0,0.0,0,0
"349_5E8E",0.0,0.0,0,0
"350_5E8E",0.0,0.0,0,0
"351_5E8E",0.0,0.0,0,0
"358_5E8E",0.0,0.0,0,0
"359_5E8E",0.0,0.0,0,0
"360_5E8E",0.0,0.0,0,0
"361_5E8E",0.0,0.0,0,0
"420_5E8E",0.0,0.0,0,0
"458_5E8E",0.0,0.0,0,0
"460_5E8E",0.0,0.0,0,0
"508_5E8E",0.0,0.0,0,0
"526_5E8E",0.0,0.0,0,0
"527_5E8E",0.0,0.0,0,0
"528_5E8E",0.0,0.0,0,0
"541_5E8E",0.0,0.0,0,0
"543_5E8E",0.0,0.0,0,0
"544_5E8E",0.0,0.0,0,0
"560_5E8E",0.0,0.0,0,0
"561_5E8E",0.0,0.0,0,0
"563_5E8E",0.0,0.0,0,0
"70_4YQX",0.0,0.0,0,0
"73_4YQX",0.0,0.0,0,0
"182_5MES",0.0,0.0,0,0
"186_5MES",0.0,0.0,0,0
"268_5MES",0.0,0.0,0,0
"275_5MES",0.0,0.0,0,0
"294_5MES",0.0,0.0,0,0
"298_5MES",0.0,0.0,0,0
"41_1YY9",0.0,0.0,0,0
"43_1YY9",0.0,0.0,0,0
"55_1YY9",0.0,0.0,0,0
"58_1YY9",0.0,0.0,0,0
"65_1YY9",0.0,0.0,0,0
"66_1YY9",0.0,0.0,0,0
"67_1YY9",0.0,0.0,0,0
"75_1YY9",0.0,0.0,0,0
"76_1YY9",0.0,0.0,0,0
"77_1YY9",0.0,0.0,0,0
"80_1YY9",0.0,0.0,0,0
"83_1YY9",0.0,0.0,0,0
"95_1YY9",0.0,0.0,0,0
"97_1YY9",0.0,0.0,0,0
"108_1YY9",0.0,0.0,0,0
"111_1YY9",0.0,0.0,0,0
"112_1YY9",0.0,0.0,0,0
"113_1YY9",0.0,0.0,0,0
"116_1YY9",0.0,0.0,0,0
"176_1YY9",0.0,0.0,0,0
"182_1YY9",0.0,0.0,0,0
"226_1YY9",0.0704,0.0,0,0
"327_1YY9",0.0,0.0,0,0
"345_1YY9",0.0,0.0,0,0
"368_1YY9",0.0,0.0,0,0
"371_1YY9",0.0,0.0,0,0
"374_1YY9",0.0,0.0,0,0
"377_1YY9",0.0,0.0,0,0
"381_1YY9",0.0,0.0,0,0
"393_1YY9",0.0,0.0,0,0
"394_1YY9",0.0375,0.0,0,0
"395_1YY9",0.0,0.0,0,0
"396_1YY9",0.0,0.0,0,0
"399_1YY9",0.0,0.0,0,0
"402_1YY9",0.0,0.0,0,0
"413_1YY9",0.0,0.0,0,0
"414_1YY9",0.0,0.0,0,0
"424_1YY9",0.0,0.0,0,0
"425_1YY9",0.0,0.0,0,0
"426_1YY9",0.0,0.0,0,0
"491_1YY9",0.0,0.0,0,0
"493_1YY9",0.0,0.0,0,0
"498_1YY9",0.0,0.0,0,0
"30_3LIZ",0.0,0.0,0,0
"38_3LIZ",0.0,0.0,0,0
"39_3LIZ",0.0,0.0,0,0
"40_3LIZ",0.0,0.0,0,0
"41_3LIZ",0.0,0.0,0,0
"85_3LIZ",0.0,0.0,0,0
"101_3LIZ",0.0,0.0,0,0
"102_3LIZ",0.0,0.0,0,0
"119_3LIZ",0.0,0.0,0,0
"120_3LIZ",0.0,0.0,0,0
"121_3LIZ",0.0,0.0,0,0
"122_3LIZ",0.0,0.0,0,0
"123_3LIZ",0.0,0.0,0,0
"125_3LIZ",0.0,0.0,0,0
"136_3LIZ",0.0,0.0,0,0
"140_3LIZ",0.0,0.0,0,0
"153_3LIZ",0.0,0.0,0,0
"212_3LIZ",0.0,0.0,0,0
"214_3LIZ",0.0,0.0,0,0
"258_3LIZ",0.0,0.0,0,0
"260_3LIZ",0.0,0.0,0,0
"299_3LIZ",0.0,0.0,0,0
"301_3LIZ",0.0,0.0,0,0
"302_3LIZ",0.0,0.0,0,0
"311_3LIZ",0.0,0.0,0,0
"24_1OAZ",0.0,0.0,0,0
"25_1OAZ",0.0,0.0,0,0
"87_4O9H",0.0,0.0,0,0
"91_4O9H",0.0,0.0,0,0
"126_4O9H",0.0,0.0,0,0
"98_2YPV",0.0,0.0,0,0
"106_2YPV",0.0,0.0,0,0
"234_2YPV",0.0,0.0,0,0
"250_2YPV",0.0,0.0,0,0
"251_2YPV",0.0,0.0,0,0
"337_3BGF",0.0,0.0,0,0
"384_3BGF",0.0,0.0,0,0
"387_3BGF",0.0,0.0,0,0
"410_3BGF",0.0,0.0,0,0
"419_3BGF",0.0,0.0,0,0
"496_3BGF",0.0,0.0,0,0
"497_3BGF",0.0,0.0,0,0
"498_3BGF",0.0,0.0,0,0
"213_1TPX",0.0,0.0,0,0
"217_1TPX",0.0,0.0,0,0
"14_2CMR",0.0,0.0,0,0
"98_2CMR",0.0,0.0,0,0
"99_2CMR",0.0,0.0,0,0
"102_2CMR",0.0,0.0,0,0
"109_2CMR",0.0,0.0,0,0
"116_2CMR",0.0,0.0,0,0
"55_1A2Y",0.0,0.0,0,0
"55_1C08",0.0,0.0,0,0
"95_1C08",0.0,0.0,0,0
"70_3SKJ",0.0,0.0,0,0
"156_3SKJ",0.0,0.0,0,0
"157_3SKJ",0.0,0.0,0,0
"158_3SKJ",0.0,0.0,0,0
"24_5HDQ",0.0,0.0,0,0
"25_5HDQ",0.0,0.0,0,0
"68_5HDQ",0.0,0.0,0,0
"69_5HDQ",0.0,0.0,0,0
"122_5HDQ",0.0,0.0,0,0
"123_5HDQ",0.0,0.0,0,0
"125_5HDQ",0.0,0.0,0,0
"126_5HDQ",0.0,0.0,0,0
"131_5HDQ",0.0,0.0,0,0
"134_5HDQ",0.0,0.0,0,0
"135_5HDQ",0.0,0.0,0,0
"138_5HDQ",0.0,0.0,0,0
"142_5HDQ",0.0,0.0,0,0
"188_5HDQ",0.0,0.0,0,0
"279_5HDQ",0.0,0.0,0,0
"9_3PGF",0.0,0.0,0,0
"20_3PGF",0.0,0.0,0,0
"59_3PGF",0.0,0.0,0,0
"60_3PGF",0.0,0.0,0,0
"61_3PGF",0.0,0.0,0,0
"63_3PGF",0.157,0.0,0,0
"105_3PGF",0.0,0.0,0,0
"106_3PGF",0.0,0.0,0,0
"107_3PGF",0.0,0.0,0,0
"108_3PGF",0.0,0.0,0,0
"113_3PGF",0.0,0.0,0,0
"114_3PGF",0.0,0.0,0,0
"116_3PGF",0.0,0.0,0,0
"132_3PGF",0.0,0.0,0,0
"146_3PGF",0.0,0.0,0,0
"157_3PGF",0.0,0.0,0,0
"159_3PGF",0.0,0.0,0,0
"160_3PGF",0.0,0.0,0,0
"192_3PGF",0.0,0.0,0,0
"195_3PGF",0.0,0.0,0,0
"224_3PGF",0.0,0.0,0,0
"225_3PGF",0.0,0.0,0,0
"226_3PGF",0.0,0.0,0,0
"228_3PGF",0.0,0.0,0,0
"229_3PGF",0.0,0.0,0,0
"262_3PGF",0.0,0.0,0,0
"263_3PGF",0.0,0.0,0,0
"264_3PGF",0.0,0.0,0,0
"265_3PGF",0.0,0.0,0,0
"266_3PGF",0.0,0.0,0,0
"276_3PGF",0.0,0.0,0,0
"279_3PGF",0.0,0.0,0,0
"280_3PGF",0.0,0.0,0,0
"284_3PGF",0.0,0.0,0,0
"290_3PGF",0.0,0.0,0,0
"293_3PGF",0.0,0.0,0,0
"299_3PGF",0.0359,0.0,0,0
"343_3PGF",0.0,0.0,0,0
"347_3PGF",0.0,0.0,0,0
"129_1EZV",0.0,0.0,0,0
"153_1EZV",0.0,0.0,0,0
"154_1EZV",0.0,0.0,0,0
"155_1EZV",0.0,0.0,0,0
"185_1EZV",0.0,0.0,0,0
"186_1EZV",0.0,0.0,0,0
"187_1EZV",0.0,0.0,0,0
"188_1EZV",0.0,0.0,0,0
"189_1EZV",0.0,0.0,0,0
"190_1EZV",0.0,0.0,0,0
"60_4IJ3",0.0,0.0,0,0
"62_4IJ3",0.0,0.0,0,0
"63_4IJ3",0.0,0.0,0,0
"99_4IJ3",0.0,0.0,0,0
"189_4IJ3",0.0,0.0,0,0
"191_4IJ3",0.0,0.0,0,0
"203_4IJ3",0.0,0.0,0,0
"205_4IJ3",0.0,0.0,0,0
"218_4IJ3",0.0,0.0,0,0
"87_4HF5",0.0,0.0,0,0
"178_4HF5",0.0,0.0,0,0
"179_4HF5",0.0,0.0,0,0
"181_4HF5",0.0,0.0,0,0
"185_4HF5",0.0,0.0,0,0
"249_4HF5",0.0,0.0,0,0
"251_4HF5",0.0,0.0,0,0
"252_4HF5",0.0,0.0,0,0
"253_4HF5",0.0,0.0,0,0
"254_4HF5",0.0,0.0,0,0
"257_4HF5",0.0,0.0,0,0
"108_4XVS",0.0,0.0,0,0
"253_4XVS",0.0,0.0,0,0
"259_4XVS",0.0,0.0,0,0
"284_4XVS",0.0,0.0,0,0
"286_4XVS",0.0,0.0,0,0
"288_4XVS",0.0,0.0,0,0
"345_4XVS",0.0,0.0,0,0
"349_4XVS",0.0,0.0,0,0
"449_4XVS",0.0,0.0,0,0
"452_4XVS",0.0,0.0,0,0
"469_4XVS",0.0,0.0,0,0
"480_4XVS",0.0,0.0,0,0
"482_4XVS",0.0696,0.0,0,0
"484_4XVS",0.0,0.0,0,0
"108_3NGB",0.0,0.0,0,0
"253_3NGB",0.0,0.0,0,0
"254_3NGB",0.1109,0.0,0,0
"255_3NGB",0.069,0.0,0,0
"259_3NGB",0.0,0.0,0,0
"260_3NGB",0.0,0.0,0,0
"286_3NGB",0.0,0.0,0,0
"288_3NGB",0.0,0.0,0,0
"296_3NGB",0.0,0.0,0,0
"342_3NGB",0.0,0.0,0,0
"345_3NGB",0.0,0.0,0,0
"376_3NGB",0.0,0.0,0,0
"377_3NGB",0.1306,0.0,0,0
"383_3NGB",0.0,0.0,0,0
"451_3NGB",0.0,0.0,0,0
"452_3NGB",0.0,0.0,0,0
"468_3NGB",0.0,0.0,0,0
"479_3NGB",0.0,0.0,0,0
"481_3NGB",0.0,0.0,0,0
"483_3NGB",0.0,0.0,0,0
"34_1HYS",0.0,0.0,0,0
"38_1HYS",0.0,0.0,0,0
"58_1HYS",0.0,0.0,0,0
"60_1HYS",0.0,0.0,0,0
"73_1HYS",0.0,0.0,0,0
"74_1HYS",0.0,0.0,0,0
"75_1HYS",0.0,0.0,0,0
"77_1HYS",0.0,0.0,0,0
"80_1HYS",0.0,0.0,0,0
"106_1HYS",0.0,0.0,0,0
"108_1HYS",0.1957,0.4957,0,0
"109_1HYS",0.0907,0.0,0,0
"111_1HYS",0.0,0.0,0,0
"128_1HYS",0.0,0.0,0,0
"129_1HYS",0.0,0.0,0,0
"130_1HYS",0.0,0.0,0,0
"146_1HYS",0.0,0.0,0,0
"150_1HYS",0.0,0.0,0,0
"152_1HYS",0.0938,0.0,0,0
"153_1HYS",0.0,0.0,0,0
"156_1HYS",0.0,0.0,0,0
"157_1HYS",0.0,0.0,0,0
"185_1HYS",0.0,0.0,0,0
"186_1HYS",0.0,0.0,0,0
"189_1HYS",0.0,0.0,0,0
"209_1HYS",0.0,0.0,0,0
"299_1HYS",0.2587,0.0,0,0
"369_1HYS",0.0,0.0,0,0
"372_1HYS",0.0,0.0,0,0
"375_1HYS",0.0,0.0,0,0
"376_1HYS",0.0,0.0,0,0
"380_1HYS",0.0,0.0,0,0
"408_1HYS",0.1061,0.0,0,0
"409_1HYS",0.0,0.0,0,0
"410_1HYS",0.072,0.0,0,0
"42_4LIQ",0.0,0.0,0,0
"80_4LIQ",0.0,0.0,0,0
"99_4LIQ",0.0,0.0,0,0
"101_4LIQ",0.0,0.0,0,0
"127_4LIQ",0.0,0.0,0,0
"177_4LIQ",0.0,0.0,0,0
"222_4LIQ",0.0,0.0,0,0
"224_4LIQ",0.0,0.0,0,0
"321_4LIQ",0.0,0.0,0,0
"485_4LIQ",0.0,0.0,0,0
"87_4ZS7",0.0,0.0,0,0
"91_4ZS7",0.0,0.0,0,0
"161_2XQY",0.0,0.0,0,0
"186_2XQY",0.0,0.0,0,0
"246_2XQY",0.0,0.0,0,0
"250_2XQY",0.0,0.0,0,0
"254_2XQY",0.0,0.0,0,0
"270_2XQY",0.0,0.0,0,0
"273_2XQY",0.0,0.0,0,0
"274_2XQY",0.0,0.0,0,0
"275_2XQY",0.0,0.0,0,0
"276_2XQY",0.0,0.0,0,0
"277_2XQY",0.0,0.0,0,0
"278_2XQY",0.0,0.0,0,0
"299_2XQY",0.0,0.0,0,0
"300_2XQY",0.0,0.0,0,0
"302_2XQY",0.0,0.0,0,0
"304_2XQY",0.0,0.0,0,0
"305_2XQY",0.0,0.0,0,0
"306_2XQY",0.0,0.0,0,0
"341_2XQY",0.0,0.0,0,0
"342_2XQY",0.0,0.0,0,0
"343_2XQY",0.0,0.0,0,0
"355_2XQY",0.0,0.0,0,0
"359_2XQY",0.0,0.0,0,0
"363_2XQY",0.0,0.0,0,0
"378_2XQY",0.0,0.0,0,0
"380_2XQY",0.0,0.0,0,0
"381_2XQY",0.0,0.0,0,0
"382_2XQY",0.0,0.0,0,0
"383_2XQY",0.0,0.0,0,0
"397_2XQY",0.0,0.0,0,0
"400_2XQY",0.0,0.0,0,0
"401_2XQY",0.0,0.0,0,0
"402_2XQY",0.1468,0.0,0,0
"404_2XQY",0.0,0.0,0,0
"432_2XQY",0.0,0.0,0,0
"433_2XQY",0.0,0.0,0,0
"435_2XQY",0.0,0.0,0,0
"436_2XQY",0.0,0.0,0,0
"437_2XQY",0.0,0.0,0,0
"438_2XQY",0.0,0.0,0,0
"439_2XQY",0.3322,0.0,0,0
"440_2XQY",0.265,0.0,0,0
"441_2XQY",0.0,0.0,0,0
"442_2XQY",0.0,0.0,0,0
"443_2XQY",0.2582,0.0,0,0
"460_2XQY",0.0,0.0,0,0
"463_2XQY",0.0,0.0,0,0
"464_2XQY",0.0,0.0,0,0
"487_2XQY",0.0,0.0,0,0
"488_2XQY",0.0,0.0,0,0
"501_2XQY",0.0,0.0,0,0
"502_2XQY",0.0,0.0,0,0
"513_2XQY",0.0,0.0,0,0
"574_2XQY",0.2322,0.0,0,0
"576_2XQY",0.0,0.0,0,0
"584_2XQY",0.0,0.0,0,0
"587_2XQY",0.0,0.0,0,0
"588_2XQY",0.0,0.0,0,0
"589_2XQY",0.0,0.0,0,0
"595_2XQY",0.0,0.0,0,0
"622_2XQY",0.0,0.0,0,0
"66_4JPW",0.0,0.0,0,0
"253_4JPW",0.0,0.0,0,0
"255_4JPW",0.085,0.0,0,0
"259_4JPW",0.0,0.0,0,0
"260_4JPW",0.12,0.0,0,0
"285_4JPW",0.0,0.0,0,0
"286_4JPW",0.0,0.0,0,0
"349_4JPW",0.0,0.0,0,0
"376_4JPW",0.0864,0.0,0,0
"382_4JPW",0.1908,0.0,0,0
"383_4JPW",0.0,0.0,0,0
"449_4JPW",0.0,0.0,0,0
"451_4JPW",0.0,0.0,0,0
"452_4JPW",0.0,0.0,0,0
"478_4JPW",0.0,0.0,0,0
"479_4JPW",0.0,0.0,0,0
"483_4JPW",0.0,0.0,0,0
"488_4JPW",0.3158,0.0,0,0
"369_4BZ1",0.0,0.0,0,0
"4_1AR1",0.0,0.0,0,0
"112_1AR1",0.0,0.0,0,0
"114_1AR1",0.0,0.0,0,0
"116_1AR1",0.0,0.0,0,0
"157_1AR1",0.0,0.0,0,0
"158_1AR1",0.0,0.0,0,0
"161_1AR1",0.0,0.0,0,0
"162_1AR1",0.0,0.0,0,0
"163_1AR1",0.0,0.0,0,0
"164_1AR1",0.0,0.0,0,0
"165_1AR1",0.0,0.0,0,0
"170_1AR1",0.0,0.0,0,0
"229_1AR1",0.0,0.0,0,0
"230_1AR1",0.0,0.0,0,0
"231_1AR1",0.0,0.0,0,0
"232_1AR1",0.0419,0.0,0,0
"233_1AR1",0.0,0.0,0,0
"234_1AR1",0.0,0.0,0,0
"239_1AR1",0.0566,0.0,0,0
"243_1AR1",0.0905,0.0,0,0
"182_3SQO",0.0,0.0,0,0
"184_3SQO",0.0,0.0,0,0
"185_3SQO",0.0,0.0,0,0
"228_3SQO",0.0,0.0,0,0
"231_3SQO",0.0,0.0,0,0
"232_3SQO",0.0,0.0,0,0
"233_3SQO",0.0,0.0,0,0
"234_3SQO",0.0,0.0,0,0
"236_3SQO",0.0,0.0,0,0
"284_3SQO",0.0,0.0,0,0
"285_3SQO",0.0,0.0,0,0
"286_3SQO",0.0,0.0,0,0
"311_3SQO",0.0,0.0,0,0
"312_3SQO",0.0,0.0,0,0
"333_3SQO",0.0,0.0,0,0
"334_3SQO",0.0,0.0,0,0
"335_3SQO",0.0,0.0,0,0
"336_3SQO",0.0,0.0,0,0
"337_3SQO",0.0,0.0,0,0
"338_3SQO",0.0,0.0,0,0
"339_3SQO",0.0,0.0,0,0
"359_3SQO",0.0,0.0,0,0
"360_3SQO",0.1355,0.0,0,0
"361_3SQO",0.0,0.0,0,0
"362_3SQO",0.0,0.0,0,0
"363_3SQO",0.0,0.0,0,0
"364_3SQO",0.0,0.0,0,0
"388_3SQO",0.0,0.0,0,0
"389_3SQO",0.0,0.0,0,0
"390_3SQO",0.0,0.0,0,0
"391_3SQO",0.0,0.0,0,0
"392_3SQO",0.0,0.0,0,0
"393_3SQO",0.0,0.0,0,0
"394_3SQO",0.0,0.0,0,0
"396_3SQO",0.0,0.0,0,0
"411_3SQO",0.0,0.0,0,0
"415_3SQO",0.0,0.0,0,0
"416_3SQO",0.1049,0.0,0,0
"437_3SQO",0.0,0.0,0,0
"438_3SQO",0.1247,0.0081,0,0
"440_3SQO",0.0,0.0,0,0
"459_3SQO",0.096,0.0525,0,0
"484_3SQO",0.0,0.0,0,0
"485_3SQO",0.1941,0.0,0,0
"486_3SQO",0.0,0.0,0,0
"487_3SQO",0.1699,0.0,0,0
"488_3SQO",0.0,0.0,0,0
"497_3SQO",0.0,0.0,0,0
"498_3SQO",0.12,0.0,0,0
"523_3SQO",0.0,0.0,0,0
"524_3SQO",0.0,0.0,0,0
"526_3SQO",0.0,0.0,0,0
"560_3SQO",0.0,0.0,0,0
"563_3SQO",0.0,0.0,0,0
"564_3SQO",0.13,0.0,0,0
"598_3SQO",0.0,0.0,0,0
"599_3SQO",0.0,0.0,0,0
"632_3SQO",0.0,0.0,0,0
"633_3SQO",0.0,0.0,0,0
"634_3SQO",0.1327,0.0,0,0
"635_3SQO",0.1631,0.0,0,0
"647_3SQO",0.0713,0.0,0,0
"649_3SQO",0.1307,0.0,0,0
"656_3SQO",0.0,0.0,0,0
"674_3SQO",0.0,0.0,0,0
"371_5SX4",0.0,0.0,0,0
"395_5SX4",0.0,0.0,0,0
"396_5SX4",0.0,0.0,0,0
"39_5B3J",0.0,0.0,0,0
"96_5B3J",0.0,0.0,0,0
"97_5B3J",0.0,0.0,0,0
"98_5B3J",0.0,0.0,0,0
"99_5B3J",0.0,0.0,0,0
"112_5B3J",0.0,0.0,0,0
"123_5B3J",0.0,0.0,0,0
"124_5B3J",0.0,0.0,0,0
"125_5B3J",0.0,0.0,0,0
"130_5B3J",0.0,0.0,0,0
"147_5B3J",0.0,0.0,0,0
"229_5B3J",0.0,0.0,0,0
"280_5B3J",0.0,0.0,0,0
"293_5B3J",0.0,0.0,0,0
"296_5B3J",0.0,0.0,0,0
"297_5B3J",0.0,0.0,0,0
"298_5B3J",0.0,0.0,0,0
"299_5B3J",0.0,0.0,0,0
"300_5B3J",0.0,0.0,0,0
"301_5B3J",0.0,0.0,0,0
"37_3RVV",0.0,0.0,0,0
"39_3RVV",0.0,0.0,0,0
"40_3RVV",0.0,0.0,0,0
"42_3RVV",0.0,0.0,0,0
"43_3RVV",0.0,0.0,0,0
"46_3RVV",0.0,0.0,0,0
"59_3RVV",0.0,0.0,0,0
"138_3RVV",0.0,0.0,0,0
"139_3RVV",0.0,0.0,0,0
"173_3RVV",0.0,0.0,0,0
"174_3RVV",0.0,0.0,0,0
"175_3RVV",0.0,0.0,0,0
"176_3RVV",0.0,0.0,0,0
"177_3RVV",0.0,0.0,0,0
"189_3RVV",0.0,0.0,0,0
"102_3MXW",0.0,0.0,0,0
"127_3MXW",0.0,0.0,0,0
"143_3MXW",0.0,0.0,0,0
"183_3MXW",0.0,0.0,0,0
"185_3MXW",0.0,0.0,0,0
"6_1WEJ",0.0,0.0,0,0
"21_5IES",0.0,0.0,0,0
"22_5IES",0.0,0.0,0,0
"23_5IES",0.0,0.0,0,0
"89_5IES",0.0,0.0,0,0
"119_5IES",0.0,0.0,0,0
"406_4OGX",0.0,0.0,0,0
"420_4OGX",0.0,0.0,0,0
"421_4OGX",0.0,0.0,0,0
"422_4OGX",0.0,0.0,0,0
"431_4OGX",0.0,0.0,0,0
"432_4OGX",0.0,0.0,0,0
"487_4OGX",0.0,0.0,0,0
"519_4OGX",0.0,0.0,0,0
"520_4OGX",0.0,0.0,0,0
"521_4OGX",0.0,0.0,0,0
"580_4OGX",0.0,0.0,0,0
"581_4OGX",0.0,0.0,0,0
"582_4OGX",0.0,0.0,0,0
"592_4OGX",0.0,0.0,0,0
"594_4OGX",0.0,0.0,0,0
"595_4OGX",0.0,0.0,0,0
"612_4OGX",0.0,0.0,0,0
"122_4G6M",0.0,0.0,0,0
"41_3I50",0.0,0.0,0,0
"60_3I50",0.0,0.0,0,0
"127_3I50",0.0,0.0,0,0
"186_3I50",0.0,0.0,0,0
"203_3I50",0.1831,0.0,0,0
"204_3I50",0.0,0.0,0,0
"224_3I50",0.0,0.0,0,0
"290_3I50",0.0,0.0,0,0
"292_3I50",0.0,0.0,0,0
"295_3I50",0.0,0.0,0,0
"74_3D85",0.0,0.0,0,0
"396_4XAK",0.0,0.0,0,0
"468_4XAK",0.0,0.0,0,0
"482_4XAK",0.0,0.0,0,0
"570_4XAK",0.0,0.0,0,0
"571_4XAK",0.0,0.0,0,0
"572_4XAK",0.0,0.0,0,0
"175_5EN2",0.0,0.0,0,0
"215_5EN2",0.0,0.0,0,0
"59_5D70",0.0,0.0,0,0
"432_2OZ4",0.0,0.0,0,0
"1539_5CZX",0.0,0.0,0,0
"1607_5CZX",0.0,0.0,0,0
"1611_5CZX",0.0,0.0,0,0
"1612_5CZX",0.0,0.0,0,0
"32_3ZKM",0.0,0.0,0,0
"34_3ZKM",0.0,0.0,0,0
"45_3ZKM",0.0,0.0,0,0
"47_3ZKM",0.0,0.0,0,0
"49_3ZKM",0.0,0.0,0,0
"54_3ZKM",0.1048,0.0,0,0
"55_3ZKM",0.0,0.0,0,0
"56_3ZKM",0.0,0.0,0,0
"133_3ZKM",0.0,0.0,0,0
"135_3ZKM",0.0,0.0,0,0
"136_3ZKM",0.0,0.0,0,0
"137_3ZKM",0.0,0.0,0,0
"138_3ZKM",0.0,0.0,0,0
"152_3ZKM",0.0,0.0,0,0
"153_3ZKM",0.0,0.0,0,0
"166_3ZKM",0.0,0.0,0,0
"168_3ZKM",0.0,0.0,0,0
"187_3ZKM",0.0,0.0,0,0
"204_3ZKM",0.0,0.0,0,0
"212_3ZKM",0.0,0.0,0,0
"215_3ZKM",0.0,0.0,0,0
"216_3ZKM",0.0,0.0,0,0
"240_3ZKM",0.0,0.0,0,0
"298_3ZKM",0.0,0.0,0,0
"300_3ZKM",0.0,0.0,0,0
"311_3ZKM",0.0,0.0,0,0
"343_3ZKM",0.0,0.0,0,0
"345_3ZKM",0.0,0.0,0,0
"346_3ZKM",0.0,0.0,0,0
"349_3ZKM",0.0,0.0,0,0
"350_3ZKM",0.0,0.0,0,0
"353_3ZKM",0.0,0.0,0,0
"355_3ZKM",0.0,0.0,0,0
"357_3ZKM",0.0,0.0,0,0
"364_3ZKM",0.0,0.0,0,0
"365_3ZKM",0.0,0.0,0,0
"366_3ZKM",0.0,0.0,0,0
"32_5SY8",0.0,0.0,0,0
"35_5SY8",0.0,0.0,0,0
"39_5SY8",0.0,0.0,0,0
"86_5SY8",0.0,0.0,0,0
"87_5SY8",0.0,0.0,0,0
"88_5SY8",0.0,0.0,0,0
"89_5SY8",0.0,0.0,0,0
"111_5SY8",0.0,0.0,0,0
"112_5SY8",0.0,0.0,0,0
"114_5SY8",0.0,0.0,0,0
"151_5SY8",0.0,0.0,0,0
"571_3RKD",0.0,0.0,0,0
"579_3RKD",0.0,0.0,0,0
"41_5JHL",0.0,0.0,0,0
"43_5JHL",0.0,0.0,0,0
"60_5JHL",0.0,0.0,0,0
"117_5JHL",0.0,0.0,0,0
"127_5JHL",0.0,0.0,0,0
"137_5JHL",0.0,0.0,0,0
"169_5JHL",0.0,0.0,0,0
"204_5JHL",0.0,0.0,0,0
"326_5JHL",0.0,0.0,0,0
"44_1H0D",0.0,0.0,0,0
"45_1H0D",0.0,0.0,0,0
"31_4M62",0.0,0.0,0,0
"35_4M62",0.0,0.0,0,0
"36_4M62",0.0,0.0,0,0
"87_4M62",0.0,0.0,0,0
"88_4M62",0.0,0.0,0,0
"89_4M62",0.0,0.0,0,0
"111_4M62",0.0,0.0,0,0
"112_4M62",0.0,0.0,0,0
"113_4M62",0.0,0.0,0,0
"114_4M62",0.0,0.0,0,0
"140_4M62",0.0,0.0,0,0
"151_4M62",0.0,0.0,0,0
"20_5H35",0.0,0.0,0,0
"23_5H35",0.8821,0.0,0,0
"38_5H35",0.0,0.0,0,0
"41_5H35",0.0,0.0,0,0
"42_5H35",0.0,0.0,0,0
"101_5H35",0.0,0.0,0,0
"105_5H35",0.0,0.0,0,0
"109_5H35",0.0,0.0,0,0
"126_5H35",0.0,0.0,0,0
"130_5H35",0.0,0.0,0,0
"134_5H35",0.0,0.0,0,0
"259_2NY7",0.0,0.0,0,0
"284_2NY7",0.0,0.0,0,0
"285_2NY7",0.0,0.0,0,0
"286_2NY7",0.0,0.0,0,0
"331_2NY7",0.0,0.0,0,0
"345_2NY7",0.0,0.0,0,0
"359_2NY7",0.0,0.0,0,0
"451_2NY7",0.0,0.0,0,0
"452_2NY7",0.0,0.0,0,0
"468_2NY7",0.0,0.0,0,0
"22_2NYY",0.0,0.0,0,0
"24_2NYY",0.0,0.0,0,0
"25_2NYY",0.0,0.0,0,0
"35_2NYY",0.0,0.0,0,0
"41_2NYY",0.0,0.0,0,0
"42_2NYY",0.0,0.0,0,0
"43_2NYY",0.0,0.0,0,0
"44_2NYY",0.0,0.0,0,0
"45_2NYY",0.0,0.0,0,0
"70_2NYY",0.0,0.0,0,0
"87_2NYY",0.0,0.0,0,0
"90_2NYY",0.0,0.0,0,0
"91_2NYY",0.0,0.0,0,0
"94_2NYY",0.0,0.0,0,0
"104_2NYY",0.0,0.0,0,0
"107_2NYY",0.0,0.0,0,0
"110_2NYY",0.0,0.0,0,0
"111_2NYY",0.0,0.0,0,0
"114_2NYY",0.0,0.0,0,0
"115_2NYY",0.0,0.0,0,0
"116_2NYY",0.0,0.0,0,0
"127_2NYY",0.0,0.0,0,0
"133_2NYY",0.0,0.0,0,0
"134_2NYY",0.0,0.0,0,0
"135_2NYY",0.0,0.0,0,0
"137_2NYY",0.0,0.0,0,0
"148_2NYY",0.0461,0.0,0,0
"149_2NYY",0.0,0.0,0,0
"150_2NYY",0.0,0.0,0,0
"151_2NYY",0.0,0.0,0,0
"152_2NYY",0.0,0.0,0,0
"153_2NYY",0.0,0.0,0,0
"154_2NYY",0.0,0.0,0,0
"155_2NYY",0.0,0.0,0,0
"156_2NYY",0.0,0.0,0,0
"157_2NYY",0.0,0.0,0,0
"158_2NYY",0.0,0.0,0,0
"159_2NYY",0.0,0.0,0,0
"160_2NYY",0.0,0.0,0,0
"161_2NYY",0.0,0.0,0,0
"163_2NYY",0.0825,0.0,0,0
"164_2NYY",0.0967,0.0,0,0
"165_2NYY",0.1221,0.0,0,0
"167_2NYY",0.0,0.0,0,0
"179_2NYY",0.0,0.0,0,0
"181_2NYY",0.0,0.0,0,0
"182_2NYY",0.0,0.0,0,0
"183_2NYY",0.0,0.0,0,0
"184_2NYY",0.0,0.0,0,0
"185_2NYY",0.0,0.0,0,0
"186_2NYY",0.0,0.0,0,0
"187_2NYY",0.0,0.0,0,0
"188_2NYY",0.0,0.0,0,0
"189_2NYY",0.0,0.0,0,0
"190_2NYY",0.0,0.0,0,0
"193_2NYY",0.0,0.0,0,0
"194_2NYY",0.053,0.0,0,0
"195_2NYY",0.0,0.0,0,0
"196_2NYY",0.0,0.0,0,0
"198_2NYY",0.0346,0.0,0,0
"199_2NYY",0.0391,0.0,0,0
"200_2NYY",0.0589,0.0,0,0
"213_2NYY",0.0,0.0,0,0
"214_2NYY",0.0,0.0,0,0
"215_2NYY",0.0361,0.0,0,0
"216_2NYY",0.0,0.0,0,0
"217_2NYY",0.0,0.0,0,0
"218_2NYY",0.0,0.0,0,0
"219_2NYY",0.0,0.0,0,0
"220_2NYY",0.0639,0.0,0,0
"221_2NYY",0.0,0.0,0,0
"222_2NYY",0.0,0.0,0,0
"223_2NYY",0.0,0.0,0,0
"224_2NYY",0.0904,0.0,0,0
"225_2NYY",0.0,0.0,0,0
"226_2NYY",0.0,0.0,0,0
"227_2NYY",0.0748,0.0,0,0
"228_2NYY",0.0,0.0,0,0
"229_2NYY",0.0915,0.0,0,0
"230_2NYY",0.0,0.0,0,0
"231_2NYY",0.0965,0.0,0,0
"232_2NYY",0.0,0.0,0,0
"233_2NYY",0.0,0.0,0,0
"234_2NYY",0.0,0.0,0,0
"235_2NYY",0.0,0.0,0,0
"259_2NYY",0.0529,0.0,0,0
"261_2NYY",0.0372,0.0,0,0
"262_2NYY",0.0761,0.181,0,0
"263_2NYY",0.0,0.0,0,0
"264_2NYY",0.0528,0.0,0,0
"265_2NYY",0.0,0.0,0,0
"266_2NYY",0.0,0.0,0,0
"267_2NYY",0.0,0.0,0,0
"268_2NYY",0.0752,0.0,0,0
"269_2NYY",0.0366,0.0,0,0
"270_2NYY",0.0,0.0,0,0
"271_2NYY",0.092,0.1178,0,0
"272_2NYY",0.0339,0.156,0,0
"273_2NYY",0.0,0.0,0,0
"274_2NYY",0.0723,0.0,0,0
"275_2NYY",0.0,0.0,0,0
"276_2NYY",0.0607,0.033,0,0
"279_2NYY",0.049,0.0425,0,0
"290_2NYY",0.0,0.0,0,0
"294_2NYY",0.0,0.0,0,0
"297_2NYY",0.0,0.0,0,0
"313_2NYY",0.0,0.0,0,0
"317_2NYY",0.0,0.0,0,0
"320_2NYY",0.0,0.0,0,0
"321_2NYY",0.0,0.0,0,0
"331_2NYY",0.0,0.0,0,0
"338_2NYY",0.0,0.0,0,0
"342_2NYY",0.0,0.0,0,0
"345_2NYY",0.0,0.0,0,0
"346_2NYY",0.0431,0.0,0,0
"347_2NYY",0.0519,0.3799,0,0
"348_2NYY",0.0,0.0,0,0
"349_2NYY",0.0,0.0,0,0
"350_2NYY",0.0,0.0,0,0
"351_2NYY",0.0,0.0,0,0
"353_2NYY",0.0343,0.0,0,0
"354_2NYY",0.0,0.0,0,0
"363_2NYY",0.1006,0.1704,0,0
"365_2NYY",0.0438,0.0,0,0
"366_2NYY",0.0871,0.0,0,0
"367_2NYY",0.0819,0.0,0,0
"368_2NYY",0.0436,0.0,0,0
"369_2NYY",0.0405,0.0,0,0
"378_2NYY",0.0,0.0,0,0
"404_2NYY",0.0,0.0,0,0
"429_2NYY",0.0,0.0,0,0
"459_2NYY",0.0,0.0,0,0
"460_2NYY",0.0553,0.0,0,0
"462_2NYY",0.0,0.0,0,0
"464_2NYY",0.0,0.0,0,0
"481_2NYY",0.0,0.0,0,0
"557_2NYY",0.0,0.0,0,0
"610_2NYY",0.0,0.0,0,0
"614_2NYY",0.0,0.0,0,0
"618_2NYY",0.0,0.0,0,0
"634_2NYY",0.0,0.0,0,0
"637_2NYY",0.0,0.0,0,0
"691_2NYY",0.0,0.0,0,0
"694_2NYY",0.0,0.0,0,0
"695_2NYY",0.0,0.0,0,0
"698_2NYY",0.0,0.0,0,0
"705_2NYY",0.054,0.0,0,0
"706_2NYY",0.0,0.0,0,0
"708_2NYY",0.0682,0.0628,0,0
"709_2NYY",0.0,0.0,0,0
"710_2NYY",0.0,0.0,0,0
"711_2NYY",0.0678,0.1381,0,0
"713_2NYY",0.0,0.0,0,0
"714_2NYY",0.0,0.0,0,0
"715_2NYY",0.0382,0.0,0,0
"717_2NYY",0.0,0.0,0,0
"718_2NYY",0.0,0.0,0,0
"719_2NYY",0.0,0.0,0,0
"721_2NYY",0.0,0.0,0,0
"722_2NYY",0.0,0.0,0,0
"723_2NYY",0.0818,0.0,0,0
"725_2NYY",0.0,0.0,0,0
"726_2NYY",0.0612,0.0,0,0
"727_2NYY",0.0531,0.0,0,0
"729_2NYY",0.0,0.0,0,0
"730_2NYY",0.0593,0.1724,0,0
"732_2NYY",0.0,0.0,0,0
"733_2NYY",0.0434,0.0,0,0
"735_2NYY",0.0,0.0,0,0
"736_2NYY",0.0,0.0,0,0
"739_2NYY",0.0,0.0,0,0
"740_2NYY",0.0,0.0,0,0
"743_2NYY",0.0723,0.0,0,0
"773_2NYY",0.0,0.0,0,0
"777_2NYY",0.0,0.0,0,0
"780_2NYY",0.0,0.0,0,0
"781_2NYY",0.0,0.0,0,0
"784_2NYY",0.0,0.0,0,0
"785_2NYY",0.0,0.0,0,0
"787_2NYY",0.0,0.0,0,0
"788_2NYY",0.0,0.0,0,0
"789_2NYY",0.0,0.0,0,0
"791_2NYY",0.0,0.0,0,0
"792_2NYY",0.0,0.0,0,0
"793_2NYY",0.0,0.0,0,0
"796_2NYY",0.0,0.0,0,0
"797_2NYY",0.0763,0.0,0,0
"801_2NYY",0.101,0.0,0,0
"802_2NYY",0.0,0.0,0,0
"804_2NYY",0.0,0.0,0,0
"805_2NYY",0.0667,0.0,0,0
"808_2NYY",0.0,0.0,0,0
"812_2NYY",0.0,0.0,0,0
"819_2NYY",0.0,0.0,0,0
"841_2NYY",0.0,0.0,0,0
"845_2NYY",0.0,0.0,0,0
"853_2NYY",0.0,0.0,0,0
"856_2NYY",0.0387,0.0,0,0
"862_2NYY",0.0,0.0,0,0
"866_2NYY",0.0703,0.0,0,0
"869_2NYY",0.0695,0.0,0,0
"875_2NYY",0.0457,0.0,0,0
"877_2NYY",0.0,0.0,0,0
"878_2NYY",0.0,0.0,0,0
"879_2NYY",0.0,0.0,0,0
"880_2NYY",0.083,0.0,0,0
"881_2NYY",0.0856,0.0,0,0
"882_2NYY",0.0518,0.0,0,0
"914_2NYY",0.1026,0.0,0,0
"924_2NYY",0.0,0.0,0,0
"926_2NYY",0.0,0.0,0,0
"936_2NYY",0.0762,0.0,0,0
"937_2NYY",0.0,0.0,0,0
"938_2NYY",0.0,0.0,0,0
"941_2NYY",0.0,0.0,0,0
"942_2NYY",0.0,0.0,0,0
"943_2NYY",0.0,0.0,0,0
"944_2NYY",0.0,0.0,0,0
"945_2NYY",0.0,0.0,0,0
"947_2NYY",0.0,0.0,0,0
"962_2NYY",0.0,0.0,0,0
"963_2NYY",0.0369,0.0,0,0
"964_2NYY",0.0,0.0,0,0
"965_2NYY",0.0,0.0,0,0
"967_2NYY",0.0,0.0,0,0
"973_2NYY",0.0,0.0,0,0
"974_2NYY",0.0,0.0,0,0
"975_2NYY",0.0404,0.0,0,0
"976_2NYY",0.0,0.0,0,0
"977_2NYY",0.0,0.0,0,0
"978_2NYY",0.0,0.0,0,0
"985_2NYY",0.0,0.0,0,0
"986_2NYY",0.0,0.0,0,0
"987_2NYY",0.0,0.0,0,0
"1011_2NYY",0.0,0.0,0,0
"1017_2NYY",0.0,0.0,0,0
"1018_2NYY",0.0,0.0,0,0
"1019_2NYY",0.0,0.0,0,0
"1020_2NYY",0.0,0.0,0,0
"1021_2NYY",0.0,0.0,0,0
"1027_2NYY",0.0,0.0,0,0
"1029_2NYY",0.0,0.0,0,0
"1053_2NYY",0.0,0.0,0,0
"1055_2NYY",0.0,0.0,0,0
"1056_2NYY",0.0926,0.0,0,1
"1057_2NYY",0.0,0.0,0,1
"1067_2NYY",0.0,0.0,0,0
"1069_2NYY",0.0,0.0,0,0
"1070_2NYY",0.0798,0.0,0,0
"1072_2NYY",0.0,0.0,0,0
"1073_2NYY",0.0,0.0,0,0
"1074_2NYY",0.0,0.0,0,0
"1075_2NYY",0.0,0.0,0,0
"1076_2NYY",0.0815,0.7552,0,0
"1079_2NYY",0.0,0.0,0,0
"1084_2NYY",0.0,0.0,0,0
"1087_2NYY",0.0,0.0,0,0
"1097_2NYY",0.0,0.0,0,0
"1105_2NYY",0.0,0.0,0,0
"1113_2NYY",0.0,0.0,0,0
"1134_2NYY",0.0,0.0,0,0
"1160_2NYY",0.0,0.0,0,0
"1174_2NYY",0.0,0.0,0,0
"1182_2NYY",0.0,0.0,0,0
"1184_2NYY",0.0,0.0,0,0
"1193_2NYY",0.0,0.0,0,0
"1223_2NYY",0.0,0.0,0,0
"1236_2NYY",0.0377,0.0,0,0
"1237_2NYY",0.0,0.0,0,0
"1239_2NYY",0.0,0.0,0,0
"1261_2NYY",0.0,0.0,0,0
"1284_2NYY",0.0,0.0,0,0
"9_1FBI",0.0,0.0,0,0
"121_2XWT",0.0,0.0,0,0
"207_2XWT",0.0,0.0,0,0
"129_4NZR",0.0,0.0,0,0
"142_4NZR",0.0,0.0,0,0
"143_4NZR",0.0,0.0,0,0
"149_4NZR",0.0,0.0,0,0
"157_4NZR",0.0,0.0,0,0
"170_4NZR",0.0,0.0,0,0
"172_4NZR",0.0,0.0,0,0
"182_4NZR",0.0,0.0,0,0
"183_4NZR",0.2228,0.0,0,0
"243_4NZR",0.0,0.0,0,0
"244_4NZR",0.0,0.0,0,0
"258_4NZR",0.0,0.0,0,0
"265_4NZR",0.0,0.0,0,0
"266_4NZR",0.0,0.0,0,0
"268_4NZR",0.0,0.0,0,0
"278_4NZR",0.0,0.0,0,0
"287_4NZR",0.0,0.0,0,0
"289_4NZR",0.0,0.0,0,0
"290_4NZR",0.0,0.0,0,0
"291_4NZR",0.0,0.0,0,0
"292_4NZR",0.0,0.0,0,0
"311_4NZR",0.0,0.0,0,0
"312_4NZR",0.0,0.0,0,0
"313_4NZR",0.0,0.0,0,0
"314_4NZR",0.0,0.0,0,0
"325_4NZR",0.0,0.0,0,0
"336_4NZR",0.0,0.0,0,0
"337_4NZR",0.0,0.0,0,0
"346_4NZR",0.0,0.0,0,0
"349_4NZR",0.0,0.0,0,0
"369_4NZR",0.0,0.0,0,0
"373_4NZR",0.0,0.0,0,0
"377_4NZR",0.0,0.0,0,0
"382_4NZR",0.0,0.0,0,0
"383_4NZR",0.0,0.0,0,0
"385_4NZR",0.0,0.0,0,0
"386_4NZR",0.0,0.0,0,0
"398_4NZR",0.0,0.0,0,0
"400_4NZR",0.0,0.0,0,0
"414_4NZR",0.0,0.0,0,0
"418_4NZR",0.0,0.0,0,0
"423_4NZR",0.0,0.0,0,0
"425_4NZR",0.0,0.0,0,0
"174_4F15",0.0,0.0,0,0
"175_4F15",0.0,0.0,0,0
"176_4F15",0.0513,0.0,0,0
"178_4F15",0.0,0.0,0,0
"246_4F15",0.0,0.0,0,0
"248_4F15",0.0,0.0,0,0
"249_4F15",0.0,0.0,0,0
"250_4F15",0.0,0.0,0,0
"251_4F15",0.0,0.0,0,0
"120_1NCA",0.0,0.0,0,0
"121_1NCA",0.0,0.0,0,0
"122_1NCA",0.0,0.0,0,0
"123_1NCA",0.0,0.0,0,0
"132_1NCA",0.0,0.0,0,0
"133_1NCA",0.0,0.0,0,0
"134_1NCA",0.0,0.0,0,0
"179_1NCA",0.0,0.0,0,0
"180_1NCA",0.0,0.0,0,0
"181_1NCA",0.0,0.0,0,0
"182_1NCA",0.0,0.0,0,0
"183_1NCA",0.0,0.0,0,0
"185_1NCA",0.0,0.0,0,0
"190_1NCA",0.0,0.0,0,0
"192_1NCA",0.0,0.0,0,0
"223_1NCA",0.0,0.0,0,0
"226_1NCA",0.0,0.0,0,0
"228_1NCA",0.0,0.0,0,0
"229_1NCA",0.0,0.0,0,0
"230_1NCA",0.0,0.0,0,0
"231_1NCA",0.0,0.0,0,0
"232_1NCA",0.138,0.0,0,0
"237_1NCA",0.0,0.0,0,0
"238_1NCA",0.0,0.0,0,0
"239_1NCA",0.0,0.0,0,0
"240_1NCA",0.0,0.0,0,0
"241_1NCA",0.0,0.0,0,0
"254_1NCA",0.0,0.0,0,0
"278_1NCA",0.0,0.0,0,0
"279_1NCA",0.0,0.0,0,0
"280_1NCA",0.0,0.0,0,0
"282_1NCA",0.0,0.0,0,0
"287_1NCA",0.0,0.0,0,0
"289_1NCA",0.0,0.0,0,0
"290_1NCA",0.0,0.0,0,0
"291_1NCA",0.0,0.0,0,0
"299_1NCA",0.0,0.0,0,0
"300_1NCA",0.0,0.0,0,0
"301_1NCA",0.0,0.0,0,0
"302_1NCA",0.0,0.0,0,0
"303_1NCA",0.0,0.0,0,0
"316_1NCA",0.0,0.0,0,0
"317_1NCA",0.0,0.0,0,0
"319_1NCA",0.0,0.0,0,0
"323_1NCA",0.0,0.0,0,0
"324_1NCA",0.0,0.0,0,0
"350_1NCA",0.0,0.0,0,0
"351_1NCA",0.0,0.0,0,0
"352_1NCA",0.0,0.0,0,0
"353_1NCA",0.0,0.0,0,0
"362_1NCA",0.0,0.0,0,0
"363_1NCA",0.0,0.0,0,0
"373_1NCA",0.0,0.0,0,0
"404_1NCA",0.0,0.0,0,0
"407_1NCA",0.0,0.0,0,0
"408_1NCA",0.0,0.0,0,0
"409_1NCA",0.0,0.0,0,0
"420_1NCA",0.0,0.0,0,0
"422_1NCA",0.0,0.0,0,0
"423_1NCA",0.0,0.0,0,0
"424_1NCA",0.0,0.0,0,0
"440_1NCA",0.0,0.0,0,0
"441_1NCA",0.0,0.0,0,0
"30_4QWW",0.0,0.0,0,0
"45_4QWW",0.0,0.0,0,0
"67_4QWW",0.0,0.0,0,0
"97_4QWW",0.0,0.0,0,0
"98_4QWW",0.1131,0.0,0,0
"99_4QWW",0.0,0.0,0,0
"111_4QWW",0.0,0.0,0,0
"112_4QWW",0.0,0.0,0,0
"113_4QWW",0.0,0.0,0,0
"114_4QWW",0.0,0.0,0,0
"115_4QWW",0.0,0.0,0,0
"116_4QWW",0.0,0.0,0,0
"117_4QWW",0.0,0.0,0,0
"120_4QWW",0.0,0.0,0,0
"123_4QWW",0.0,0.0,0,0
"124_4QWW",0.0,0.0,0,0
"135_4QWW",0.0,0.0,0,0
"143_4QWW",0.0,0.0,0,0
"144_4QWW",0.0,0.0,0,0
"145_4QWW",0.0,0.0,0,0
"146_4QWW",0.0,0.0,0,0
"147_4QWW",0.1076,0.0,0,0
"148_4QWW",0.0,0.0,0,0
"150_4QWW",0.0,0.0,0,0
"151_4QWW",0.0,0.0,0,0
"152_4QWW",0.0,0.0,0,0
"154_4QWW",0.0,0.0,0,0
"155_4QWW",0.0,0.0,0,0
"156_4QWW",0.0,0.0,0,0
"157_4QWW",0.0,0.0,0,0
"169_4QWW",0.0,0.0,0,0
"170_4QWW",0.0,0.0,0,0
"173_4QWW",0.0,0.0,0,0
"176_4QWW",0.0,0.0,0,0
"180_4QWW",0.0,0.0,0,0
"195_4QWW",0.0,0.0,0,0
"196_4QWW",0.0,0.0,0,0
"197_4QWW",0.0,0.0,0,0
"198_4QWW",0.0,0.0,0,0
"199_4QWW",0.0,0.0,0,0
"200_4QWW",0.1558,0.0,0,0
"201_4QWW",0.0,0.0,0,0
"202_4QWW",0.0,0.0,0,0
"203_4QWW",0.0,0.0,0,0
"204_4QWW",0.0,0.0,0,0
"205_4QWW",0.0,0.0,0,0
"206_4QWW",0.0,0.0,0,0
"207_4QWW",0.0,0.0,0,0
"208_4QWW",0.0,0.0,0,0
"209_4QWW",0.0,0.0,0,0
"210_4QWW",0.0,0.0,0,0
"222_4QWW",0.0,0.0,0,0
"223_4QWW",0.0,0.0,0,0
"224_4QWW",0.0,0.0,0,0
"225_4QWW",0.0,0.0,0,0
"226_4QWW",0.0,0.0,0,0
"227_4QWW",0.0,0.0,0,0
"228_4QWW",0.0,0.0,0,0
"229_4QWW",0.0,0.0,0,0
"234_4QWW",0.0,0.0,0,0
"248_4QWW",0.0,0.0,0,0
"292_4QWW",0.0,0.0,0,0
"293_4QWW",0.0,0.0,0,0
"294_4QWW",0.0,0.0,0,0
"295_4QWW",0.0,0.0,0,0
"319_4QWW",0.0,0.0,0,0
"320_4QWW",0.0,0.0,0,0
"321_4QWW",0.0,0.0,0,0
"328_4QWW",0.0,0.0,0,0
"359_4QWW",0.0,0.0,0,0
"391_4QWW",0.0,0.0,0,0
"394_4QWW",0.0,0.0,0,0
"395_4QWW",0.0,0.0,0,0
"399_4QWW",0.0,0.0,0,0
"400_4QWW",0.0,0.0,0,0
"402_4QWW",0.0,0.0,0,0
"404_4QWW",0.0,0.0,0,0
"407_4QWW",0.0,0.0,0,0
"408_4QWW",0.0,0.0,0,0
"418_4QWW",0.0,0.0,0,0
"420_4QWW",0.0,0.0,0,0
"423_4QWW",0.0,0.0,0,0
"439_4QWW",0.0,0.0,0,0
"440_4QWW",0.1659,0.0,0,0
"441_4QWW",0.0,0.0,0,0
"443_4QWW",0.0,0.0,0,0
"444_4QWW",0.0,0.0,0,0
"447_4QWW",0.0,0.0,0,0
"466_4QWW",0.0,0.0,0,0
"469_4QWW",0.0,0.0,0,0
"473_4QWW",0.0,0.0,0,0
"476_4QWW",0.0,0.0,0,0
"505_4QWW",0.0,0.0,0,0
"108_5F9O",0.0,0.0,0,0
"253_5F9O",0.0,0.0,0,0
"255_5F9O",0.0976,0.0,0,0
"256_5F9O",0.0,0.0,0,0
"259_5F9O",0.0,0.0,0,0
"260_5F9O",0.162,0.0,0,0
"285_5F9O",0.0,0.0,0,0
"286_5F9O",0.0,0.0,0,0
"342_5F9O",0.0,0.0,0,0
"345_5F9O",0.0,0.0,0,0
"349_5F9O",0.0,0.0,0,0
"382_5F9O",0.0,0.0,0,0
"383_5F9O",0.0,0.0,0,0
"449_5F9O",0.0,0.0,0,0
"451_5F9O",0.0,0.0,0,0
"452_5F9O",0.0,0.0,0,0
"478_5F9O",0.0,0.0,0,0
"479_5F9O",0.0,0.0,0,0
"483_5F9O",0.0,0.0,0,0
"66_3JWD",0.0,0.0,0,0
"101_3JWD",0.0,0.0,0,0
"108_3JWD",0.0,0.0,0,0
"253_3JWD",0.0,0.0,0,0
"255_3JWD",0.075,0.0,0,0
"256_3JWD",0.0,0.0,0,0
"257_3JWD",0.0,0.0,0,0
"258_3JWD",0.0,0.0,0,0
"259_3JWD",0.0,0.0,0,0
"260_3JWD",0.1589,0.0,0,0
"261_3JWD",0.1031,0.0,0,0
"284_3JWD",0.0,0.0,0,0
"285_3JWD",0.0,0.0,0,0
"286_3JWD",0.0,0.0,0,0
"288_3JWD",0.0,0.0,0,0
"294_3JWD",0.0,0.0,0,0
"333_3JWD",0.0,0.0,0,0
"345_3JWD",0.0,0.0,0,0
"359_3JWD",0.0,0.0,0,0
"374_3JWD",0.0,0.0,0,0
"376_3JWD",0.0,0.0,0,0
"382_3JWD",0.0,0.0,0,0
"449_3JWD",0.0,0.0,0,0
"451_3JWD",0.0,0.0,0,0
"452_3JWD",0.0,0.0,0,0
"453_3JWD",0.0,0.0,0,0
"478_3JWD",0.0,0.0,0,0
"479_3JWD",0.0,0.0,0,0
"481_3JWD",0.0742,0.0,0,0
"483_3JWD",0.0,0.0,0,0
"488_3JWD",0.3018,0.0,0,0
"77_5C7X",0.0,0.0,0,0
"23_1JPS",0.0,0.0,0,0
"102_1JPS",0.0,0.0,0,0
"125_1JPS",0.0,0.0,0,0
"191_1JPS",0.0,0.0,0,0
"338_3GRW",0.0,0.0,0,0
"66_3SE9",0.0,0.0,0,0
"95_3SE9",0.0,0.0,0,0
"100_3SE9",0.0,0.0,0,0
"101_3SE9",0.0,0.0,0,0
"104_3SE9",0.0,0.0,0,0
"108_3SE9",0.0,0.0,0,0
"118_3SE9",0.0,0.0,0,0
"215_3SE9",0.0,0.0,0,0
"228_3SE9",0.0,0.0,0,0
"235_3SE9",0.0,0.0,0,0
"242_3SE9",0.0,0.0,0,0
"253_3SE9",0.0,0.0,0,0
"254_3SE9",0.1594,0.0,0,0
"255_3SE9",0.0,0.0,0,0
"256_3SE9",0.0,0.0,0,0
"259_3SE9",0.0,0.0,0,0
"260_3SE9",0.1781,0.0,0,0
"261_3SE9",0.0,0.0,0,0
"284_3SE9",0.0,0.0,0,0
"285_3SE9",0.0,0.0,0,0
"286_3SE9",0.0,0.0,0,0
"288_3SE9",0.0,0.0,0,0
"296_3SE9",0.0,0.0,0,0
"331_3SE9",0.0,0.0,0,0
"338_3SE9",0.0,0.0,0,0
"342_3SE9",0.0,0.0,0,0
"345_3SE9",0.0,0.0,0,0
"349_3SE9",0.0,0.0,0,0
"374_3SE9",0.0,0.0,0,0
"375_3SE9",0.0,0.0,0,0
"376_3SE9",0.0,0.0,0,0
"377_3SE9",0.1597,0.0,0,0
"382_3SE9",0.0,0.0,0,0
"383_3SE9",0.0,0.0,0,0
"390_3SE9",0.0,0.0,0,0
"433_3SE9",0.0,0.0,0,0
"449_3SE9",0.0,0.0,0,0
"451_3SE9",0.0,0.0,0,0
"452_3SE9",0.0,0.0,0,0
"453_3SE9",0.0,0.0,0,0
"468_3SE9",0.0,0.0,0,0
"478_3SE9",0.0,0.0,0,0
"479_3SE9",0.0,0.0,0,0
"481_3SE9",0.0,0.0,0,0
"483_3SE9",0.0,0.0,0,0
"488_3SE9",0.4995,0.0,0,0
"69_1EO8",0.0,0.0,0,0
"70_1EO8",0.0,0.0,0,0
"179_1EO8",0.0,0.0,0,0
"181_1EO8",0.0,0.0,0,0
"249_1EO8",0.0,0.0,0,0
"250_1EO8",0.0,0.0,0,0
"251_1EO8",0.0,0.0,0,0
"252_1EO8",0.0,0.0,0,0
"258_1EO8",0.0,0.0,0,0
"36_4PP2",0.0,0.0,0,0
"39_4PP2",0.0,0.0,0,0
"40_4PP2",0.0,0.0,0,0
"41_4PP2",0.0,0.0,0,0
"42_4PP2",0.0,0.0,0,0
"43_4PP2",0.0,0.0,0,0
"45_4PP2",0.0,0.0,0,0
"58_4PP2",0.0,0.0,0,0
"62_4PP2",0.0,0.0,0,0
"79_4PP2",0.0,0.0,0,0
"80_4PP2",0.0,0.0,0,0
"137_4PP2",0.0,0.0,0,0
"138_4PP2",0.0,0.0,0,0
"172_4PP2",0.0,0.0,0,0
"173_4PP2",0.0,0.0,0,0
"174_4PP2",0.0,0.0,0,0
"175_4PP2",0.0,0.0,0,0
"176_4PP2",0.0,0.0,0,0
"186_4PP2",0.0,0.0,0,0
"188_4PP2",0.0,0.0,0,0
"204_4PP2",0.0,0.0,0,0
"90_1NSN",0.0,0.0,0,0
"100_1NSN",0.0,0.0,0,0
"125_1NSN",0.0,0.0,0,0
"39_4M48",0.0,0.0,0,0
"40_4M48",0.0,0.0,0,0
"43_4M48",0.8233,0.0,0,0
"44_4M48",0.0,0.0,0,0
"46_4M48",0.8045,0.0,0,0
"47_4M48",0.0,0.0,0,0
"48_4M48",0.4405,0.0,0,0
"49_4M48",0.0,0.0,0,0
"50_4M48",0.0,0.0,0,0
"51_4M48",0.3193,0.0,0,0
"52_4M48",0.5073,0.1541,0,0
"54_4M48",0.0,0.0,0,0
"56_4M48",0.0,0.0,0,0
"77_4M48",0.0,0.0,0,0
"80_4M48",0.0,0.0,0,0
"81_4M48",0.0,0.0,0,0
"83_4M48",0.0,0.0,0,0
"84_4M48",0.0,0.0,0,0
"85_4M48",0.0,0.0,0,0
"86_4M48",0.0,0.0,0,0
"87_4M48",0.0,0.0,0,0
"88_4M48",0.0,0.0,0,0
"89_4M48",0.0,0.0,0,0
"94_4M48",0.0,0.0,0,0
"95_4M48",0.0,0.0,0,0
"98_4M48",0.0,0.0,0,0
"99_4M48",0.0,0.0,0,0
"102_4M48",0.0,0.0,0,0
"110_4M48",0.0,0.0,0,0
"113_4M48",0.0,0.0,0,0
"116_4M48",0.8895,0.0,0,0
"117_4M48",0.7611,0.0,0,0
"124_4M48",0.8418,0.0,0,0
"126_4M48",0.0,0.0,0,0
"127_4M48",0.0,0.0,0,0
"130_4M48",0.0,0.0,0,0
"212_4M48",0.0,0.0,0,0
"214_4M48",0.0,0.0,0,0
"318_4M48",0.0,0.0,0,0
"319_4M48",0.9395,0.6508,0,0
"322_4M48",0.0,0.0,0,0
"323_4M48",0.0,0.0,0,0
"324_4M48",0.0,0.0,0,0
"325_4M48",0.7054,0.6792,0,0
"326_4M48",0.0,0.0,0,0
"327_4M48",0.0,0.0,0,0
"328_4M48",0.0,0.0,0,0
"329_4M48",0.0,0.0,0,0
"330_4M48",0.0,0.0,0,0
"331_4M48",0.0,0.0,0,0
"332_4M48",0.0,0.0,0,0
"333_4M48",0.0,0.0,0,0
"334_4M48",0.0,0.0,0,0
"335_4M48",0.0,0.0,0,0
"363_4M48",0.0,0.0,0,0
"364_4M48",0.0,0.0,0,0
"366_4M48",0.0,0.0,0,0
"367_4M48",0.0,0.0,0,0
"368_4M48",0.0,0.0,0,0
"370_4M48",0.0,0.0,0,0
"381_4M48",0.0,0.0,0,0
"385_4M48",0.1616,0.0,0,0
"388_4M48",0.0,0.0,0,0
"389_4M48",0.0,0.0,0,0
"390_4M48",0.0,0.0,0,0
"392_4M48",0.0,0.0,0,0
"393_4M48",0.0,0.0,0,0
"394_4M48",0.0,0.0,0,0
"395_4M48",0.2506,0.0,0,0
"396_4M48",0.0,0.0,0,0
"397_4M48",0.0,0.0,0,0
"410_4M48",0.0,0.0,0,0
"414_4M48",0.0,0.0,0,0
"417_4M48",0.0,0.0,0,0
"418_4M48",0.0,0.0,0,0
"420_4M48",0.0,0.0,0,0
"421_4M48",0.7874,0.0,0,0
"422_4M48",0.0,0.0,0,0
"424_4M48",0.0,0.0,0,0
"425_4M48",0.7643,0.0,0,0
"426_4M48",0.0,0.0,0,0
"427_4M48",0.0,0.0,0,0
"431_4M48",0.0,0.0,0,0
"471_4M48",0.0,0.0,0,0
"472_4M48",0.5752,0.0671,0,0
"475_4M48",0.9409,0.1125,0,0
"479_4M48",0.8599,0.0,0,0
"483_4M48",0.0,0.0,0,0
"490_4M48",0.0,0.0,0,0
"503_4M48",0.0,0.0,0,0
"189_4U0R",0.0,0.0,0,0
"191_4U0R",0.0,0.0,0,0
"224_4U0R",0.0,0.0,0,0
"227_4U0R",0.1536,0.1027,0,0
"231_4U0R",0.0,0.0,0,0
"314_4U0R",0.0,0.0,0,0
"317_4U0R",0.0842,0.0,0,0
"413_4U0R",0.0,0.0,0,0
"424_4U0R",0.0,0.0,0,0
"466_4U0R",0.0,0.0,0,0
"482_4U0R",0.0,0.0,0,0
"44_4LEO",0.0,0.0,0,0
"68_4LEO",0.0,0.0,0,0
"86_4LEO",0.0,0.0,0,0
"98_4LEO",0.0,0.0,0,0
"112_4LEO",0.0,0.0,0,0
"115_4LEO",0.0,0.0,0,0
"130_4LEO",0.0,0.0,0,0
"342_4LEO",0.0,0.0,0,0
"371_4LEO",0.0,0.0,0,0
"374_4LEO",0.0,0.0,0,0
"378_4LEO",0.0,0.0,0,0
"393_4LEO",0.0,0.0,0,0
"399_4LEO",0.0,0.0,0,0
"410_4LEO",0.0,0.0,0,0
"424_4LEO",0.0,0.0,0,0
"427_4LEO",0.0,0.0,0,0
"430_4LEO",0.0,0.0,0,0
"443_4LEO",0.0,0.0,0,0
"38_4K2U",0.0,0.0,0,0
"40_4K2U",0.0,0.0,0,0
"49_4K2U",0.0,0.0,0,0
"60_4K2U",0.0,0.0,0,0
"64_4K2U",0.0,0.0,0,0
"68_4K2U",0.0,0.0,0,0
"71_4K2U",0.0,0.0,0,0
"72_4K2U",0.0,0.0,0,0
"75_4K2U",0.0,0.0,0,0
"91_4K2U",0.0,0.0,0,0
"94_4K2U",0.0,0.0,0,0
"95_4K2U",0.0,0.0,0,0
"97_4K2U",0.0,0.0,0,0
"98_4K2U",0.0,0.0,0,0
"99_4K2U",0.0,0.0,0,0
"101_4K2U",0.0,0.0,0,0
"102_4K2U",0.0,0.0,0,0
"116_4K2U",0.0,0.0,0,0
"120_4K2U",0.0,0.0,0,0
"151_4K2U",0.0,0.0,0,0
"155_4K2U",0.0,0.0,0,0
"179_4K2U",0.0,0.0,0,0
"187_4K2U",0.0,0.0,0,0
"225_4K2U",0.0,0.0,0,0
"229_4K2U",0.0,0.0,0,0
"52_1LK3",0.0,0.0,0,0
"65_1LK3",0.0,0.0,0,0
"68_1LK3",0.0,0.0,0,0
"69_1LK3",0.0,0.0,0,0
"72_1LK3",0.0,0.0,0,0
"139_1LK3",0.0,0.0,0,0
"140_1LK3",0.0,0.0,0,0
"143_1LK3",0.0,0.0,0,0
"612_4F2M",0.0,0.0,0,0
"639_4F2M",0.0,0.0,0,0
"929_2ADF",0.0,0.0,0,0
"931_2ADF",0.0,0.0,0,0
"932_2ADF",0.0,0.0,0,0
"933_2ADF",0.0,0.0,0,0
"934_2ADF",0.0,0.0,0,0
"947_2ADF",0.0,0.0,0,0
"951_2ADF",0.0,0.0,0,0
"1033_2ADF",0.0,0.0,0,0
"1035_2ADF",0.0,0.0,0,0
"1036_2ADF",0.0,0.0,0,0
"95_4YDJ",0.0,0.0,0,0
"100_4YDJ",0.0,0.0,0,0
"101_4YDJ",0.0,0.0,0,0
"104_4YDJ",0.0,0.0,0,0
"215_4YDJ",0.0,0.0,0,0
"235_4YDJ",0.0,0.0,0,0
"253_4YDJ",0.0,0.0,0,0
"259_4YDJ",0.0,0.0,0,0
"260_4YDJ",0.0,0.0,0,0
"285_4YDJ",0.0,0.0,0,0
"286_4YDJ",0.0,0.0,0,0
"287_4YDJ",0.0,0.0,0,0
"288_4YDJ",0.0,0.0,0,0
"331_4YDJ",0.0,0.0,0,0
"338_4YDJ",0.0,0.0,0,0
"342_4YDJ",0.0,0.0,0,0
"345_4YDJ",0.0,0.0,0,0
"349_4YDJ",0.0,0.0,0,0
"374_4YDJ",0.0,0.0,0,0
"383_4YDJ",0.0,0.0,0,0
"391_4YDJ",0.0,0.0,0,0
"449_4YDJ",0.0,0.0,0,0
"451_4YDJ",0.0,0.0,0,0
"452_4YDJ",0.0,0.0,0,0
"468_4YDJ",0.0,0.0,0,0
"481_4YDJ",0.0,0.0,0,0
"483_4YDJ",0.0,0.0,0,0
"488_4YDJ",0.0,0.0,0,0
"198_4Y5V",0.0,0.0,0,0
"132_3HI6",0.0,0.0,0,0
"133_3HI6",0.0,0.0,0,0
"134_3HI6",0.0,0.0,0,0
"135_3HI6",0.0,0.0,0,0
"150_3HI6",0.0,0.0,0,0
"154_3HI6",0.0,0.0,0,0
"169_3HI6",0.0,0.0,0,0
"170_3HI6",0.0,0.0,0,0
"212_3HI6",0.0,0.0,0,0
"234_3HI6",0.0,0.0,0,0
"235_3HI6",0.0,0.0,0,0
"236_3HI6",0.0,0.0,0,0
"237_3HI6",0.0,0.0,0,0
"259_3HI6",0.0,0.0,0,0
"13_3GI8",0.0,0.0,0,0
"17_3GI8",0.0,0.0,0,0
"20_3GI8",0.0,0.0,0,0
"21_3GI8",0.0,0.0,0,0
"23_3GI8",0.0,0.0,0,0
"24_3GI8",0.0,0.0,0,0
"25_3GI8",0.0,0.0,0,0
"26_3GI8",0.0,0.0,0,0
"27_3GI8",0.0,0.0,0,0
"28_3GI8",0.0,0.0,0,0
"29_3GI8",0.0,0.0,0,0
"30_3GI8",0.0,0.0,0,0
"31_3GI8",0.0,0.0,0,0
"33_3GI8",0.0,0.0,0,0
"41_3GI8",0.0,0.0,0,0
"48_3GI8",0.0,0.0,0,0
"55_3GI8",0.0,0.0,0,0
"62_3GI8",0.0,0.0,0,0
"66_3GI8",0.0,0.0,0,0
"67_3GI8",0.0504,0.0,0,0
"68_3GI8",0.0,0.0,0,0
"69_3GI8",0.0,0.0,0,0
"70_3GI8",0.0,0.0,0,0
"71_3GI8",0.0,0.0,0,0
"72_3GI8",0.0,0.0,0,0
"73_3GI8",0.0,0.0,0,0
"74_3GI8",0.0,0.0,0,0
"75_3GI8",0.0,0.0,0,0
"93_3GI8",0.0,0.0,0,0
"96_3GI8",0.0,0.0,0,0
"97_3GI8",0.0,0.0,0,0
"100_3GI8",0.0,0.0,0,0
"101_3GI8",0.0,0.0,0,0
"102_3GI8",0.0,0.0,0,0
"103_3GI8",0.0,0.0,0,0
"107_3GI8",0.0,0.0,0,0
"110_3GI8",0.0,0.0,0,0
"196_3GI8",0.0,0.0,0,0
"197_3GI8",0.0,0.0,0,0
"199_3GI8",0.0,0.0,0,0
"200_3GI8",0.0,0.0,0,0
"202_3GI8",0.0,0.0,0,0
"203_3GI8",0.0,0.0,0,0
"204_3GI8",0.0,0.0,0,0
"205_3GI8",0.2157,0.0,0,0
"206_3GI8",0.0,0.0,0,0
"207_3GI8",0.0,0.0,0,0
"208_3GI8",0.0,0.0,0,0
"209_3GI8",0.0,0.0,0,0
"210_3GI8",0.0,0.0,0,0
"211_3GI8",0.1103,0.0,0,0
"212_3GI8",0.0759,0.1262,0,0
"217_3GI8",0.1863,0.0,0,0
"221_3GI8",0.0,0.0,0,0
"243_3GI8",0.0,0.0,0,0
"244_3GI8",0.0,0.0,0,0
"252_3GI8",0.0,0.0,0,0
"255_3GI8",0.1991,0.0,0,0
"258_3GI8",0.5701,0.0,0,0
"259_3GI8",0.0,0.0,0,0
"260_3GI8",0.0,0.0,0,0
"261_3GI8",0.0,0.0,0,0
"263_3GI8",0.0,0.0,0,0
"264_3GI8",0.0,0.0,0,0
"287_3GI8",0.0,0.0,0,0
"290_3GI8",0.0,0.0,0,0
"291_3GI8",0.0,0.0,0,0
"292_3GI8",0.0,0.0,0,0
"294_3GI8",0.0,0.0,0,0
"295_3GI8",0.0,0.0,0,0
"296_3GI8",0.0,0.0,0,0
"297_3GI8",0.0,0.0,0,0
"298_3GI8",0.0,0.0,0,0
"299_3GI8",0.0,0.0,0,0
"302_3GI8",0.0,0.0,0,0
"306_3GI8",0.0,0.0,0,0
"343_3GI8",0.0,0.0,0,0
"344_3GI8",0.0,0.0,0,0
"345_3GI8",0.0,0.0,0,0
"347_3GI8",0.0,0.0,0,0
"348_3GI8",0.0,0.0,0,0
"351_3GI8",0.0,0.0,0,0
"355_3GI8",0.0,0.0,0,0
"358_3GI8",0.0,0.0,0,0
"431_3GI8",0.0612,0.0,0,0
"434_3GI8",0.1844,0.1916,0,0
"275_5JQ6",0.0,0.0,0,0
"277_5JQ6",0.0,0.0,0,0
"315_5JQ6",0.0,0.0,0,0
"337_5JQ6",0.0,0.0,0,0
"339_5JQ6",0.1045,0.0,0,0
"398_5JQ6",0.0,0.0,0,0
"400_5JQ6",0.0,0.0,0,0
"435_5JQ6",0.0,0.0,0,0
"447_5JQ6",0.0,0.0,0,0
"487_5JQ6",0.0917,0.0,0,0
"488_5JQ6",0.0,0.0,0,0
"489_5JQ6",0.0,0.0,0,0
"66_4FQJ",0.0,0.0,0,0
"67_4FQJ",0.0,0.0,0,0
"159_4FQJ",0.0,0.0,0,0
"187_4FQJ",0.0,0.0,0,0
"189_4FQJ",0.0,0.0,0,0
"245_4FQJ",0.0,0.0,0,0
"263_4FQJ",0.0,0.0,0,0
"264_4FQJ",0.0,0.0,0,0
"265_4FQJ",0.0,0.0,0,0
"266_4FQJ",0.0,0.0,0,0
"267_4FQJ",0.0,0.0,0,0
"133_3EOA",0.0,0.0,0,0
"135_3EOA",0.0,0.0,0,0
"138_3EOA",0.0,0.0,0,0
"150_3EOA",0.0,0.0,0,0
"154_3EOA",0.0,0.0,0,0
"169_3EOA",0.0,0.0,0,0
"236_3EOA",0.0,0.0,0,0
"237_3EOA",0.0,0.0,0,0
"260_3EOA",0.0,0.0,0,0
"117_1A14",0.0,0.0,0,0
"120_1A14",0.0,0.0,0,0
"121_1A14",0.0,0.0,0,0
"133_1A14",0.0,0.0,0,0
"179_1A14",0.0,0.0,0,0
"180_1A14",0.0,0.0,0,0
"181_1A14",0.0,0.0,0,0
"183_1A14",0.0,0.0,0,0
"192_1A14",0.0,0.0,0,0
"223_1A14",0.0,0.0,0,0
"226_1A14",0.0,0.0,0,0
"228_1A14",0.0,0.0,0,0
"229_1A14",0.0,0.0,0,0
"230_1A14",0.0,0.0,0,0
"231_1A14",0.0,0.0,0,0
"232_1A14",0.068,0.0,0,0
"237_1A14",0.0,0.0,0,0
"238_1A14",0.0,0.0,0,0
"239_1A14",0.0,0.0,0,0
"240_1A14",0.0,0.0,0,0
"241_1A14",0.0,0.0,0,0
"254_1A14",0.0,0.0,0,0
"256_1A14",0.0,0.0,0,0
"278_1A14",0.0,0.0,0,0
"279_1A14",0.0,0.0,0,0
"280_1A14",0.0,0.0,0,0
"287_1A14",0.0,0.0,0,0
"289_1A14",0.0,0.0,0,0
"290_1A14",0.0,0.0,0,0
"291_1A14",0.0,0.0,0,0
"293_1A14",0.0,0.0,0,0
"298_1A14",0.0,0.0,0,0
"299_1A14",0.0,0.0,0,0
"300_1A14",0.0,0.0,0,0
"301_1A14",0.0,0.0,0,0
"303_1A14",0.0,0.0,0,0
"317_1A14",0.0,0.0,0,0
"319_1A14",0.0,0.0,0,0
"323_1A14",0.0,0.0,0,0
"350_1A14",0.0,0.0,0,0
"351_1A14",0.0,0.0,0,0
"352_1A14",0.0,0.0,0,0
"353_1A14",0.0,0.0,0,0
"354_1A14",0.0,0.0,0,0
"362_1A14",0.0,0.0,0,0
"363_1A14",0.0,0.0,0,0
"407_1A14",0.0,0.0,0,0
"408_1A14",0.0,0.0,0,0
"409_1A14",0.0,0.0,0,0
"420_1A14",0.0,0.0,0,0
"422_1A14",0.0,0.0,0,0
"423_1A14",0.0,0.0,0,0
"424_1A14",0.0,0.0,0,0
"425_1A14",0.0,0.0,0,0
"426_1A14",0.0,0.0,0,0
"429_1A14",0.0,0.0,0,0
"440_1A14",0.0,0.0,0,0
"441_1A14",0.0,0.0,0,0
"54_3T2N",0.0,0.0,0,0
"63_3T2N",0.0,0.0,0,0
"76_3T2N",0.0,0.0,0,0
"85_3T2N",0.0,0.0,0,0
"89_3T2N",0.0,0.0,0,0
"90_3T2N",0.0,0.0,0,0
"93_3T2N",0.0,0.0,0,0
"94_3T2N",0.0,0.0,0,0
"131_3T2N",0.0,0.0,0,0
"146_3T2N",0.0,0.0,0,0
"177_3T2N",0.0,0.0,0,0
"178_3T2N",0.0,0.0,0,0
"180_3T2N",0.0,0.0,0,0
"190_3T2N",0.0,0.0,0,0
"191_3T2N",0.0,0.0,0,0
"192_3T2N",0.0,0.0,0,0
"193_3T2N",0.0,0.0,0,0
"198_3T2N",0.0,0.0,0,0
"199_3T2N",0.0,0.0,0,0
"200_3T2N",0.0,0.0,0,0
"201_3T2N",0.0,0.0,0,0
"258_3T2N",0.0,0.0,0,0
"259_3T2N",0.0,0.0,0,0
"260_3T2N",0.0,0.0,0,0
"261_3T2N",0.0,0.0,0,0
"276_3T2N",0.0,0.0,0,0
"277_3T2N",0.0,0.0,0,0
"278_3T2N",0.0,0.0,0,0
"279_3T2N",0.0,0.0,0,0
"356_3T2N",0.0,0.0,0,0
"370_3T2N",0.0,0.0,0,0
"371_3T2N",0.0,0.0,0,0
"372_3T2N",0.1339,0.0,0,0
"373_3T2N",0.0,0.0,0,0
"391_3T2N",0.0,0.0,0,0
"393_3T2N",0.0,0.0,0,0
"400_3T2N",0.0,0.0,0,0
"35_2VDK",0.0,0.0,0,0
"36_2VDK",0.0,0.0,0,0
"37_2VDK",0.0,0.0,0,0
"38_2VDK",0.0,0.0,0,0
"39_2VDK",0.0,0.0,0,0
"97_2VDK",0.0,0.0,0,0
"104_2VDK",0.0,0.0,0,0
"105_2VDK",0.0,0.0,0,0
"106_2VDK",0.0,0.0,0,0
"115_2VDK",0.0,0.0,0,0
"128_2VDK",0.0,0.0,0,0
"129_2VDK",0.0,0.0,0,0
"130_2VDK",0.0,0.0,0,0
"133_2VDK",0.0,0.0,0,0
"169_2VDK",0.0,0.0,0,0
"181_2VDK",0.0,0.0,0,0
"182_2VDK",0.0,0.0,0,0
"183_2VDK",0.0,0.0,0,0
"195_2VDK",0.0,0.0,0,0
"196_2VDK",0.0,0.0,0,0
"203_2VDK",0.0,0.0,0,0
"240_2VDK",0.286,0.0,0,0
"254_2VDK",0.0,0.0,0,0
"255_2VDK",0.0,0.0,0,0
"256_2VDK",0.0,0.0,0,0
"266_2VDK",0.0,0.0,0,0
"267_2VDK",0.0,0.0,0,0
"293_2VDK",0.3314,0.0,0,0
"294_2VDK",0.0,0.0,0,0
"298_2VDK",0.0,0.0,0,0
"306_2VDK",0.0,0.0,0,0
"307_2VDK",0.0,0.0,0,0
"308_2VDK",0.0,0.0,0,0
"328_2VDK",0.0,0.0,0,0
"330_2VDK",0.0,0.0,0,0
"356_2VDK",0.0,0.0,0,0
"360_2VDK",0.4258,0.0,0,0
"361_2VDK",0.3736,0.0,0,0
"366_2VDK",0.0,0.0,0,0
"373_2VDK",0.0,0.0,0,0
"374_2VDK",0.0,0.0,0,0
"375_2VDK",0.0,0.0,0,0
"376_2VDK",0.0,0.0,0,0
"377_2VDK",0.0,0.0,0,0
"389_2VDK",0.0,0.0,0,0
"391_2VDK",0.0,0.0,0,0
"392_2VDK",0.0,0.0,0,0
"394_2VDK",0.0,0.0,0,0
"421_2VDK",0.41,0.0,0,0
"434_2VDK",0.0,0.0,0,0
"435_2VDK",0.0,0.0,0,0
"436_2VDK",0.0,0.0,0,0
"437_2VDK",0.0,0.0,0,0
"445_2VDK",0.0,0.0,0,0
"446_2VDK",0.0,0.0,0,0
"447_2VDK",0.0,0.0,0,0
"450_2VDK",0.0,0.0,0,0
"36_4PP1",0.0,0.0,0,0
"38_4PP1",0.0,0.0,0,0
"39_4PP1",0.0,0.0,0,0
"40_4PP1",0.0,0.0,0,0
"41_4PP1",0.0,0.0,0,0
"42_4PP1",0.0,0.0,0,0
"43_4PP1",0.0,0.0,0,0
"45_4PP1",0.0,0.0,0,0
"58_4PP1",0.0,0.0,0,0
"62_4PP1",0.0,0.0,0,0
"137_4PP1",0.0,0.0,0,0
"138_4PP1",0.0,0.0,0,0
"172_4PP1",0.0,0.0,0,0
"173_4PP1",0.0,0.0,0,0
"174_4PP1",0.0,0.0,0,0
"175_4PP1",0.0,0.0,0,0
"176_4PP1",0.0,0.0,0,0
"188_4PP1",0.0,0.0,0,0
"256_1G9M",0.0,0.0,0,0
"259_1G9M",0.0,0.0,0,0
"260_1G9M",0.1935,0.0,0,0
"285_1G9M",0.0,0.0,0,0
"286_1G9M",0.0,0.0,0,0
"345_1G9M",0.0,0.0,0,0
"451_1G9M",0.0,0.0,0,0
"452_1G9M",0.0,0.0,0,0
"479_1G9M",0.0,0.0,0,0
"481_1G9M",0.0959,0.0,0,0
"43_4ETQ",0.0,0.0,0,0
"66_4ETQ",0.0,0.0,0,0
"68_4ETQ",0.0,0.0,0,0
"89_4ETQ",0.0,0.0,0,0
"90_4ETQ",0.0,0.0,0,0
"91_4ETQ",0.0,0.0,0,0
"93_4ETQ",0.0,0.0,0,0
"95_4ETQ",0.0,0.0,0,0
"117_4ETQ",0.0,0.0,0,0
"118_4ETQ",0.0,0.0,0,0
"119_4ETQ",0.0,0.0,0,0
"134_4ETQ",0.0,0.0,0,0
"196_4ETQ",0.0,0.0,0,0
"199_4ETQ",0.0,0.0,0,0
"-1_5A3I",0.977,0.0164,0,0
"57_5A3I",0.0,0.0,0,0
"59_5A3I",0.0,0.0,0,0
"61_5A3I",0.0,0.0,0,0
"62_5A3I",0.0,0.0,0,0
"78_5A3I",0.0,0.0,0,0
"79_5A3I",0.0,0.0,0,0
"150_5A3I",0.0,0.0,0,0
"174_5A3I",0.0,0.0,0,0
"175_5A3I",0.0,0.0,0,0
"177_5A3I",0.0,0.0,0,0
"245_5A3I",0.0,0.0,0,0
"246_5A3I",0.0,0.0,0,0
"247_5A3I",0.0,0.0,0,0
"248_5A3I",0.0,0.0,0,0
"249_5A3I",0.0,0.0,0,0
"250_5A3I",0.0,0.0,0,0
"253_5A3I",0.0,0.0,0,0
"279_5A3I",0.0,0.0,0,0
"13_5K9K",0.0,0.0,0,0
"16_5K9K",0.0,0.0,0,0
"36_5K9K",0.0,0.0,0,0
"70_5K9K",0.0,0.0,0,0
"88_5K9K",0.0,0.0,0,0
"179_5K9K",0.0,0.0,0,0
"181_5K9K",0.0,0.0,0,0
"249_5K9K",0.0,0.0,0,0
"250_5K9K",0.0,0.0,0,0
"251_5K9K",0.0,0.0,0,0
"252_5K9K",0.0,0.0,0,0
"253_5K9K",0.0,0.0,0,0
"282_5K9K",0.0,0.0,0,0
"352_5K9K",0.0,0.0,0,0
"425_5K9K",0.0,0.0,0,0
"429_5K9K",0.0,0.0,0,0
"433_5K9K",0.0,0.0,0,0
"436_5K9K",0.0,0.0,0,0
"469_5K9K",0.0,0.0,0,0
"478_5K9K",0.0,0.0,0,0
"929_1FE8",0.0,0.0,0,0
"930_1FE8",0.0,0.0,0,0
"931_1FE8",0.0,0.0,0,0
"932_1FE8",0.0,0.0,0,0
"933_1FE8",0.0,0.0,0,0
"934_1FE8",0.0,0.0,0,0
"935_1FE8",0.0,0.0,0,0
"947_1FE8",0.0,0.0,0,0
"951_1FE8",0.0,0.0,0,0
"972_1FE8",0.0,0.0,0,0
"998_1FE8",0.0,0.0,0,0
"1033_1FE8",0.0,0.0,0,0
"1034_1FE8",0.0,0.0,0,0
"1035_1FE8",0.0,0.0,0,0
"1036_1FE8",0.0,0.0,0,0
"324_4FFY",0.0,0.0,0,0
"25_4XWG",0.0,0.0,0,0
"26_4XWG",0.0,0.0,0,0
"27_4XWG",0.0,0.0,0,0
"28_4XWG",0.0,0.0,0,0
"29_4XWG",0.0,0.0,0,0
"30_4XWG",0.0,0.0,0,0
"34_4XWG",0.0,0.0,0,0
"109_4XWG",0.0,0.0,0,0
"128_4XWG",0.0,0.0,0,0
"139_4XWG",0.0,0.0,0,0
"141_4XWG",0.0,0.0,0,0
"142_4XWG",0.0,0.0,0,0
"146_4XWG",0.0,0.0,0,0
"160_4XWG",0.0,0.0,0,0
"164_4XWG",0.0,0.0,0,0
"167_4XWG",0.0,0.0,0,0
"175_4XWG",0.0,0.0,0,0
"177_4XWG",0.0,0.0,0,0
"178_4XWG",0.0,0.0,0,0
"179_4XWG",0.0,0.0,0,0
"182_4XWG",0.0,0.0,0,0
"183_4XWG",0.0,0.0,0,0
"184_4XWG",0.0,0.0,0,0
"185_4XWG",0.0,0.0,0,0
"186_4XWG",0.0,0.0,0,0
"187_4XWG",0.0,0.0,0,0
"188_4XWG",0.0,0.0,0,0
"206_4XWG",0.0,0.0,0,0
"207_4XWG",0.0,0.0,0,0
"208_4XWG",0.0,0.0,0,0
"209_4XWG",0.0,0.0,0,0
"210_4XWG",0.0,0.0,0,0
"211_4XWG",0.0,0.0,0,0
"212_4XWG",0.0,0.0,0,0
"213_4XWG",0.0,0.0,0,0
"214_4XWG",0.0,0.0,0,0
"215_4XWG",0.1602,0.0,0,0
"216_4XWG",0.2393,0.0,0,0
"217_4XWG",0.0,0.0,0,0
"219_4XWG",0.0,0.0,0,0
"220_4XWG",0.0,0.0,0,0
"249_4XWG",0.0,0.0,0,0
"250_4XWG",0.2385,0.0,0,0
"252_4XWG",0.2624,0.0,0,0
"311_4XWG",0.0,0.0,0,0
"313_4XWG",0.0,0.0,0,0
"316_4XWG",0.0,0.0,0,0
"348_4XWG",0.0,0.0,0,0
"353_4XWG",0.0,0.0,0,0
"1_1BGX",0.0,0.0,0,0
"5_1BGX",0.2137,0.0,0,0
"6_1BGX",0.0,0.0,0,0
"7_1BGX",0.2337,0.0,0,0
"8_1BGX",0.2149,0.0,0,0
"9_1BGX",0.0,0.0,0,0
"10_1BGX",0.0,0.0,0,0
"16_1BGX",0.0,0.0,0,0
"17_1BGX",0.0,0.0,0,0
"18_1BGX",0.0,0.0,0,0
"19_1BGX",0.1949,0.0,0,0
"22_1BGX",0.0,0.0,0,0
"25_1BGX",0.2661,0.0,0,0
"43_1BGX",0.2156,0.0,0,0
"44_1BGX",0.1351,0.0,0,0
"46_1BGX",0.2721,0.0,0,0
"50_1BGX",0.0,0.0,0,0
"64_1BGX",0.0,0.0,0,0
"65_1BGX",0.1939,0.0,0,0
"99_1BGX",0.1909,0.0,0,0
"118_1BGX",0.0,0.0,0,0
"122_1BGX",0.0,0.0,0,0
"123_1BGX",0.0,0.0,0,0
"125_1BGX",0.0,0.0,0,0
"126_1BGX",0.0,0.0,0,0
"138_1BGX",0.0,0.0,0,0
"139_1BGX",0.0,0.0,0,0
"140_1BGX",0.0,0.0,0,0
"141_1BGX",0.0,0.0,0,0
"142_1BGX",0.0753,0.0,0,0
"143_1BGX",0.0903,0.0,0,0
"145_1BGX",0.0,0.0,0,0
"182_1BGX",0.2841,0.0,0,0
"185_1BGX",0.213,0.0,0,0
"203_1BGX",0.0973,0.0096,0,0
"204_1BGX",0.0659,0.0,0,0
"205_1BGX",0.0953,0.0151,0,0
"307_1BGX",0.0,0.0,0,0
"308_1BGX",0.1055,0.0,0,0
"316_1BGX",0.0,0.0,0,0
"325_1BGX",0.0,0.0,0,0
"326_1BGX",0.0,0.0,0,0
"348_1BGX",0.0,0.0,0,0
"350_1BGX",0.0,0.0,0,0
"351_1BGX",0.0,0.0,0,0
"353_1BGX",0.0,0.0,0,0
"354_1BGX",0.1444,0.0,0,0
"356_1BGX",0.0,0.0,0,0
"373_1BGX",0.0,0.0,0,0
"375_1BGX",0.0,0.0,0,0
"406_1BGX",0.0,0.0,0,0
"407_1BGX",0.0,0.0,0,0
"434_1BGX",0.0,0.0,0,0
"441_1BGX",0.0,0.0,0,0
"445_1BGX",0.0,0.0,0,0
"449_1BGX",0.0,0.0,0,0
"562_1BGX",0.0,0.0,0,0
"572_1BGX",0.0,0.0,0,0
"574_1BGX",0.0,0.0,0,0
"581_1BGX",0.4496,0.0,0,0
"597_1BGX",0.0,0.0,0,0
"598_1BGX",0.0,0.0,0,0
"606_1BGX",0.0,0.0,0,0
"608_1BGX",0.0,0.0,0,0
"609_1BGX",0.0,0.0,0,0
"614_1BGX",0.0,0.0,0,0
"618_1BGX",0.0,0.0,0,0
"619_1BGX",0.0,0.0,0,0
"628_1BGX",0.0,0.0,0,0
"666_1BGX",0.0,0.0,0,0
"669_1BGX",0.3752,0.0,0,0
"672_1BGX",0.6148,0.0912,0,0
"693_1BGX",0.2047,0.0994,0,0
"696_1BGX",0.0,0.0,0,0
"703_1BGX",0.0,0.0,0,0
"707_1BGX",0.168,0.0,0,0
"710_1BGX",0.1576,0.0,0,0
"711_1BGX",0.0,0.0,0,0
"712_1BGX",0.0731,0.0,0,0
"720_1BGX",0.0,0.0,0,0
"721_1BGX",0.1716,0.0,0,0
"726_1BGX",0.0,0.0,0,0
"745_1BGX",0.1343,0.0,0,0
"748_1BGX",0.0,0.0,0,0
"749_1BGX",0.2051,0.0,0,0
"752_1BGX",0.0,0.0,0,0
"753_1BGX",0.0,0.0,0,0
"755_1BGX",0.0,0.0,0,0
"757_1BGX",0.0,0.0,0,0
"758_1BGX",0.1208,0.0,0,0
"759_1BGX",0.0,0.0,0,0
"761_1BGX",0.0,0.0,0,0
"762_1BGX",0.0,0.0,0,0
"780_1BGX",0.0,0.0,0,0
"781_1BGX",0.0,0.0,0,0
"782_1BGX",0.0,0.0,0,0
"783_1BGX",0.111,0.0,0,0
"785_1BGX",0.1251,0.0,0,0
"786_1BGX",0.0935,0.0,0,0
"787_1BGX",0.0,0.0,0,0
"788_1BGX",0.0,0.0,0,0
"789_1BGX",0.0,0.0,0,0
"803_1BGX",0.0,0.0,0,0
"807_1BGX",0.0,0.0,0,0
"827_1BGX",0.0,0.0,0,0
"253_5KJR",0.1014,0.0,0,0
"259_5KJR",0.0,0.0,0,0
"260_5KJR",0.144,0.0,0,0
"284_5KJR",0.0,0.0,0,0
"285_5KJR",0.0,0.0,0,0
"286_5KJR",0.0,0.0,0,0
"288_5KJR",0.0,0.0,0,0
"345_5KJR",0.0,0.0,0,0
"376_5KJR",0.1323,0.0,0,0
"383_5KJR",0.0,0.0,0,0
"451_5KJR",0.0,0.0,0,0
"452_5KJR",0.0,0.0,0,0
"468_5KJR",0.0,0.0,0,0
"478_5KJR",0.0,0.0,0,0
"483_5KJR",0.0,0.0,0,0
"16_5K59",0.1535,0.0012,0,0
"18_5K59",0.0,0.0,0,0
"34_5K59",0.0,0.0,0,0
"36_5K59",0.0,0.0,0,0
"40_5K59",0.0,0.0,0,0
"42_5K59",0.0,0.0,0,0
"44_5K59",0.0602,0.0044,0,0
"53_5K59",0.0,0.0,0,0
"55_5K59",0.0,0.0,0,0
"57_5K59",0.0,0.0,0,0
"63_5K59",0.0433,0.0,0,0
"80_5K59",0.0,0.0,0,0
"81_5K59",0.0,0.0,0,0
"82_5K59",0.0,0.0,0,0
"83_5K59",0.0,0.0,0,0
"84_5K59",0.0,0.0,0,0
"85_5K59",0.0391,0.0,0,0
"86_5K59",0.0,0.0,0,0
"87_5K59",0.0388,0.0,0,0
"88_5K59",0.0,0.0,0,0
"92_5K59",0.0385,0.0,0,0
"93_5K59",0.0965,0.1234,0,0
"134_5K59",0.2317,0.1644,0,0
"146_5K59",0.0,0.0,0,0
"153_5K59",0.0,0.0,0,0
"167_5K59",0.0,0.0,0,0
"168_5K59",0.0,0.0,0,0
"169_5K59",0.056,0.0731,0,0
"170_5K59",0.0,0.0,0,0
"187_5K59",0.0945,0.0,0,0
"196_5K59",0.0,0.0,0,0
"198_5K59",0.0,0.0,0,0
"223_5K59",0.0,0.0,0,0
"231_5K59",0.0,0.0,0,0
"232_5K59",0.0,0.0,0,0
"233_5K59",0.0,0.0,0,0
"237_5K59",0.0,0.0,0,0
"241_5K59",0.0446,0.035,0,0
"242_5K59",0.0701,0.0774,0,0
"243_5K59",0.0568,0.0303,0,0
"245_5K59",0.0,0.0,0,0
"247_5K59",0.0,0.0,0,0
"248_5K59",0.0353,0.0,0,0
"249_5K59",0.0,0.0,0,0
"251_5K59",0.0,0.0,0,0
"252_5K59",0.0549,0.2288,0,0
"253_5K59",0.0,0.0,0,0
"254_5K59",0.0375,0.0,0,0
"255_5K59",0.0,0.0,0,0
"256_5K59",0.0,0.0,0,0
"258_5K59",0.0,0.0,0,0
"273_5K59",0.0,0.0,0,0
"278_5K59",0.0815,0.2729,0,0
"283_5K59",0.0371,0.0,0,0
"285_5K59",0.0,0.0,0,0
"286_5K59",0.0,0.0,0,0
"287_5K59",0.0469,0.0,0,0
"288_5K59",0.0,0.0,0,0
"289_5K59",0.0856,0.0226,0,0
"290_5K59",0.0,0.0,0,0
"292_5K59",0.0,0.0,0,0
"295_5K59",0.0382,0.0,0,0
"63_4CMH",0.0,0.0,0,0
"89_4CMH",0.0,0.0,0,0
"124_4CMH",0.0,0.0,0,0
"153_4CMH",0.0,0.0,0,0
"188_4CMH",0.0,0.0,0,0
"197_4CMH",0.0,0.0,0,0
"208_4CMH",0.0,0.0,0,0
"262_4CMH",0.0,0.0,0,0
"2208_4KI5",0.0,0.0,0,0
"2230_4KI5",0.0,0.0,0,0
"2306_4KI5",0.0,0.0,0,0
"2308_4KI5",0.0,0.0,0,0
"2318_4KI5",0.0,0.0,0,0
"2319_4KI5",0.0,0.0,0,0
"2321_4KI5",0.0,0.0,0,0
"100_1W72",0.0,0.0,0,0
"101_1W72",0.0,0.0,0,0
"127_2Q8A",0.0,0.0,0,0
"130_2Q8A",0.0,0.0,0,0
"145_2Q8A",0.0,0.0,0,0
"150_2Q8A",0.0,0.0,0,0
"151_2Q8A",0.0,0.0,0,0
"153_2Q8A",0.0,0.0,0,0
"154_2Q8A",0.0,0.0,0,0
"217_2Q8A",0.0,0.0,0,0
"237_2Q8A",0.0,0.0,0,0
"238_2Q8A",0.0,0.0,0,0
"239_2Q8A",0.0,0.0,0,0
"247_2Q8A",0.0,0.0,0,0
"250_2Q8A",0.0,0.0,0,0
"253_2Q8A",0.0,0.0,0,0
"255_2Q8A",0.0,0.0,0,0
"289_2Q8A",0.0,0.0,0,0
"290_2Q8A",0.0,0.0,0,0
"291_2Q8A",0.0,0.0,0,0
"312_2Q8A",0.0,0.0,0,0
"338_2Q8A",0.0,0.0,0,0
"366_2Q8A",0.0,0.0,0,0
"400_2Q8A",0.0,0.0,0,0
"427_2Q8A",0.0,0.0,0,0
"428_2Q8A",0.0,0.0,0,0
"429_2Q8A",0.0,0.0,0,0
"430_2Q8A",0.0,0.0,0,0
"431_2Q8A",0.0,0.0,0,0
"66_4RWY",0.0,0.0,0,0
"95_4RWY",0.0,0.0,0,0
"100_4RWY",0.0,0.0,0,0
"104_4RWY",0.0,0.0,0,0
"108_4RWY",0.0,0.0,0,0
"215_4RWY",0.0,0.0,0,0
"253_4RWY",0.0,0.0,0,0
"255_4RWY",0.0947,0.0,0,0
"256_4RWY",0.0,0.0,0,0
"259_4RWY",0.0,0.0,0,0
"260_4RWY",0.2163,0.0,0,0
"261_4RWY",0.0,0.0,0,0
"284_4RWY",0.0,0.0,0,0
"285_4RWY",0.0,0.0,0,0
"286_4RWY",0.0,0.0,0,0
"288_4RWY",0.0,0.0,0,0
"296_4RWY",0.0,0.0,0,0
"331_4RWY",0.0,0.0,0,0
"345_4RWY",0.0,0.0,0,0
"349_4RWY",0.0,0.0,0,0
"374_4RWY",0.0,0.0,0,0
"375_4RWY",0.0744,0.0,0,0
"376_4RWY",0.0,0.0,0,0
"382_4RWY",0.31,0.0,0,0
"383_4RWY",0.0,0.0,0,0
"391_4RWY",0.0,0.0,0,0
"433_4RWY",0.0,0.0,0,0
"449_4RWY",0.0,0.0,0,0
"451_4RWY",0.0,0.0,0,0
"452_4RWY",0.0,0.0,0,0
"454_4RWY",0.0,0.0,0,0
"468_4RWY",0.0,0.0,0,0
"478_4RWY",0.0,0.0,0,0
"479_4RWY",0.0,0.0,0,0
"481_4RWY",0.0602,0.0,0,0
"483_4RWY",0.0,0.0,0,0
"488_4RWY",0.0,0.0,0,0
"150_1MHP",0.0,0.0,0,0
"151_1MHP",0.0,0.0,0,0
"152_1MHP",0.0,0.0,0,0
"153_1MHP",0.0,0.0,0,0
"185_1MHP",0.0,0.0,0,0
"186_1MHP",0.0,0.0,0,0
"187_1MHP",0.0,0.0,0,0
"188_1MHP",0.0,0.0,0,0
"226_1MHP",0.0,0.0,0,0
"230_1MHP",0.0,0.0,0,0
"233_1MHP",0.0,0.0,0,0
"252_1MHP",0.0,0.0,0,0
"253_1MHP",0.0,0.0,0,0
"254_1MHP",0.0,0.0,0,0
"255_1MHP",0.0,0.0,0,0
"108_4YUE",0.0,0.0,0,0
"327_3B2U",0.0,0.0,0,0
"371_3B2U",0.0,0.0,0,0
"396_3B2U",0.0,0.0,0,0
"399_3B2U",0.0,0.0,0,0
"402_3B2U",0.0,0.0,0,0
"66_4H8W",0.0,0.0,0,0
"108_4H8W",0.0,0.0,0,0
"253_4H8W",0.0,0.0,0,0
"259_4H8W",0.0,0.0,0,0
"260_4H8W",0.1334,0.0,0,0
"286_4H8W",0.0,0.0,0,0
"342_4H8W",0.0,0.0,0,0
"345_4H8W",0.0,0.0,0,0
"376_4H8W",0.0953,0.0,0,0
"382_4H8W",0.2464,0.0,0,0
"383_4H8W",0.0,0.0,0,0
"449_4H8W",0.0,0.0,0,0
"451_4H8W",0.0,0.0,0,0
"452_4H8W",0.0,0.0,0,0
"478_4H8W",0.0,0.0,0,0
"479_4H8W",0.0,0.0,0,0
"481_4H8W",0.0573,0.0,0,0
"483_4H8W",0.0,0.0,0,0
"30_2ZCH",0.0,0.0,0,0
"31_2ZCH",0.0,0.0,0,0
"44_2ZCH",0.0,0.0,0,0
"45_2ZCH",0.0,0.0,0,0
"52_2ZCH",0.0,0.0,0,0
"53_2ZCH",0.0,0.0,0,0
"54_2ZCH",0.0,0.0,0,0
"103_2ZCH",0.0,0.0,0,0
"183_2ZCH",0.0,0.0,0,0
"197_2ZCH",0.0,0.0,0,0
"211_2ZCH",0.0,0.0,0,0
"212_2ZCH",0.0,0.0,0,0
"227_2ZCH",0.0,0.0,0,0
"228_2ZCH",0.0,0.0,0,0
"229_2ZCH",0.0,0.0,0,0
"69_4GMS",0.0,0.0,0,0
"70_4GMS",0.0,0.0,0,0
"87_4GMS",0.0,0.0,0,0
"88_4GMS",0.0,0.0,0,0
"118_4GMS",0.0,0.0,0,0
"179_4GMS",0.0,0.0,0,0
"181_4GMS",0.0,0.0,0,0
"249_4GMS",0.0,0.0,0,0
"251_4GMS",0.0,0.0,0,0
"252_4GMS",0.0,0.0,0,0
"258_4GMS",0.0,0.0,0,0
"337_2DD8",0.0,0.0,0,0
"382_2DD8",0.0,0.0,0,0
"384_2DD8",0.0,0.0,0,0
"387_2DD8",0.0,0.0,0,0
"388_2DD8",0.0,0.0,0,0
"419_2DD8",0.0,0.0,0,0
"496_2DD8",0.0,0.0,0,0
"498_2DD8",0.0,0.0,0,0
"499_2DD8",0.0,0.0,0,0
"138_4JZJ",0.0,0.0,0,0
"21_4JPK",0.0,0.0,0,0
"22_4JPK",0.0,0.0,0,0
"119_4JPK",0.0,0.0,0,0
"552_2XRA",0.0,0.0,0,0
"2551_2XRA",0.0,0.0,0,0
"2552_2XRA",0.0,0.0,0,0
"2555_2XRA",0.0,0.0,0,0
"2558_2XRA",0.0,0.0,0,0
"2559_2XRA",0.0,0.0,0,0
"2569_2XRA",0.0,0.0,0,0
"4555_2XRA",0.0,0.0,0,0
"4562_2XRA",0.0,0.0,0,0
"69_4FP8",0.0723,0.0,0,0
"70_4FP8",0.0,0.0,0,0
"181_4FP8",0.0,0.0,0,0
"249_4FP8",0.0,0.0,0,0
"251_4FP8",0.0,0.0,0,0
"252_4FP8",0.0,0.0,0,0
"66_4YDK",0.0,0.0,0,0
"101_4YDK",0.0,0.0,0,0
"104_4YDK",0.0,0.0,0,0
"108_4YDK",0.0,0.0,0,0
"118_4YDK",0.0,0.0,0,0
"215_4YDK",0.0,0.0,0,0
"235_4YDK",0.0,0.0,0,0
"253_4YDK",0.0,0.0,0,0
"254_4YDK",0.1584,0.0,0,0
"255_4YDK",0.0,0.0,0,0
"256_4YDK",0.0,0.0,0,0
"259_4YDK",0.0,0.0,0,0
"260_4YDK",0.1709,0.0,0,0
"261_4YDK",0.1064,0.0,0,0
"285_4YDK",0.0,0.0,0,0
"286_4YDK",0.0,0.0,0,0
"287_4YDK",0.0,0.0,0,0
"288_4YDK",0.0,0.0,0,0
"296_4YDK",0.0,0.0,0,0
"331_4YDK",0.0,0.0,0,0
"338_4YDK",0.0,0.0,0,0
"342_4YDK",0.0,0.0,0,0
"345_4YDK",0.0,0.0,0,0
"349_4YDK",0.0,0.0,0,0
"374_4YDK",0.0,0.0,0,0
"375_4YDK",0.0,0.0,0,0
"376_4YDK",0.0,0.0,0,0
"377_4YDK",0.167,0.0,0,0
"378_4YDK",0.0,0.0,0,0
"382_4YDK",0.0,0.0,0,0
"383_4YDK",0.0,0.0,0,0
"387_4YDK",0.0,0.0,0,0
"390_4YDK",0.0,0.0,0,0
"433_4YDK",0.0,0.0,0,0
"449_4YDK",0.0,0.0,0,0
"451_4YDK",0.0,0.0,0,0
"452_4YDK",0.0,0.0,0,0
"453_4YDK",0.0,0.0,0,0
"468_4YDK",0.0,0.0,0,0
"478_4YDK",0.0,0.0,0,0
"479_4YDK",0.0,0.0,0,0
"481_4YDK",0.0,0.0,0,0
"483_4YDK",0.0,0.0,0,0
"484_4YDK",0.0611,0.0,0,0
"32_1BVK",0.0,0.0,0,0
"55_1BVK",0.0,0.0,0,0
"95_1BVK",0.0,0.0,0,0
"320_4BZ2",0.0,0.0,0,0
"369_4BZ2",0.0,0.0,0,0
"108_5I9Q",0.0,0.0,0,0
"253_5I9Q",0.0,0.0,0,0
"255_5I9Q",0.0844,0.0,0,0
"256_5I9Q",0.0,0.0,0,0
"259_5I9Q",0.0,0.0,0,0
"260_5I9Q",0.1149,0.0,0,0
"284_5I9Q",0.0,0.0,0,0
"285_5I9Q",0.0,0.0,0,0
"286_5I9Q",0.0,0.0,0,0
"345_5I9Q",0.0,0.0,0,0
"373_5I9Q",0.0,0.0,0,0
"374_5I9Q",0.1501,0.0,0,0
"381_5I9Q",0.4415,0.0,0,0
"451_5I9Q",0.0,0.0,0,0
"452_5I9Q",0.0,0.0,0,0
"453_5I9Q",0.0,0.0,0,0
"478_5I9Q",0.0,0.0,0,0
"479_5I9Q",0.0,0.0,0,0
"62_4K3J",0.0,0.0,0,0
"63_4K3J",0.0,0.0,0,0
"64_4K3J",0.0,0.0,0,0
"65_4K3J",0.0,0.0,0,0
"66_4K3J",0.0,0.0,0,0
"73_4K3J",0.0,0.0,0,0
"130_4K3J",0.0,0.0,0,0
"131_4K3J",0.0,0.0,0,0
"133_4K3J",0.0,0.0,0,0
"134_4K3J",0.2806,0.0,0,0
"176_4K3J",0.0,0.0,0,0
"197_4K3J",0.0,0.0,0,0
"199_4K3J",0.0,0.0,0,0
"213_4K3J",0.0,0.0,0,0
"214_4K3J",0.0,0.0,0,0
"215_4K3J",0.0,0.0,0,0
"216_4K3J",0.0,0.0,0,0
"217_4K3J",0.0,0.0,0,0
"261_4K3J",0.0,0.0,0,0
"262_4K3J",0.0,0.0,0,0
"263_4K3J",0.0,0.0,0,0
"276_4K3J",0.0,0.0,0,0
"277_4K3J",0.0,0.0,0,0
"278_4K3J",0.0,0.0,0,0
"279_4K3J",0.0,0.0,0,0
"296_4K3J",0.0,0.0,0,0
"298_4K3J",0.0,0.0,0,0
"319_4K3J",0.0,0.0,0,0
"343_4K3J",0.0,0.0,0,0
"344_4K3J",0.0,0.0,0,0
"345_4K3J",0.0,0.0,0,0
"346_4K3J",0.0,0.0,0,0
"347_4K3J",0.0,0.0,0,0
"361_4K3J",0.0,0.0,0,0
"386_4K3J",0.0,0.0,0,0
"441_4K3J",0.0,0.0,0,0
"442_4K3J",0.0,0.0,0,0
"443_4K3J",0.0,0.0,0,0
"453_4K3J",0.0,0.0,0,0
"454_4K3J",0.0,0.0,0,0
"455_4K3J",0.0,0.0,0,0
"456_4K3J",0.0,0.0,0,0
"502_4K3J",0.0,0.0,0,0
"504_4K3J",0.0,0.0,0,0
"510_4K3J",0.0,0.0,0,0
"517_4K3J",0.0,0.0,0,0
