262P.txt,-1.22,-18.642,29.656
302P.txt,10.428,-16.591,26.366
317P.txt,2.927,-32.025,32.634
263P.txt,0.793,-14.11,29.462
249P.txt,1.582,-6.517,18.864
260P.txt,2.7,-17.96,32.01
304P.txt,16.08,-20.017,28.086
310P.txt,9.804,-30.618,30.667
305P.txt,9.35,-20.709,30.48
259P.txt,6.602,-16.131,31.446
215P.txt,-8.75,-28.495,27.226
229P.txt,-13.692,-8.39,19.015
205P.txt,2.655,-36.283,22.356
222P.txt,-14.957,-19.229,25.303
193P.txt,-11.301,-29.071,9.57
230P.txt,-10.258,-4.796,19.575
224P.txt,-9.317,-12.997,26.441
257P.txt,7.769,-10.185,32.754
256P.txt,4.542,-7.957,32.072
320P.txt,-3.398,-33.659,33.292
308P.txt,14.299,-23.803,32.235
309P.txt,8.924,-25.485,31.774
255P.txt,6.152,-6.677,28.174
319P.txt,-3.015,-26.641,30.772
318P.txt,0.005,-26.004,33.664
