201P.txt,52.326,58.356,7.43
229P.txt,30.248,93.346,-17.202
228P.txt,27.187,92.892,-12.988
202P.txt,52.379,63.386,8.955
203P.txt,49.109,63.454,3.904
238P.txt,22.047,83.75,-25.44
239P.txt,25.696,87.179,-22.287
234P.txt,19.876,96.645,-23.769
235P.txt,23.572,92.741,-24.106
237P.txt,19.818,87.028,-24.708
236P.txt,22.391,88.462,-26.716
232P.txt,26.955,97.117,-16.898
227P.txt,26.773,86.09,-14.642
233P.txt,24.742,97.519,-21.002
231P.txt,23.677,93.956,-16.422
230P.txt,25.792,91.329,-19.082
242P.txt,28.664,82.967,-23.631
240P.txt,25.282,84.847,-19.528
241P.txt,24.873,81.836,-20.95
245P.txt,30.503,78.567,-22.462
244P.txt,27.843,79.686,-17.308
