215P.txt,-42.776,35.9,-70.944
163P.txt,-21.25,29.278,-72.435
162P.txt,-24.457,27.285,-70.928
202P.txt,-44.108,42.618,-55.866
207P.txt,-51.558,33.806,-61.43
165P.txt,-26.049,31.03,-76.405
171P.txt,-21.599,15.794,-70.314
170P.txt,-20.88,20.511,-72.619
164P.txt,-21.699,29.939,-76.592
204P.txt,-51.646,40.735,-57.715
166P.txt,-27.122,27.341,-79.942
167P.txt,-22.565,25.112,-77.512
205P.txt,-52.077,37.044,-58.471
220P.txt,-33.937,34.412,-70.962
208P.txt,-50.049,37.279,-62.457
221P.txt,-33.938,29.854,-71.974
169P.txt,-26.821,22.125,-74.354
168P.txt,-24.3,20.351,-79.928
151P.txt,-21.445,7.902,-48.07
219P.txt,-37.574,36.465,-72.637
153P.txt,-21.418,13.447,-46.807
152P.txt,-17.238,10.347,-48.574
218P.txt,-40.153,32.191,-72.938
118P.txt,-49.213,42.004,-51.177
