115P.txt,-9.749,37.524,18.522
112P.txt,-14.75,30.681,15.195
113P.txt,-12.959,33.589,20.325
111P.txt,-16.997,27.109,18.112
39P.txt,-9.9,40.58,33.5
89P.txt,-2.675,45.975,25.968
88P.txt,-6.09,44.606,25.493
65P.txt,-17.148,37.934,30.78
67P.txt,-13.001,35.459,30.691
66P.txt,-15.452,35.324,27.212
43P.txt,-14.797,40.81,35.367
68P.txt,-10.797,35.884,26.947
40P.txt,-10.785,42.09,37.824
87P.txt,-8.572,43.794,28.84
90P.txt,-2.489,45.632,22.05
47P.txt,-20.66,41.48,35.447
121P.txt,1.191,44.438,17.949
35P.txt,-2.286,44.941,32.914
36P.txt,-5.5,41.219,37.563
32P.txt,1.067,43.195,35.546
33P.txt,-0.989,44.427,37.904
31P.txt,3.059,46.388,35.768
119P.txt,-5.491,41.199,18.656
