132P.txt,-1.786,-26.311,-22.958
137P.txt,15.236,-28.482,-23.262
139P.txt,9.689,-26.12,-28.382
140P.txt,11.642,-24.504,-31.676
196P.txt,22.824,-26.058,-23.445
215P.txt,5.538,-26.173,-13.482
218P.txt,9.963,-26.046,-16.949
220P.txt,6.928,-24.302,-21.237
221P.txt,2.76,-24.177,-22.037
222P.txt,3.811,-23.644,-26.266
223P.txt,1.664,-23.575,-30.017
227P.txt,-0.962,-24.95,-34.588
231P.txt,5.518,-23.388,-35.356
234P.txt,6.54,-21.769,-41.65
235P.txt,11.182,-21.857,-37.115
238P.txt,11.605,-17.458,-40.914
25P.txt,0.961,-19.217,-41.303
27P.txt,-4.58,-19.179,-37.439
35P.txt,-11.329,-27.219,-21.53
36P.txt,-6.47,-27.844,-24.547
37P.txt,-6.078,-27.932,-19.024
38P.txt,-2.434,-24.627,-17.58
132.txt,-1.786,-26.311,-22.958
134.txt,3.554,-28.595,-20.455
139.txt,9.689,-26.12,-28.382
140.txt,11.642,-24.504,-31.676
193.txt,17.327,-24.465,-33.776
196.txt,22.824,-26.058,-23.445
215.txt,5.538,-26.173,-13.482
216.txt,9.347,-28.618,-11.332
218.txt,9.963,-26.046,-16.949
220.txt,6.928,-24.302,-21.237
221.txt,2.76,-24.177,-22.037
222.txt,3.811,-23.644,-26.266
223.txt,1.664,-23.575,-30.017
224.txt,-2.781,-27.144,-30.591
227.txt,-0.962,-24.95,-34.588
231.txt,5.518,-23.388,-35.356
234.txt,6.54,-21.769,-41.65
235.txt,11.182,-21.857,-37.115
238.txt,11.605,-17.458,-40.914
239.txt,15.888,-18.837,-41.272
25.txt,0.961,-19.217,-41.303
26.txt,-2.776,-21.874,-41.763
27.txt,-4.58,-19.179,-37.439
38.txt,-2.434,-24.627,-17.58
39.txt,-2.881,-29.64,-14.162
