262P.txt,-22.774,45.675,-33.987
101P.txt,12.115,70.215,-61.008
288P.txt,-40.1,34.842,1.282
103P.txt,5.368,70.122,-56.473
102P.txt,5.832,70.152,-59.934
260P.txt,-24.835,45.7,-38.762
264P.txt,-22.789,39.694,-37.497
106P.txt,14.219,71.096,-56.141
107P.txt,15.157,67.782,-53.941
265P.txt,-21.53,40.116,-33.731
259P.txt,-26.676,49.441,-36.752
105P.txt,10.278,71.212,-54.894
104P.txt,7.894,73.423,-55.415
229P.txt,-19.358,61.598,-19.116
76P.txt,14.834,69.813,-47.482
77P.txt,11.423,72.075,-45.464
214P.txt,-21.116,38.29,-22.198
216P.txt,-13.555,41.052,-21.791
203P.txt,-27.177,47.05,-20.747
217P.txt,-18.197,41.251,-26.989
98P.txt,6.235,61.458,-54.18
221P.txt,-15.539,46.114,-29.188
184P.txt,-55.307,43.139,7.387
109P.txt,11.202,63.504,-52.764
108P.txt,12.515,65.313,-57.825
256P.txt,-20.119,53.196,-42.211
251P.txt,-8.922,62.039,-48.78
250P.txt,-4.761,63.02,-47.424
252P.txt,-10.332,61.753,-44.988
19P.txt,-47.09,33.496,13.01
253P.txt,-13.457,58.652,-45.657
