504P.txt,-73.386,104.502,31.08
505P.txt,-75.929,110.086,31.379
507P.txt,-82.149,111.629,34.096
466P.txt,-63.775,80.885,24.524
506P.txt,-79.702,109.009,34.737
502P.txt,-67.024,103.721,30.675
310P.txt,-47.518,51.641,16.177
503P.txt,-67.575,107.15,31.805
501P.txt,-63.304,103.642,32.016
400P.txt,-50.333,62.722,14.736
426P.txt,-76.526,100.567,33.909
425P.txt,-80.506,97.788,35.523
418P.txt,-71.138,100.69,25.542
424P.txt,-82.032,100.608,34.621
352P.txt,-55.975,78.328,12.307
421P.txt,-81.196,95.426,29.712
345P.txt,-44.558,67.316,8.076
344P.txt,-40.857,64.635,7.15
422P.txt,-83.979,98.866,31.198
485P.txt,-77.704,115.192,39.679
320P.txt,-45.353,75.565,33.175
443P.txt,-71.492,111.439,42.231
442P.txt,-71.24,107.885,41.938
481P.txt,-83.05,102.826,40.984
508P.txt,-84.631,112.222,36.932
454P.txt,-68.366,106.109,47.019
441P.txt,-66.765,104.749,41.671
482P.txt,-81.074,106.021,42.662
