15P.txt,59.934,-16.149,14.4
16P.txt,59.274,-14.383,11.239
17P.txt,60.212,-17.212,9.4
112P.txt,74.399,4.479,26.821
113P.txt,71.402,6.219,29.665
111P.txt,71.9,1.011,27.734
49P.txt,51.79,-4.591,14.18
75P.txt,58.299,4.281,34.751
72P.txt,58.237,-0.972,34.03
57P.txt,51.916,-17.396,20.662
81P.txt,58.196,13.526,29.012
56P.txt,52.686,-16.91,16.852
4P.txt,66.618,-7.827,29.064
6P.txt,68.767,-6.745,22.918
83P.txt,59.647,18.61,23.763
55P.txt,49.258,-15.884,15.316
45P.txt,52.392,0.607,18.955
52P.txt,47.827,-7.986,14.84
84P.txt,59.562,18.437,19.861
53P.txt,50.372,-9.144,10.819
34P.txt,65.964,14.82,23.104
21P.txt,55.979,-11.642,6.301
23P.txt,54.646,-4.731,6.625
