304P.txt,13.17,0.383,-25.304
201P.txt,17.998,-18.246,-31.889
200P.txt,16.938,-22.7,-33.091
203P.txt,16.668,-21.905,-26.106
238P.txt,-12.194,-13.049,-45.757
204P.txt,16.37,-22.207,-22.482
198P.txt,14.285,-28.617,-30.813
239P.txt,-8.471,-12.129,-47.352
195P.txt,5.516,-29.637,-30.959
194P.txt,1.746,-30.221,-27.049
196P.txt,8.734,-32.351,-28.733
197P.txt,10.348,-29.891,-32.785
236P.txt,-15.136,-10.859,-41.693
226P.txt,-17.239,-14.786,-25.483
193P.txt,-0.684,-30.588,-30.968
192P.txt,-3.733,-28.732,-31.5
233P.txt,-18.88,-12.951,-35.443
225P.txt,-14.146,-18.576,-25.14
191P.txt,-2.141,-28.016,-35.195
280P.txt,-10.643,-23.527,-40.013
257P.txt,0.182,3.879,-23.318
322P.txt,6.189,-20.566,-6.213
281P.txt,-10.882,-20.166,-43.169
321P.txt,2.922,-18.681,-9.431
282P.txt,-9.056,-23.372,-45.56
