114P.txt,37.068,-17.903,38.406
249P.txt,15.625,-17.143,53.649
13P.txt,30.416,-24.094,35.427
113P.txt,40.253,-19.682,36.562
177P.txt,5.23,-29.448,25.114
159P.txt,17.197,-34.224,43.786
158P.txt,19.783,-33.226,39.362
238P.txt,18.677,-4.832,51.601
172P.txt,11.466,-31.905,20.521
173P.txt,14.327,-36.938,25.472
66P.txt,51.145,-19.068,14.264
43P.txt,53.164,-22.836,26.869
142P.txt,30.345,-25.546,6.139
-1P.txt,25.943,-36.729,13.192
-2P.txt,26.004,-37.714,9.724
-3P.txt,22.613,-33.837,7.837
55P.txt,48.951,-23.696,28.982
51P.txt,48.298,-17.63,37.77
144P.txt,27.689,-31.922,5.685
-6P.txt,20.776,-31.683,-0.756
93P.txt,30.713,-37.428,17.544
44P.txt,54.319,-18.24,25.851
0P.txt,19.183,-35.98,12.825
46P.txt,52.03,-15.006,32.056
-4P.txt,21.433,-35.158,4.613
-5P.txt,24.352,-33.198,1.476
53P.txt,45.203,-23.47,32.884
283P.txt,21.871,-13.998,46.866
279P.txt,22.982,-21.138,53.207
250P.txt,11.806,-16.906,55.5
278P.txt,24.694,-19.389,49.524
