114P.txt,-73.341,44.236,55.428
329P.txt,-58.161,38.149,55.31
328P.txt,-60.478,35.569,54.524
248P.txt,-84.446,85.313,81.606
311P.txt,-45.472,45.028,57.02
313P.txt,-47.646,43.341,52.45
375P.txt,-70.325,79.222,63.437
189P.txt,-66.381,63.841,84.132
376P.txt,-70.939,80.272,69.307
217P.txt,-99.458,60.65,81.661
206P.txt,-90.869,57.289,77.993
359P.txt,-58.946,64.303,67.711
220P.txt,-92.039,65.161,85.819
195P.txt,-64.753,71.291,91.283
354P.txt,-65.728,51.687,68.101
194P.txt,-60.852,67.42,93.639
346P.txt,-50.88,68.575,61.522
192P.txt,-63.401,61.437,88.245
219P.txt,-94.855,63.502,84.066
345P.txt,-50.057,68.058,56.978
218P.txt,-97.706,63.777,81.641
323P.txt,-66.762,35.49,45.632
120P.txt,-62.573,42.662,54.857
256P.txt,-83.519,73.471,78.118
308P.txt,-45.314,48.992,51.636
321P.txt,-68.984,40.292,46.155
241P.txt,-90.158,71.037,74.277
325P.txt,-63.439,30.568,49.604
330P.txt,-53.333,38.628,58.84
244P.txt,-92.091,76.72,80.996
118P.txt,-69.347,40.519,54.301
247P.txt,-86.275,81.804,81.012
