100P.txt,-14.896,60.044,-15.334
101P.txt,-16.414,59.586,-20.115
102P.txt,-14.366,55.71,-19.701
103P.txt,-11.001,56.287,-22.21
104P.txt,-9.528,58.119,-19.057
106P.txt,-6.806,57.501,-23.18
107P.txt,-8.923,61.799,-23.691
118P.txt,6.603,57.492,-19.535
120P.txt,5.178,60.175,-14.683
121P.txt,7.381,59.8,-10.968
123P.txt,7.211,65.859,-15.831
124P.txt,6.543,65.673,-9.011
125P.txt,11.407,64.15,-8.955
126P.txt,11.544,69.121,-6.464
128P.txt,10.244,69.397,-1.557
129P.txt,4.534,68.286,-2.888
18P.txt,-2.72,62.934,-6.379
20P.txt,-9.867,61.98,-9.953
23P.txt,-4.908,58.302,-13.865
24P.txt,-0.376,60.084,-10.62
5P.txt,7.739,71.294,-12.651
6P.txt,6.267,72.938,-9.166
62P.txt,-17.638,66.0,-27.499
63P.txt,-16.065,67.631,-22.614
