141P.txt,12.938,29.148,24.985
142P.txt,9.298,28.695,26.59
145P.txt,4.658,26.023,32.643
146P.txt,6.26,29.098,31.056
151P.txt,21.059,28.366,29.521
153P.txt,26.234,27.077,28.754
154P.txt,24.458,27.377,32.685
155P.txt,25.685,24.684,35.786
156P.txt,22.407,29.01,37.334
157P.txt,19.623,27.07,38.659
159P.txt,24.743,21.609,38.711
161P.txt,26.013,16.2,31.942
162P.txt,22.809,17.143,29.297
163P.txt,28.566,20.228,27.548
175P.txt,17.438,28.956,25.881
181P.txt,18.858,10.983,26.172
183P.txt,14.174,11.354,26.501
192P.txt,14.955,29.547,35.253
193P.txt,12.375,27.702,38.684
194P.txt,15.124,27.229,41.166
195P.txt,11.307,25.419,43.02
196P.txt,11.582,23.257,38.003
197P.txt,17.041,19.538,37.249
198P.txt,13.518,17.866,34.329
199P.txt,9.155,21.558,32.27
200P.txt,8.674,19.339,28.76
202P.txt,4.022,22.768,24.114
