126P.txt,10.996,-12.239,5.16
128P.txt,9.762,-6.311,3.521
129P.txt,8.976,-4.839,9.657
163P.txt,8.376,-0.66,6.875
164P.txt,13.15,-3.657,3.596
165P.txt,14.461,-1.411,8.384
166P.txt,15.592,4.201,6.607
167P.txt,19.378,-0.411,5.683
168P.txt,21.7,0.079,2.511
169P.txt,17.474,0.214,-1.275
170P.txt,16.729,4.582,1.347
171P.txt,15.032,5.222,-3.175
172P.txt,11.052,8.783,-3.598
174P.txt,12.502,1.976,-7.181
215P.txt,3.978,8.458,-1.175
218P.txt,10.256,7.597,2.261
221P.txt,10.347,6.393,8.588
222P.txt,12.482,10.483,6.042
223P.txt,9.97,13.538,9.533
224P.txt,13.262,9.724,12.1
225P.txt,17.938,9.745,7.701
226P.txt,17.048,15.964,9.726
227P.txt,15.652,11.613,15.148
228P.txt,19.717,7.447,13.128
