100P.txt,2.267,45.929,103.401
220P.txt,7.844,37.543,104.043
221P.txt,4.922,34.657,103.864
222P.txt,0.88,32.246,99.043
223P.txt,0.518,36.682,100.293
224P.txt,-2.166,38.892,98.115
225P.txt,0.902,34.486,95.082
227P.txt,6.623,33.981,98.547
299P.txt,-11.364,54.668,126.584
307P.txt,-13.754,64.604,131.356
308P.txt,-14.346,57.165,130.354
395P.txt,-2.754,57.448,123.557
396P.txt,-3.951,54.22,120.322
399P.txt,-3.797,48.095,122.242
402P.txt,0.665,40.815,122.369
403P.txt,3.039,45.088,122.055
404P.txt,4.382,44.798,126.38
405P.txt,8.838,48.215,128.811
406P.txt,5.514,50.469,125.327
408P.txt,2.26,47.376,129.74
409P.txt,3.265,52.702,129.943
410P.txt,0.358,52.798,125.945
411P.txt,-2.991,49.285,128.729
412P.txt,-0.371,52.36,134.978
413P.txt,-1.346,56.187,131.414
415P.txt,-6.364,52.749,134.368
416P.txt,-4.022,56.352,136.085
417P.txt,-6.796,59.884,132.626
419P.txt,-9.051,55.616,138.241
420P.txt,-7.363,60.294,139.119
421P.txt,-10.535,63.53,135.621
423P.txt,-11.655,60.887,143.882
424P.txt,-12.162,64.186,140.523
426P.txt,-18.096,60.068,143.16
427P.txt,-15.534,64.466,145.672
95P.txt,-4.797,44.729,101.352
