12P.txt,-23.109,4.066,23.636
13P.txt,-19.184,4.71,27.197
16P.txt,-17.155,4.939,22.078
17P.txt,-14.134,3.999,26.358
18P.txt,-13.937,-0.801,21.269
21P.txt,-8.349,-0.476,20.72
22P.txt,-10.682,-0.151,16.711
23P.txt,-10.394,4.689,14.577
24P.txt,-5.657,3.904,19.463
53P.txt,-16.157,4.874,9.3
54P.txt,-17.902,0.73,8.774
55P.txt,-17.19,-1.473,11.9
57P.txt,-21.19,4.261,11.091
58P.txt,-22.9,-1.067,10.193
59P.txt,-21.26,-0.35,16.54
60P.txt,-22.779,3.833,16.972
61P.txt,-26.605,2.562,14.33
62P.txt,-26.985,-0.751,17.247
63P.txt,-25.989,1.237,20.82
64P.txt,-31.398,4.009,17.549
9P.txt,-25.816,5.889,28.614
