101P.txt,-3.247,24.657,32.045
102P.txt,-4.766,28.784,31.164
103P.txt,-2.113,30.19,29.119
106P.txt,-0.66,31.173,24.455
112P.txt,2.874,33.704,21.148
114P.txt,4.163,30.921,12.714
116P.txt,-2.24,35.104,18.739
117P.txt,-4.559,37.119,14.831
118P.txt,-4.005,35.33,12.081
119P.txt,-7.254,34.58,8.45
123P.txt,-4.246,27.336,7.859
19P.txt,-15.049,26.198,18.921
21P.txt,-11.333,25.746,27.154
22P.txt,-12.849,28.737,21.673
23P.txt,-9.015,28.514,21.14
33P.txt,1.699,23.785,9.018
34P.txt,3.29,26.846,11.414
48P.txt,14.61,21.316,28.335
5P.txt,-5.894,22.293,4.553
61P.txt,10.051,18.499,31.312
62P.txt,5.107,20.065,32.483
63P.txt,1.197,17.978,29.278
71P.txt,11.013,15.891,36.021
73P.txt,4.385,16.432,36.178
102.txt,-4.766,28.784,31.164
103.txt,-2.113,30.19,29.119
116.txt,-2.24,35.104,18.739
117.txt,-4.559,37.119,14.831
118.txt,-4.005,35.33,12.081
119.txt,-7.254,34.58,8.45
120.txt,-7.13,31.1,11.469
121.txt,-11.056,30.665,7.72
124.txt,-10.846,25.626,7.517
125.txt,-11.044,29.26,3.132
19.txt,-15.049,26.198,18.921
22.txt,-12.849,28.737,21.673
23.txt,-9.015,28.514,21.14
24.txt,-11.431,27.844,15.895
27.txt,-6.621,28.405,15.821
