272P.txt,-15.328,21.393,37.638
273P.txt,-13.127,26.438,35.597
274P.txt,-16.967,25.448,30.391
275P.txt,-11.38,25.548,30.002
276P.txt,-8.936,26.318,33.762
277P.txt,-7.812,20.301,32.639
278P.txt,-4.004,20.704,33.74
282P.txt,2.283,18.512,38.36
309P.txt,4.836,21.371,42.525
382P.txt,2.15,40.374,38.347
389P.txt,3.376,30.28,46.847
390P.txt,0.897,28.978,42.857
391P.txt,0.847,32.921,40.923
392P.txt,-2.898,31.778,38.705
393P.txt,-2.399,33.794,34.927
394P.txt,-6.354,34.089,34.283
395P.txt,-5.162,34.228,29.779
396P.txt,-9.261,37.643,29.438
397P.txt,-10.931,36.51,25.886
422P.txt,-3.692,25.799,34.105
450P.txt,-13.179,31.429,-7.662
452P.txt,-9.838,26.152,-9.221
478P.txt,-8.673,40.792,-15.154
479P.txt,-13.104,38.419,-12.587
480P.txt,-16.494,39.84,-15.36
481P.txt,-16.735,35.826,-10.272
482P.txt,-18.482,37.16,-6.274
484P.txt,-16.004,30.604,-4.724
523P.txt,-25.133,24.245,-4.906
524P.txt,-28.21,25.201,-6.324
526P.txt,-24.456,28.178,-1.789
563P.txt,-19.19,28.864,-1.508
294.txt,17.174,29.3,26.274
295.txt,19.298,28.21,28.761
296.txt,20.202,24.23,31.146
297.txt,23.785,26.968,36.337
298.txt,22.66,22.891,35.366
299.txt,21.879,19.084,34.919
302.txt,16.616,21.377,33.937
318.txt,22.608,30.699,32.323
319.txt,23.385,34.481,31.418
321.txt,18.209,37.509,30.939
323.txt,18.238,38.505,26.555
324.txt,16.863,33.57,28.833
