100P.txt,-15.284,81.718,-15.684
101P.txt,-16.49,81.622,-21.032
102P.txt,-18.93,78.628,-16.068
103P.txt,-18.178,80.677,-12.861
104P.txt,-19.6,84.373,-14.701
105P.txt,-16.646,85.285,-15.642
106P.txt,-15.035,86.448,-19.121
107P.txt,-11.934,87.033,-17.765
108P.txt,-11.18,81.939,-18.223
109P.txt,-9.136,83.216,-13.178
11P.txt,-2.68,67.021,69.65
110P.txt,-7.304,82.713,-9.5
13P.txt,0.958,72.023,75.103
244P.txt,-10.121,71.878,-4.478
246P.txt,-13.915,74.859,-6.586
342P.txt,0.664,48.175,86.272
348P.txt,1.845,56.786,83.822
370P.txt,-2.211,61.087,76.386
372P.txt,0.875,55.407,78.568
373P.txt,3.411,54.408,74.398
374P.txt,1.34,50.4,77.346
375P.txt,0.545,48.493,80.454
377P.txt,-3.947,49.984,85.037
390P.txt,-7.222,47.344,82.04
391P.txt,-5.831,50.838,76.911
392P.txt,-1.228,47.796,75.426
393P.txt,-0.454,53.369,73.777
394P.txt,1.41,51.221,69.587
74P.txt,-14.572,88.612,-11.51
75P.txt,-11.331,88.091,-12.864
76P.txt,-9.922,92.095,-13.258
77P.txt,-13.628,93.308,-11.318
98P.txt,-10.706,79.1,-10.123
99P.txt,-14.673,83.037,-11.423
305.txt,-20.817,55.197,92.068
306.txt,-18.666,57.396,87.842
307.txt,-22.488,53.4,84.223
308.txt,-18.771,52.492,81.353
309.txt,-22.006,54.542,78.756
310.txt,-19.282,54.475,74.429
311.txt,-15.775,50.039,75.252
312.txt,-12.124,52.491,76.432
325.txt,-24.015,57.639,83.421
327.txt,-24.819,55.666,89.32
362.txt,-29.537,61.295,83.697
364.txt,-23.668,61.076,79.647
387.txt,-14.234,52.446,87.6
388.txt,-8.688,49.265,88.218
389.txt,-10.829,50.658,83.38
390.txt,-7.222,47.344,82.04
