123P.txt,52.252,54.464,-19.012
124P.txt,53.07,55.899,-14.935
126P.txt,52.926,58.002,-10.533
127P.txt,52.199,52.393,-13.152
130P.txt,48.69,49.563,-8.166
134P.txt,48.76,45.409,-5.372
158P.txt,55.199,65.354,-5.805
159P.txt,52.536,67.885,-3.435
162P.txt,52.702,69.884,-8.438
165P.txt,52.805,76.385,-12.944
166P.txt,56.368,75.376,-16.896
168P.txt,56.183,78.067,-22.604
414P.txt,54.757,62.265,-14.706
416P.txt,57.582,68.104,-15.496
460P.txt,58.054,65.506,-24.89
464P.txt,56.456,70.963,-25.579
479P.txt,55.768,80.623,-12.642
482P.txt,52.811,80.459,-6.801
487P.txt,48.167,76.363,1.892
488P.txt,46.93,75.396,6.174
489P.txt,43.368,75.258,5.904
490P.txt,40.168,77.041,7.694
492P.txt,36.195,74.589,7.13
493P.txt,31.905,74.021,8.342
496P.txt,27.306,75.159,4.829
497P.txt,29.56,71.52,4.046
500P.txt,25.485,72.237,-0.591
501P.txt,21.819,69.55,-1.773
502P.txt,24.284,69.508,-4.928
503P.txt,24.661,70.806,-8.33
504P.txt,22.544,68.011,-10.747
505P.txt,24.564,66.039,-14.048
506P.txt,21.04,65.785,-17.203
507P.txt,18.894,62.264,-15.401
508P.txt,20.981,58.882,-19.521
511P.txt,20.045,53.744,-17.372
30.txt,74.623,29.304,7.486
63.txt,71.904,34.488,4.329
64.txt,68.114,36.839,2.656
65.txt,68.278,40.409,4.292
66.txt,72.107,40.631,5.475
67.txt,75.642,42.588,2.922
68.txt,77.646,39.546,1.923
69.txt,80.296,42.117,3.339
70.txt,78.466,42.039,6.774
72.txt,83.092,38.739,7.805
