0P.txt,101.737,35.204,16.091
1P.txt,97.018,33.873,15.446
154P.txt,86.435,28.922,18.696
156P.txt,79.3,28.554,19.865
158P.txt,75.348,32.166,20.565
159P.txt,70.641,32.887,23.78
160P.txt,73.337,32.838,16.101
161P.txt,76.207,26.969,16.181
162P.txt,79.211,31.595,15.535
163P.txt,83.236,30.188,14.789
164P.txt,87.123,31.293,15.004
17P.txt,84.866,31.676,2.645
171P.txt,93.222,33.057,21.139
172P.txt,95.956,30.442,24.853
173P.txt,91.643,35.996,24.193
174P.txt,88.725,33.413,21.828
179P.txt,95.285,23.764,26.889
181P.txt,98.922,19.957,25.844
242P.txt,62.944,6.3,11.353
26P.txt,84.691,32.728,-3.506
3P.txt,91.58,34.756,13.998
326P.txt,84.792,31.109,27.508
327P.txt,80.855,29.071,28.48
4P.txt,88.839,31.796,9.865
5P.txt,82.981,32.652,10.402
51P.txt,71.667,17.291,-7.949
52P.txt,72.542,26.377,-5.064
53P.txt,77.032,23.011,-5.738
7P.txt,79.394,27.652,9.543
92P.txt,92.098,35.083,4.955
93P.txt,95.685,36.639,5.898
199.txt,77.874,7.386,32.272
200.txt,79.352,8.901,35.568
201.txt,80.992,7.385,38.69
232.txt,72.425,5.268,25.173
233.txt,70.802,1.26,28.11
234.txt,71.936,5.195,31.254
235.txt,70.614,8.138,28.774
236.txt,67.017,5.802,28.785
237.txt,67.166,5.889,25.44
248.txt,60.946,12.969,28.056
250.txt,61.765,15.993,31.192
251.txt,63.892,12.142,31.524
253.txt,67.771,17.432,34.31
254.txt,68.232,13.325,35.504
256.txt,74.47,11.382,33.997
257.txt,78.079,14.246,33.333
270.txt,76.398,18.125,30.542
272.txt,72.702,21.2,28.774
