167P.txt,24.866,-10.204,5.053
25P.txt,35.085,-32.364,9.97
26P.txt,34.991,-29.762,7.598
27P.txt,38.285,-29.021,7.85
28P.txt,43.134,-27.181,9.252
29P.txt,39.612,-23.901,6.047
30P.txt,36.162,-25.205,5.546
31P.txt,37.381,-21.872,9.81
33P.txt,36.228,-16.916,7.351
34P.txt,43.797,-15.557,6.864
35P.txt,41.371,-13.758,4.724
36P.txt,38.11,-12.53,4.763
37P.txt,36.293,-12.035,1.201
38P.txt,35.18,-8.886,0.205
39P.txt,31.297,-8.644,1.402
40P.txt,29.775,-7.509,-3.167
46P.txt,21.138,-4.565,-6.945
47P.txt,16.203,-5.905,-6.582
50P.txt,16.546,-10.543,-7.958
51P.txt,12.528,-10.772,-5.937
68P.txt,-0.193,7.99,16.049
73P.txt,0.719,2.903,17.113
78P.txt,10.191,2.319,20.422
80P.txt,14.319,4.917,22.332
92P.txt,7.081,13.013,15.137
96P.txt,13.304,6.654,17.167
123.txt,21.254,9.141,8.238
125.txt,16.396,9.085,6.234
126.txt,11.689,7.954,5.977
131.txt,2.845,12.093,5.718
132.txt,2.476,9.622,1.734
133.txt,6.148,11.121,1.676
134.txt,6.919,6.22,0.317
135.txt,2.906,5.248,-2.975
136.txt,-0.332,4.059,-3.914
147.txt,14.95,4.81,3.901
153.txt,25.036,12.861,5.236
155.txt,25.349,10.031,-1.789
174.txt,15.698,-0.817,-4.217
176.txt,15.184,3.552,-3.965
177.txt,18.635,6.41,-4.211
178.txt,22.154,8.432,-6.518
179.txt,20.317,9.147,-1.175
180.txt,17.672,6.117,-0.171
44.txt,21.436,3.308,-8.885
45.txt,18.076,1.193,-8.982
87.txt,16.226,13.063,9.143
