101P.txt,28.715,-17.68,-36.923
102P.txt,24.474,-17.198,-33.385
106P.txt,33.148,-15.17,-36.141
107P.txt,35.386,-17.56,-34.674
108P.txt,31.9,-21.419,-34.57
110P.txt,34.94,-21.88,-25.792
12P.txt,34.698,-22.907,61.742
131P.txt,32.701,-13.17,28.373
132P.txt,34.651,-14.67,33.728
166P.txt,32.301,-13.82,38.247
167P.txt,34.906,-9.952,37.516
184P.txt,33.071,-15.423,48.992
186P.txt,31.63,-19.285,43.332
187P.txt,30.484,-20.49,40.142
189P.txt,31.549,-27.32,38.38
192P.txt,32.12,-24.855,30.185
194P.txt,35.125,-22.019,27.95
20P.txt,36.122,-18.553,58.075
286P.txt,33.415,-19.427,53.087
342P.txt,28.119,-52.159,35.366
350P.txt,29.158,-40.628,40.345
373P.txt,30.043,-42.541,30.852
374P.txt,26.61,-46.613,30.883
375P.txt,23.864,-49.848,32.45
392P.txt,23.066,-46.393,28.734
393P.txt,25.987,-41.956,30.789
394P.txt,24.761,-41.005,25.535
395P.txt,28.815,-40.748,25.267
396P.txt,30.415,-37.518,24.876
397P.txt,28.507,-35.409,21.633
398P.txt,29.935,-32.056,19.352
400P.txt,22.744,-34.01,16.21
401P.txt,26.217,-33.489,11.116
403P.txt,22.937,-33.061,6.89
9P.txt,30.482,-31.944,58.734
310.txt,9.204,-35.635,37.527
313.txt,16.078,-35.958,33.663
314.txt,19.481,-36.652,30.05
315.txt,21.735,-33.038,31.386
316.txt,23.081,-32.627,27.091
317.txt,26.055,-31.149,31.847
321.txt,17.274,-33.583,37.29
352.txt,25.712,-33.086,42.151
354.txt,24.257,-30.633,48.726
364.txt,8.801,-32.339,46.036
368.txt,21.342,-32.509,40.44
