100P.txt,-33.433,3.506,-2.428
162P.txt,-31.111,13.578,-6.611
163P.txt,-36.408,11.954,-6.619
164P.txt,-36.025,14.593,-9.67
165P.txt,-32.549,16.143,-10.352
166P.txt,-30.308,16.14,-13.904
170P.txt,-20.07,17.273,-8.342
178P.txt,-22.15,7.849,9.443
179P.txt,-25.828,8.073,5.872
241P.txt,-1.052,-16.159,-3.526
276P.txt,0.811,-20.952,-0.074
277P.txt,3.338,-18.082,3.704
278P.txt,4.216,-14.492,0.03
279P.txt,7.545,-15.925,4.357
280P.txt,11.506,-11.746,1.491
283P.txt,12.913,-10.904,-3.763
284P.txt,6.241,-12.969,-5.682
287P.txt,11.059,-14.546,-9.906
291P.txt,11.584,-16.452,-14.8
44P.txt,-32.245,20.878,-4.587
45P.txt,-37.183,23.532,-2.92
46P.txt,-37.22,19.828,-2.039
47P.txt,-28.924,18.573,-2.295
48P.txt,-30.297,15.036,2.447
49P.txt,-26.245,16.728,3.999
50P.txt,-26.29,12.571,1.971
95P.txt,-33.264,11.267,-11.265
96P.txt,-32.426,7.356,-9.168
97P.txt,-32.916,8.871,-2.547
99P.txt,-30.595,5.453,-0.11
107.txt,-28.24,-3.821,-15.7
108.txt,-28.239,-1.556,-18.04
110.txt,-23.516,-4.823,-15.903
111.txt,-26.718,-5.857,-20.37
112.txt,-23.154,-2.307,-22.37
113.txt,-19.719,-4.733,-19.938
114.txt,-20.343,-8.045,-21.222
115.txt,-15.122,-8.503,-20.099
116.txt,-14.926,-13.105,-21.401
117.txt,-12.218,-13.072,-18.189
118.txt,-9.7,-15.926,-18.512
119.txt,-12.292,-18.634,-15.541
148.txt,-12.264,-5.469,-15.749
150.txt,-17.143,-2.296,-15.58
194.txt,-23.014,-11.12,-7.675
195.txt,-22.354,-10.404,-12.697
196.txt,-14.739,-11.223,-11.292
198.txt,-21.275,-15.541,-10.257
199.txt,-17.144,-16.431,-13.472
201.txt,-12.89,-21.345,-12.776
233.txt,-21.12,-26.119,-9.61
234.txt,-17.637,-22.818,-12.116
75.txt,-7.978,-4.746,-28.688
76.txt,-10.203,-7.381,-26.473
79.txt,-17.381,-4.319,-28.666
