296P.txt,-16.129,-12.607,-30.136
297P.txt,-14.595,-10.92,-27.607
298P.txt,-12.689,-12.562,-23.229
299P.txt,-15.325,-8.958,-22.187
300P.txt,-13.126,-9.171,-16.996
301P.txt,-16.373,-10.029,-13.933
332P.txt,-14.657,-3.86,-21.626
334P.txt,-18.771,-9.835,-17.427
342P.txt,-33.584,-10.711,5.671
348P.txt,-33.679,-16.776,-4.454
350P.txt,-35.402,-15.249,-11.736
355P.txt,-24.392,-10.48,-20.452
373P.txt,-41.605,-12.708,-3.231
374P.txt,-39.238,-9.885,0.605
375P.txt,-35.495,-7.964,3.331
392P.txt,-40.29,-6.055,1.111
393P.txt,-41.384,-8.867,-3.859
394P.txt,-45.598,-6.639,-0.465
395P.txt,-46.0,-11.866,-1.157
396P.txt,-46.39,-14.858,-3.392
397P.txt,-46.29,-16.671,-6.48
398P.txt,-49.884,-15.608,-8.638
399P.txt,-50.384,-20.305,-8.502
305.txt,-17.285,0.882,-8.068
306.txt,-20.935,-0.652,-10.192
307.txt,-21.906,4.455,-7.791
309.txt,-27.075,7.425,-12.275
310.txt,-32.15,6.398,-12.252
325.txt,-21.658,5.135,-13.65
326.txt,-17.66,0.653,-13.635
327.txt,-16.713,4.981,-11.509
328.txt,-13.794,1.739,-13.192
329.txt,-10.307,0.93,-14.703
330.txt,-12.15,-3.076,-15.847
361.txt,-16.304,4.566,-17.087
362.txt,-18.205,7.59,-19.188
