105P.txt,-0.31,7.71,-9.015
110P.txt,4.638,7.776,-13.551
112P.txt,-4.056,6.834,-11.248
130P.txt,-6.754,16.143,-5.184
132P.txt,-0.377,18.579,-8.399
145P.txt,14.679,-5.58,5.236
148P.txt,11.741,-10.168,4.427
149P.txt,7.726,-10.048,8.217
150P.txt,7.386,-14.304,4.909
44P.txt,-4.175,-18.33,11.96
59P.txt,1.206,10.263,4.216
63P.txt,9.667,15.085,3.208
64P.txt,9.981,13.711,8.08
65P.txt,4.456,7.989,7.242
68P.txt,0.699,1.327,6.805
69P.txt,3.475,-2.886,5.4
70P.txt,-2.381,-2.633,4.577
89P.txt,-11.874,3.553,7.129
90P.txt,-5.155,2.315,7.226
92P.txt,-6.605,8.012,7.392
93P.txt,-3.501,11.539,7.977
94P.txt,-7.427,15.264,7.971
95P.txt,-2.528,16.642,7.216
96P.txt,-0.625,15.386,3.12
130.txt,-6.754,16.143,-5.184
132.txt,-0.377,18.579,-8.399
134.txt,4.877,16.797,-3.016
135.txt,8.404,13.789,-7.997
136.txt,9.643,12.795,-1.606
60.txt,1.281,12.167,-1.924
62.txt,5.174,11.971,3.901
63.txt,9.667,15.085,3.208
64.txt,9.981,13.711,8.08
93.txt,-3.501,11.539,7.977
94.txt,-7.427,15.264,7.971
95.txt,-2.528,16.642,7.216
96.txt,-0.625,15.386,3.12
