129P.txt,-1.204,11.696,-61.323
101P.txt,27.502,18.338,-78.279
39P.txt,18.52,4.028,-81.872
62P.txt,16.227,15.401,-61.816
63P.txt,10.352,14.548,-60.224
61P.txt,16.664,13.325,-58.236
58P.txt,23.573,13.075,-57.539
65P.txt,5.965,15.557,-65.084
57P.txt,22.269,8.73,-57.926
54P.txt,29.213,8.902,-61.318
97P.txt,27.902,6.617,-74.032
51P.txt,27.141,-0.447,-61.659
92P.txt,23.974,16.827,-65.483
52P.txt,30.642,1.551,-62.308
146P.txt,9.056,-0.918,-79.174
136P.txt,10.554,4.982,-64.807
36P.txt,16.137,7.408,-86.806
32P.txt,12.398,5.636,-91.232
133P.txt,12.724,8.177,-63.206
126P.txt,-4.125,13.961,-71.049
118P.txt,1.719,16.539,-86.96
124P.txt,-4.134,19.262,-75.239
131P.txt,6.345,11.34,-61.355
30P.txt,6.468,7.219,-89.95
