106P.txt,20.179,-28.716,2.994
104P.txt,14.262,-31.482,5.094
75P.txt,-17.372,-12.624,6.186
175P.txt,-4.577,-17.24,1.943
74P.txt,-14.321,-17.411,8.703
48P.txt,6.083,-35.034,-7.462
171P.txt,-1.294,-21.184,1.654
156P.txt,13.652,-38.51,3.508
80P.txt,-11.443,-7.211,15.358
157P.txt,7.184,-40.533,0.54
182P.txt,-10.093,-7.474,3.655
40P.txt,4.263,-25.246,-3.82
155P.txt,11.04,-41.636,6.043
168P.txt,-1.579,-27.586,1.545
183P.txt,-13.023,-7.88,7.07
179P.txt,-10.347,-13.315,3.112
78P.txt,-15.609,-10.84,11.738
184P.txt,-9.936,-5.805,11.125
153P.txt,13.165,-39.274,12.441
47P.txt,8.034,-34.695,-4.176
34P.txt,5.545,-14.527,-2.284
21P.txt,-0.166,-0.823,10.911
23P.txt,-0.599,-0.132,4.826
26P.txt,-1.77,-6.379,4.06
27P.txt,3.673,-5.056,2.344
30P.txt,0.303,-8.625,-0.088
