301P.txt,64.383,43.361,-59.445
116P.txt,70.347,24.723,-49.128
215P.txt,74.98,31.105,-30.794
214P.txt,71.488,34.054,-31.359
376P.txt,78.438,40.855,-47.099
438P.txt,59.749,36.964,-53.027
439P.txt,58.591,37.041,-49.207
203P.txt,54.141,17.07,-45.019
217P.txt,79.354,27.597,-28.508
207P.txt,63.997,25.308,-43.435
429P.txt,66.346,21.509,-61.184
367P.txt,92.374,35.497,-55.617
206P.txt,60.771,23.886,-40.272
204P.txt,55.319,21.655,-43.257
199P.txt,50.853,10.411,-37.31
220P.txt,79.74,19.621,-20.627
369P.txt,86.518,36.101,-55.588
427P.txt,70.427,19.508,-51.878
433P.txt,55.322,24.428,-59.549
209P.txt,67.049,31.807,-42.367
221P.txt,79.296,18.019,-17.018
223P.txt,83.961,19.072,-19.139
425P.txt,70.096,26.339,-55.357
424P.txt,74.259,28.372,-57.47
434P.txt,56.394,26.082,-56.61
435P.txt,56.55,32.152,-59.837
219P.txt,79.881,22.982,-20.975
436P.txt,59.464,32.958,-57.45
90P.txt,99.522,29.997,-13.837
218P.txt,78.15,25.423,-23.596
120P.txt,61.899,15.095,-46.067
442P.txt,63.83,42.747,-48.089
