101P.txt,8.245,64.325,-49.172
14P.txt,-8.388,35.979,-49.188
10P.txt,-15.225,30.848,-53.451
138P.txt,3.742,61.399,-69.401
88P.txt,-4.009,33.508,-50.915
189P.txt,-8.354,35.842,-55.154
202P.txt,6.452,72.641,-52.543
61P.txt,-3.778,35.982,-35.086
174P.txt,1.039,76.889,-66.052
74P.txt,-17.36,13.271,-47.022
171P.txt,6.704,68.352,-68.636
43P.txt,-1.218,24.375,-43.967
42P.txt,-0.234,22.659,-47.824
4P.txt,-19.119,18.022,-49.069
169P.txt,7.917,63.622,-62.413
82P.txt,-13.032,16.139,-52.611
51P.txt,-22.02,22.034,-32.899
3P.txt,-23.741,15.412,-51.024
79P.txt,-22.518,8.02,-53.142
78P.txt,-20.685,5.247,-50.271
191P.txt,-8.87,41.592,-51.304
21P.txt,-12.06,33.892,-44.262
35P.txt,-19.037,12.053,-40.816
36P.txt,-17.85,15.974,-42.662
26P.txt,-23.41,23.373,-43.631
130P.txt,-3.645,58.934,-59.657
131P.txt,-3.236,64.478,-61.782
18P.txt,-3.625,38.688,-38.275
