129P.txt,-66.569,-0.177,-31.717
103P.txt,-43.94,-0.154,-37.489
248P.txt,-64.285,-17.028,-49.213
274P.txt,-72.374,-17.354,-43.338
258P.txt,-67.767,-7.882,-61.233
271P.txt,-76.343,-21.134,-46.23
259P.txt,-71.739,-11.723,-63.766
272P.txt,-70.133,-22.641,-46.272
188P.txt,-57.079,-1.546,-48.248
62P.txt,-79.744,-11.047,-35.925
176P.txt,-72.065,-0.217,-52.048
228P.txt,-40.69,-7.9,-29.711
216P.txt,-24.319,-8.288,-28.569
202P.txt,-38.057,-8.074,-43.902
174P.txt,-73.757,-7.32,-54.992
148P.txt,-87.356,-2.323,-56.519
175P.txt,-73.313,-1.928,-55.266
161P.txt,-99.721,-2.81,-46.384
217P.txt,-24.062,-4.981,-26.369
143P.txt,-77.463,2.947,-49.947
221P.txt,-31.382,-7.323,-27.312
183P.txt,-62.655,-3.684,-54.187
179P.txt,-67.649,-2.147,-55.987
231P.txt,-45.487,-11.952,-31.046
191P.txt,-53.17,-5.425,-48.388
224P.txt,-35.875,-8.822,-26.827
257P.txt,-71.467,-7.294,-58.73
108P.txt,-40.198,3.375,-33.395
255P.txt,-68.114,-14.853,-59.484
296P.txt,-50.809,-21.083,-22.746
32P.txt,-60.629,-8.006,-14.079
293P.txt,-45.599,-18.181,-21.491
