116P.txt,30.395,-75.659,-20.712
117P.txt,30.633,-74.968,-24.976
118P.txt,33.019,-79.7,-26.409
119P.txt,35.149,-79.768,-30.226
120P.txt,33.083,-74.411,-30.08
121P.txt,39.236,-75.773,-29.613
135P.txt,35.111,-72.346,-32.405
142P.txt,40.941,-70.107,-38.105
23P.txt,37.655,-53.167,-21.756
24P.txt,35.567,-56.164,-20.396
73P.txt,25.384,-69.707,-25.279
76P.txt,22.427,-70.459,-30.702
77P.txt,27.807,-69.165,-31.505
78P.txt,29.488,-71.035,-28.599
20.txt,43.678,-55.561,-22.986
21.txt,41.994,-54.103,-27.146
22.txt,40.039,-53.522,-24.248
23.txt,37.655,-53.167,-21.756
24.txt,35.567,-56.164,-20.396
25.txt,37.837,-56.682,-25.443
27.txt,43.218,-57.365,-30.684
64.txt,47.757,-57.303,-10.964
65.txt,43.174,-56.906,-14.56
66.txt,39.739,-59.39,-10.991
67.txt,39.152,-59.976,-15.901
74.txt,26.417,-64.28,-26.795
81.txt,33.389,-63.726,-21.888
82.txt,37.304,-61.147,-20.703
84.txt,33.967,-59.886,-14.079
85.txt,35.527,-62.232,-11.061
86.txt,34.995,-61.508,-6.18
87.txt,38.834,-61.097,-5.852
