29P.txt,7.103,55.515,-1.312
28P.txt,3.63,52.325,-1.78
17P.txt,22.785,33.758,1.164
10P.txt,8.278,42.967,-4.401
61P.txt,12.502,59.62,-19.288
60P.txt,9.352,59.971,-18.929
58P.txt,11.303,58.518,-10.934
59P.txt,9.224,60.284,-14.785
8P.txt,4.964,49.629,-11.151
5P.txt,6.034,47.747,-16.774
54P.txt,16.21,59.232,-8.694
55P.txt,17.123,58.881,-14.258
51P.txt,21.549,58.676,-9.464
3P.txt,7.244,54.594,-15.022
50P.txt,19.66,56.248,-6.037
2P.txt,4.381,56.667,-19.087
26P.txt,8.541,51.911,-3.412
27P.txt,4.678,53.215,-6.583
31P.txt,11.058,56.838,-2.737
30P.txt,5.774,57.347,-5.426
