261P.txt,43.883,86.202,-16.982
310P.txt,12.524,83.093,-1.467
311P.txt,14.093,82.338,-6.076
38P.txt,36.444,66.255,33.743
312P.txt,14.876,86.36,-3.804
77P.txt,33.287,43.84,20.565
174P.txt,43.962,44.527,21.947
175P.txt,40.675,44.757,25.421
203P.txt,52.403,77.348,-12.528
171P.txt,46.984,45.827,16.159
206P.txt,58.908,76.799,-5.968
172P.txt,45.309,42.982,17.964
173P.txt,42.739,40.456,19.97
205P.txt,60.19,79.592,-9.541
142P.txt,48.942,58.393,18.284
80P.txt,38.147,41.505,15.553
81P.txt,39.914,43.549,11.441
221P.txt,34.641,70.196,-10.817
154P.txt,47.095,69.676,18.264
41P.txt,28.283,70.236,30.497
222P.txt,35.534,73.688,-10.105
145P.txt,51.451,54.142,25.695
146P.txt,49.16,54.406,30.296
34P.txt,36.76,72.013,28.147
35P.txt,33.831,71.152,25.39
309P.txt,12.211,81.7,1.801
335P.txt,36.456,95.434,6.91
32P.txt,43.248,75.666,24.029
33P.txt,37.719,77.366,26.744
31P.txt,39.802,77.774,21.109
30P.txt,41.15,81.464,22.603
247P.txt,56.147,72.391,9.456
