15P.txt,-11.295,13.469,17.566
100P.txt,-7.513,23.612,29.652
101P.txt,-3.247,24.657,32.045
16P.txt,-13.665,18.166,19.369
103P.txt,-2.113,30.19,29.119
117P.txt,-4.559,37.119,14.831
116P.txt,-2.24,35.104,18.739
102P.txt,-4.766,28.784,31.164
89P.txt,-7.34,10.104,19.645
63P.txt,1.197,17.978,29.278
75P.txt,-0.187,15.575,33.261
97P.txt,-5.717,17.566,29.252
96P.txt,-9.038,18.432,24.69
121P.txt,-11.056,30.665,7.72
120P.txt,-7.13,31.1,11.469
21P.txt,-11.333,25.746,27.154
22P.txt,-12.849,28.737,21.673
27P.txt,-6.621,28.405,15.821
19P.txt,-15.049,26.198,18.921
118P.txt,-4.005,35.33,12.081
124P.txt,-10.846,25.626,7.517
125P.txt,-11.044,29.26,3.132
119P.txt,-7.254,34.58,8.45
24P.txt,-11.431,27.844,15.895
