103P.txt,36.521,-31.099,69.222
102P.txt,38.686,-27.625,69.486
105P.txt,36.728,-36.44,73.142
215P.txt,6.477,-18.721,65.123
216P.txt,10.032,-21.134,64.668
75P.txt,20.212,-24.018,64.609
212P.txt,8.331,-14.48,66.955
73P.txt,25.25,-18.935,66.169
199P.txt,15.654,-16.685,90.398
98P.txt,32.5,-18.735,76.4
99P.txt,36.628,-19.802,74.906
198P.txt,11.986,-14.699,89.114
72P.txt,29.663,-16.408,66.024
208P.txt,-0.061,-12.345,71.563
195P.txt,20.872,-11.909,87.926
95P.txt,33.915,-27.007,83.843
194P.txt,20.034,-16.093,89.024
209P.txt,3.292,-14.586,68.408
68P.txt,31.206,-24.007,62.694
141P.txt,12.942,-19.04,68.607
169P.txt,15.918,-13.74,65.862
97P.txt,34.836,-21.513,78.169
168P.txt,17.971,-9.463,68.575
69P.txt,29.003,-20.854,63.506
78P.txt,23.058,-27.719,63.519
152P.txt,17.712,-3.698,82.052
1P.txt,12.719,-31.539,61.248
120P.txt,4.318,-26.624,60.981
