107.txt,27.278,-7.539,-24.633
108.txt,24.653,-8.582,-28.679
110.txt,23.7,-8.09,-21.981
111.txt,21.927,-4.416,-26.841
112.txt,18.312,-6.176,-26.153
113.txt,15.438,-5.234,-22.443
114.txt,15.376,-2.245,-21.143
115.txt,13.144,-3.988,-17.628
116.txt,11.466,-0.735,-14.686
117.txt,13.671,-3.331,-11.756
118.txt,12.517,-1.439,-8.608
119.txt,16.625,-0.903,-6.403
148.txt,14.003,-10.281,-15.817
150.txt,17.452,-11.332,-20.368
194.txt,28.134,-8.344,-14.851
195.txt,23.174,-5.516,-16.208
196.txt,19.604,-8.082,-11.022
198.txt,25.942,-3.072,-10.808
199.txt,21.016,-2.466,-9.205
201.txt,19.149,-0.777,-3.292
233.txt,28.567,3.815,-2.499
234.txt,23.443,1.712,-4.364
75.txt,2.673,-3.231,-21.842
76.txt,6.097,-1.849,-20.208
79.txt,9.993,-1.401,-26.922
