114P.txt,-3.329,-27.268,61.955
115P.txt,-6.359,-25.442,65.603
117P.txt,-10.37,-26.01,59.427
116P.txt,-10.56,-24.161,62.993
112P.txt,-4.891,-21.304,63.077
111P.txt,-0.598,-22.4,64.194
39P.txt,-14.172,-15.986,64.991
49P.txt,-9.235,-3.343,56.844
61P.txt,2.639,4.356,49.232
60P.txt,0.021,0.372,51.838
48P.txt,-10.896,-6.902,56.936
167P.txt,-7.717,-12.671,64.031
57P.txt,-4.703,1.142,57.509
43P.txt,-17.803,-12.252,52.8
56P.txt,-1.84,4.357,56.416
40P.txt,-17.336,-14.103,61.735
168P.txt,-2.837,-13.483,62.219
55P.txt,-4.771,2.652,52.595
51P.txt,-9.902,0.23,53.721
50P.txt,-13.912,-1.622,54.912
52P.txt,-7.915,0.291,50.522
46P.txt,-15.463,-8.875,53.365
47P.txt,-12.427,-5.049,51.783
118P.txt,-8.236,-31.095,62.456
119P.txt,-5.673,-32.228,58.834
