128P.txt,6.792,4.034,31.241
129P.txt,9.393,8.934,33.795
101P.txt,21.393,34.753,32.135
117P.txt,4.32,26.36,44.331
102P.txt,18.568,34.893,35.288
112P.txt,6.059,34.102,37.099
107P.txt,11.205,33.759,32.253
77P.txt,23.405,31.026,17.8
75P.txt,21.446,35.107,22.937
73P.txt,20.759,41.394,19.59
72P.txt,19.468,41.652,15.43
5P.txt,1.147,14.574,30.463
4P.txt,1.882,14.882,24.902
6P.txt,3.936,11.845,28.876
97P.txt,21.657,30.015,27.183
34P.txt,-0.317,26.535,31.51
121P.txt,4.818,14.575,41.17
37P.txt,-1.578,23.432,24.865
122P.txt,1.101,15.972,38.592
127P.txt,4.604,9.071,32.999
126P.txt,1.783,8.245,34.262
118P.txt,2.543,24.153,42.554
124P.txt,5.346,13.467,35.914
125P.txt,-0.792,10.541,37.326
