157P.txt,14.515,86.548,14.143
158P.txt,19.516,87.496,15.239
160P.txt,17.884,95.078,14.816
161P.txt,20.529,95.97,12.043
162P.txt,17.396,92.928,7.275
163P.txt,18.658,98.938,7.625
192P.txt,12.872,78.006,10.211
215P.txt,12.142,94.047,-3.622
218P.txt,14.912,90.569,10.094
219P.txt,12.5,84.524,6.46
220P.txt,12.517,85.237,9.55
222P.txt,12.949,80.821,15.311
223P.txt,14.28,77.01,13.456
225P.txt,18.313,75.653,9.036
261P.txt,19.095,75.304,14.836
264P.txt,22.862,68.105,11.928
265P.txt,21.873,68.746,5.755
267P.txt,31.187,67.581,9.018
268P.txt,28.168,65.253,4.068
288P.txt,22.561,88.209,19.259
289P.txt,26.219,84.496,19.344
290P.txt,29.741,89.852,20.62
291P.txt,24.566,92.424,19.745
292P.txt,25.135,88.531,24.599
293P.txt,27.74,88.774,27.401
294P.txt,27.219,84.666,24.08
