113P.txt,3.224,-5.976,5.563
135P.txt,3.42,-23.022,-10.304
138P.txt,8.052,-24.313,-14.704
139P.txt,-0.4,-24.236,-15.665
140P.txt,1.558,-20.369,-18.789
141P.txt,5.419,-20.971,-21.064
142P.txt,5.783,-26.436,-20.637
143P.txt,7.901,-27.866,-23.493
144P.txt,9.491,-20.801,-21.977
145P.txt,14.819,-22.738,-20.874
148P.txt,12.616,-17.712,-21.292
159P.txt,5.577,-5.742,-14.917
160P.txt,2.394,-7.007,-13.563
20P.txt,-9.269,4.422,19.351
23P.txt,-10.904,7.642,24.222
230P.txt,15.133,-9.79,25.168
24P.txt,-14.29,2.969,26.072
273P.txt,10.174,-10.131,25.078
274P.txt,3.997,-8.861,20.513
28P.txt,-9.51,12.655,26.585
42P.txt,-9.999,17.047,17.033
43P.txt,-10.416,14.498,20.281
45P.txt,-9.839,11.065,16.205
72P.txt,-6.03,-18.779,0.028
74P.txt,-5.884,-11.179,-1.159
89P.txt,-12.714,0.163,-7.72
92P.txt,-12.357,4.582,-4.396
93P.txt,-13.98,2.897,-1.424
94P.txt,-10.789,0.77,2.136
96P.txt,-12.875,7.895,0.715
97P.txt,-14.498,5.24,4.405
