185P.txt,53.025,113.853,33.781
186P.txt,50.569,115.258,30.042
214P.txt,45.348,118.594,28.065
216P.txt,46.746,111.849,31.731
217P.txt,46.35,112.425,35.278
219P.txt,42.54,113.347,39.003
220P.txt,46.631,112.469,40.0
238P.txt,37.843,116.89,37.726
240P.txt,37.552,115.136,28.045
241P.txt,41.525,115.134,29.5
270P.txt,55.884,119.719,35.196
305P.txt,25.145,164.221,49.79
306P.txt,27.292,163.872,53.989
324P.txt,34.5,173.51,45.927
325P.txt,31.362,174.61,45.409
326P.txt,29.679,173.274,50.882
327P.txt,25.253,171.429,46.642
328P.txt,22.118,171.971,49.589
329P.txt,17.68,170.042,46.442
330P.txt,16.312,173.612,48.325
331P.txt,11.881,171.094,48.199
341P.txt,12.565,159.093,46.084
345P.txt,24.81,159.703,42.685
347P.txt,31.475,158.24,40.534
349P.txt,38.338,155.789,38.294
354P.txt,33.497,154.392,36.156
356P.txt,28.723,153.918,38.744
374P.txt,-14.434,168.476,44.401
381P.txt,-32.202,166.208,47.035
391P.txt,-19.621,160.764,47.744
393P.txt,-13.838,160.945,49.431
