128P.txt,42.867,31.338,25.413
130P.txt,42.401,25.053,26.042
132P.txt,43.053,18.87,26.996
139P.txt,45.677,-2.294,25.897
140P.txt,46.011,-6.949,25.893
160P.txt,52.973,22.583,35.946
161P.txt,48.664,23.417,33.466
164P.txt,45.084,27.492,34.179
165P.txt,42.848,28.572,30.808
166P.txt,45.204,25.174,29.63
175P.txt,37.152,-2.676,22.929
176P.txt,35.259,0.257,24.892
200P.txt,39.516,-1.346,35.891
202P.txt,39.712,-1.554,29.792
203P.txt,43.183,-5.587,29.971
204P.txt,40.482,-5.682,25.862
205P.txt,41.641,-4.876,21.675
257P.txt,49.18,17.148,19.606
284P.txt,54.581,19.716,13.975
302P.txt,55.554,20.745,28.209
303P.txt,57.964,21.857,32.127
304P.txt,61.791,23.958,28.554
305P.txt,57.968,24.881,25.741
306P.txt,55.516,27.03,30.449
307P.txt,56.944,30.98,28.088
308P.txt,53.671,34.499,31.59
309P.txt,51.385,35.57,27.766
