1P.txt,187.335,15.11,30.849
125P.txt,186.364,15.343,45.379
168P.txt,225.445,33.531,42.757
215P.txt,207.978,26.996,68.05
24P.txt,191.752,6.736,51.438
246P.txt,188.501,30.259,77.299
28P.txt,190.804,9.807,55.908
295P.txt,219.548,44.079,60.734
30P.txt,185.177,14.897,53.244
303P.txt,222.369,31.922,61.746
306P.txt,227.505,31.58,54.947
307P.txt,227.724,30.93,51.013
310P.txt,230.833,38.11,53.688
314P.txt,231.991,40.812,47.712
32P.txt,184.082,19.061,48.314
325P.txt,228.444,49.954,58.38
328P.txt,230.4,45.121,60.073
33P.txt,181.105,17.312,52.435
331P.txt,228.795,41.087,62.975
332P.txt,231.149,44.137,66.975
333P.txt,226.488,44.422,68.31
334P.txt,227.139,38.192,67.655
335P.txt,231.415,39.336,69.034
336P.txt,231.247,41.978,71.963
337P.txt,229.029,39.294,73.829
338P.txt,230.459,35.634,72.697
339P.txt,233.452,37.995,74.885
34P.txt,183.457,19.093,56.408
340P.txt,231.553,39.013,77.66
341P.txt,228.741,36.421,77.615
36P.txt,183.71,26.237,56.176
92P.txt,192.978,30.022,25.943
