1P.txt,11.367,18.502,-2.112
2P.txt,10.313,19.213,1.498
20P.txt,-25.555,8.886,-2.652
21P.txt,-27.913,12.786,-4.712
22P.txt,-30.195,10.632,-2.674
27P.txt,-22.15,5.0,0.808
28P.txt,-14.985,1.414,-1.857
3P.txt,9.891,15.111,3.67
47P.txt,-22.692,1.232,-4.703
48P.txt,-25.548,1.47,-7.534
50P.txt,-23.28,6.219,-10.342
51P.txt,-19.476,8.909,-13.323
52P.txt,-22.601,11.555,-8.126
55P.txt,-17.948,19.704,-1.757
65P.txt,-4.9,-3.974,0.795
67P.txt,-4.209,-8.8,4.225
69P.txt,1.915,-14.861,4.673
70P.txt,3.464,-14.574,10.269
74P.txt,-3.106,-14.906,15.114
75P.txt,-6.641,-14.356,14.525
77P.txt,-11.362,-20.198,18.261
78P.txt,-13.388,-17.917,20.72
