114P.txt,-1.125,-0.72,-23.435
120P.txt,-10.14,-14.905,-23.557
122P.txt,-10.396,-15.763,-17.469
198P.txt,-14.93,-14.003,-12.749
199P.txt,-14.736,-11.979,-15.427
200P.txt,-15.357,-13.475,-19.347
201P.txt,-12.859,-10.049,-21.078
202P.txt,-15.0,-12.513,-25.319
206P.txt,-4.084,-9.4,-32.876
220P.txt,12.755,14.211,-11.094
221P.txt,13.837,17.857,-10.408
222P.txt,15.599,17.387,-7.055
246P.txt,20.195,12.568,-14.962
365P.txt,7.905,-28.503,-5.552
368P.txt,1.389,-22.572,-11.384
408P.txt,28.366,-37.4,-16.352
423P.txt,-4.26,-21.284,-22.109
425P.txt,-1.51,-18.389,-15.427
427P.txt,3.373,-10.668,-15.355
432P.txt,-6.581,-17.124,-16.084
434P.txt,-7.196,-17.732,-24.856
44P.txt,23.547,17.389,0.501
45P.txt,23.217,13.243,-0.802
492P.txt,19.652,19.467,0.73
53P.txt,11.636,10.52,-16.283
71P.txt,6.744,6.495,-28.417
72P.txt,2.97,7.128,-27.052
73P.txt,5.61,6.834,-22.012
75P.txt,11.388,10.905,-22.93
76P.txt,13.856,11.371,-25.533
78P.txt,20.928,12.485,-22.658
84P.txt,29.106,13.081,-10.706
