100P.txt,-33.433,3.506,-2.428
162P.txt,-31.111,13.578,-6.611
163P.txt,-36.408,11.954,-6.619
164P.txt,-36.025,14.593,-9.67
165P.txt,-32.549,16.143,-10.352
171P.txt,-21.181,18.123,-2.13
177P.txt,-22.302,4.032,8.126
248P.txt,4.864,-8.874,13.22
250P.txt,8.694,-14.569,10.902
276P.txt,0.811,-20.952,-0.074
277P.txt,3.338,-18.082,3.704
279P.txt,7.545,-15.925,4.357
280P.txt,11.506,-11.746,1.491
283P.txt,12.913,-10.904,-3.763
284P.txt,6.241,-12.969,-5.682
286P.txt,12.032,-10.731,-9.318
287P.txt,11.059,-14.546,-9.906
288P.txt,7.067,-13.234,-11.554
290P.txt,12.585,-12.93,-14.124
291P.txt,11.584,-16.452,-14.8
44P.txt,-32.245,20.878,-4.587
45P.txt,-37.183,23.532,-2.92
46P.txt,-37.22,19.828,-2.039
47P.txt,-28.924,18.573,-2.295
57P.txt,-12.371,15.969,-9.97
58P.txt,-13.385,16.553,-15.192
73P.txt,-4.578,-1.149,-24.131
95P.txt,-33.264,11.267,-11.265
96P.txt,-32.426,7.356,-9.168
97P.txt,-32.916,8.871,-2.547
