109P.txt,29.51,20.881,5.045
111P.txt,32.879,24.882,7.303
112P.txt,34.891,26.969,12.394
114P.txt,37.166,33.296,12.334
126P.txt,10.95,20.605,11.118
130P.txt,9.172,14.089,13.836
155P.txt,25.685,24.684,35.786
156P.txt,22.407,29.01,37.334
157P.txt,19.623,27.07,38.659
159P.txt,24.743,21.609,38.711
161P.txt,26.013,16.2,31.942
163P.txt,28.566,20.228,27.548
181P.txt,18.858,10.983,26.172
197P.txt,17.041,19.538,37.249
198P.txt,13.518,17.866,34.329
205P.txt,3.806,16.181,17.233
206P.txt,3.86,17.476,12.714
207P.txt,0.522,14.888,13.8
209P.txt,-2.752,19.982,12.709
210P.txt,-4.521,18.668,9.638
51P.txt,29.571,24.681,1.675
52P.txt,26.952,25.304,-3.291
53P.txt,27.16,19.967,-3.142
55P.txt,26.445,23.681,-8.486
57P.txt,21.581,25.612,-5.518
59P.txt,24.556,32.538,-4.719
93P.txt,35.506,39.211,3.098
