106P.txt,27.39,3.541,-9.353
135P.txt,8.074,-4.77,-10.465
137P.txt,12.331,-5.19,-15.944
142P.txt,20.88,-10.515,-3.496
148P.txt,13.581,-13.381,16.276
174P.txt,19.366,7.153,-20.353
181P.txt,9.357,4.413,-5.672
191P.txt,-6.822,-8.073,3.703
193P.txt,-2.208,-4.733,3.961
195P.txt,5.074,0.608,3.242
196P.txt,5.259,3.807,-3.015
197P.txt,10.112,4.301,1.482
2P.txt,-26.304,-24.09,9.487
200P.txt,15.624,9.618,-3.443
203P.txt,23.139,13.026,-9.535
206P.txt,25.66,13.791,-4.719
207P.txt,30.358,10.918,-4.773
208P.txt,32.299,14.376,-6.555
209P.txt,28.168,18.266,-4.23
210P.txt,29.488,13.884,0.495
3P.txt,-30.143,-23.758,12.93
31P.txt,-36.989,-25.661,21.788
32P.txt,-37.925,-24.326,27.468
48P.txt,-17.688,-19.417,27.327
60P.txt,-12.217,-5.497,22.257
61P.txt,-5.906,-4.896,22.253
69P.txt,-9.421,-23.043,15.218
78P.txt,-31.079,-32.017,21.074
79P.txt,-30.273,-31.632,15.378
