106P.txt,-45.132,35.826,-43.622
123P.txt,-24.597,38.299,-41.737
148P.txt,-24.993,58.023,-48.262
222P.txt,-51.173,40.27,-54.685
29P.txt,-57.364,40.613,10.154
30P.txt,-58.537,42.158,14.282
314P.txt,-44.774,36.441,-7.985
61P.txt,-30.486,47.208,-27.602
63P.txt,-31.129,53.863,-30.326
78P.txt,-27.031,53.535,-37.462
80P.txt,-23.685,47.655,-31.456
81P.txt,-22.934,45.626,-36.238
82P.txt,-20.902,42.389,-33.628
936P.txt,-50.397,38.049,-29.616
939P.txt,-56.316,40.282,-36.893
940P.txt,-53.455,37.866,-32.964
941P.txt,-56.332,42.535,-30.519
942P.txt,-59.978,36.24,-30.726
943P.txt,-55.196,35.311,-28.517
944P.txt,-54.621,40.76,-26.719
946P.txt,-56.702,34.469,-23.278
947P.txt,-52.558,37.188,-21.925
949P.txt,-58.849,36.972,-19.254
950P.txt,-53.407,34.859,-17.428
953P.txt,-55.628,36.867,-12.356
954P.txt,-52.157,34.388,-12.137
957P.txt,-54.503,35.488,-6.754
958P.txt,-49.645,35.462,-6.167
960P.txt,-57.323,38.411,-1.351
961P.txt,-53.3,35.434,-1.254
963P.txt,-52.478,42.328,1.31
964P.txt,-55.254,38.255,3.692
968P.txt,-54.168,36.205,8.377
972P.txt,-51.911,34.589,15.094
990P.txt,-46.52,27.403,38.898
993P.txt,-46.003,26.954,45.41
