1P.txt,30.985,0.288,-24.25
10P.txt,26.747,-13.74,-32.061
119P.txt,-10.565,-16.115,-9.881
120P.txt,-10.408,-12.204,-5.391
13P.txt,21.224,-9.078,-24.586
130P.txt,-16.835,-1.179,-26.809
14P.txt,17.859,-8.867,-27.713
15P.txt,15.004,-8.877,-25.388
16P.txt,11.31,-7.145,-26.84
17P.txt,10.008,-3.685,-25.392
19P.txt,4.656,-4.068,-28.446
2P.txt,29.848,2.867,-28.723
20P.txt,2.773,-7.03,-24.837
21P.txt,2.266,-10.57,-27.598
22P.txt,1.625,-14.183,-25.537
23P.txt,-3.147,-13.591,-24.031
24P.txt,-1.986,-12.664,-19.365
3P.txt,26.534,0.786,-29.5
4P.txt,24.484,-3.477,-27.191
5P.txt,28.322,-6.316,-27.071
53P.txt,17.864,-19.214,-3.413
6P.txt,29.834,-6.186,-31.609
65P.txt,-1.822,0.506,8.577
9P.txt,30.906,-14.777,-30.14
96P.txt,10.798,-10.267,9.248
