200P.txt,-3.017,-1.535,1.863
202P.txt,-2.739,5.135,2.928
221P.txt,-44.804,3.092,1.457
244P.txt,-48.686,1.284,14.496
328P.txt,-3.272,6.795,30.943
330P.txt,-9.794,9.094,34.757
368P.txt,-7.587,-5.336,24.011
369P.txt,-11.075,-4.396,21.149
385P.txt,-9.583,-2.497,33.134
415P.txt,-10.333,4.857,39.272
417P.txt,-7.718,1.689,34.234
421P.txt,-5.355,1.887,21.338
422P.txt,-2.936,5.153,17.304
423P.txt,-3.598,0.064,16.572
425P.txt,-8.992,-4.818,16.095
427P.txt,-17.596,-2.017,13.837
473P.txt,-18.114,-7.042,18.774
491P.txt,-49.891,-2.324,5.268
492P.txt,-50.916,-5.446,2.268
53P.txt,-37.021,6.55,5.854
61P.txt,-25.646,24.595,12.688
72P.txt,-26.483,13.24,2.253
73P.txt,-28.852,10.459,4.831
75P.txt,-35.205,12.889,6.546
76P.txt,-36.411,15.656,8.578
78P.txt,-42.274,13.089,12.322
79P.txt,-42.936,16.858,13.178
80P.txt,-46.992,15.578,14.318
84P.txt,-52.027,3.299,16.103
85P.txt,-53.139,1.114,19.777
86P.txt,-53.123,-2.471,17.031
87P.txt,-56.797,-4.014,19.433
