135P.txt,13.072,9.782,29.299
136P.txt,10.603,6.056,29.817
137P.txt,12.829,8.095,34.701
138P.txt,10.326,10.849,33.628
94P.txt,4.753,2.316,30.871
95P.txt,1.815,0.289,28.309
97P.txt,-3.802,-1.053,31.045
106.txt,-7.937,12.249,22.658
133.txt,10.892,13.251,23.386
134.txt,9.256,11.106,26.997
135.txt,13.072,9.782,29.299
136.txt,10.603,6.056,29.817
137.txt,12.829,8.095,34.701
139.txt,6.728,7.977,29.646
82.txt,-5.227,16.61,21.793
86.txt,-0.938,11.568,21.883
87.txt,1.996,11.881,23.435
88.txt,5.646,9.82,23.893
91.txt,1.639,6.238,23.315
92.txt,4.147,4.586,25.77
93.txt,7.057,2.38,26.795
94.txt,4.753,2.316,30.871
95.txt,1.815,0.289,28.309
