29P.txt,-27.536,16.609,-29.677
101P.txt,7.986,12.822,-19.323
138P.txt,-16.409,37.958,21.095
215P.txt,-24.222,23.321,7.37
49P.txt,-8.998,-1.473,-6.559
175P.txt,16.145,12.781,7.731
367P.txt,8.06,2.951,7.799
366P.txt,7.865,5.388,10.984
238P.txt,-27.378,30.256,1.363
239P.txt,-28.963,34.03,-0.254
220P.txt,-25.035,30.917,10.256
142P.txt,-23.265,36.801,19.891
143P.txt,-24.487,31.63,19.396
180P.txt,9.384,9.916,0.613
237P.txt,-28.145,28.602,-2.637
141P.txt,-21.864,34.977,23.643
140P.txt,-19.419,30.546,21.53
41P.txt,-18.365,6.758,-2.842
236P.txt,-24.321,31.391,-3.903
219P.txt,-27.603,26.58,8.647
1P.txt,-14.407,-6.146,-20.237
53P.txt,-8.186,-5.883,-14.123
218P.txt,-24.221,27.364,4.394
120P.txt,-23.327,39.86,8.073
240P.txt,-24.58,33.64,3.411
137P.txt,-13.922,33.443,24.677
123P.txt,-16.932,42.462,9.208
241P.txt,-22.963,38.276,2.941
32P.txt,-23.851,9.466,-30.763
124P.txt,-13.208,42.982,10.104
119P.txt,-19.202,40.023,4.618
30P.txt,-22.512,16.454,-32.098
