114P.txt,-110.745,-106.727,50.431
103P.txt,-93.633,-112.456,56.302
106P.txt,-101.117,-114.055,51.675
107P.txt,-102.529,-112.366,54.597
259P.txt,-108.864,-95.388,54.854
111P.txt,-105.832,-107.279,53.966
105P.txt,-97.287,-111.968,49.734
104P.txt,-98.461,-114.014,56.067
110P.txt,-106.116,-110.66,51.108
62P.txt,-99.739,-103.94,33.745
214P.txt,-84.301,-109.733,66.109
216P.txt,-80.551,-112.69,60.65
49P.txt,-111.268,-114.168,26.649
217P.txt,-76.514,-110.682,60.221
207P.txt,-103.788,-100.631,74.094
57P.txt,-113.501,-99.428,39.204
142P.txt,-85.188,-91.94,37.957
94P.txt,-91.202,-106.221,36.888
81P.txt,-104.28,-92.96,46.13
143P.txt,-82.153,-90.329,37.662
141P.txt,-88.268,-92.819,42.305
92P.txt,-96.172,-108.933,32.585
144P.txt,-81.824,-91.8,41.142
145P.txt,-81.28,-93.041,44.477
78P.txt,-99.259,-95.091,38.924
294P.txt,-124.94,-125.138,37.147
255P.txt,-92.933,-91.981,54.933
296P.txt,-116.559,-126.293,33.33
291P.txt,-127.657,-117.679,31.567
119P.txt,-107.114,-94.359,50.288
