117P.txt,30.633,-74.968,-24.976
116P.txt,30.395,-75.659,-20.712
105P.txt,51.219,-80.123,-25.038
76P.txt,22.427,-70.459,-30.702
77P.txt,27.807,-69.165,-31.505
148P.txt,53.151,-71.074,-22.877
149P.txt,55.788,-67.626,-23.812
73P.txt,25.384,-69.707,-25.279
142P.txt,40.941,-70.107,-38.105
4P.txt,50.327,-74.529,-9.55
6P.txt,52.006,-70.119,-13.381
54P.txt,49.591,-84.099,-22.734
150P.txt,55.797,-70.494,-18.853
151P.txt,56.958,-65.339,-17.002
78P.txt,29.488,-71.035,-28.599
46P.txt,47.016,-75.803,-13.111
152P.txt,58.707,-64.083,-13.518
135P.txt,35.111,-72.346,-32.405
121P.txt,39.236,-75.773,-29.613
108P.txt,56.374,-78.217,-29.362
120P.txt,33.083,-74.411,-30.08
23P.txt,37.655,-53.167,-21.756
118P.txt,33.019,-79.7,-26.409
119P.txt,35.149,-79.768,-30.226
24P.txt,35.567,-56.164,-20.396
