29P.txt,0.518,-55.893,-2.541
114P.txt,33.199,-27.205,2.915
116P.txt,29.683,-25.399,1.395
102P.txt,23.193,-42.087,1.468
106P.txt,26.671,-37.664,1.659
113P.txt,34.73,-31.215,4.641
105P.txt,25.205,-39.604,5.929
138P.txt,1.662,-41.361,-10.349
148P.txt,-9.443,-52.522,-8.089
149P.txt,-11.655,-50.765,-11.932
74P.txt,16.241,-55.848,-11.492
60P.txt,16.224,-47.904,8.983
57P.txt,11.85,-46.182,12.883
43P.txt,6.561,-36.047,3.301
94P.txt,18.091,-44.922,-10.812
40P.txt,5.066,-41.105,2.827
51P.txt,16.125,-35.454,15.341
144P.txt,-4.342,-50.084,-8.514
87P.txt,18.704,-49.674,-17.388
78P.txt,18.05,-59.406,-14.797
44P.txt,8.077,-37.51,7.118
46P.txt,9.171,-30.656,3.951
91P.txt,18.167,-43.954,-16.377
47P.txt,7.079,-32.449,7.361
109P.txt,31.404,-35.872,5.122
33P.txt,2.084,-50.499,0.921
