128P.txt,-53.685,45.878,-60.902
129P.txt,-54.367,38.918,-57.51
102P.txt,-48.068,57.422,-45.037
106P.txt,-52.012,52.451,-37.284
163P.txt,-51.356,32.463,-64.122
77P.txt,-35.959,42.682,-52.072
61P.txt,-44.681,50.006,-44.681
148P.txt,-56.718,26.173,-43.367
59P.txt,-37.905,51.006,-44.149
94P.txt,-56.158,42.5,-34.2
80P.txt,-33.414,38.557,-50.537
81P.txt,-37.188,34.899,-54.137
96P.txt,-51.005,47.162,-35.427
92P.txt,-57.17,35.879,-33.929
150P.txt,-62.539,26.016,-47.988
78P.txt,-36.305,39.706,-55.841
153P.txt,-59.397,25.011,-52.617
152P.txt,-55.507,25.42,-51.287
121P.txt,-41.685,42.086,-65.146
23P.txt,-52.113,32.398,-32.428
127P.txt,-48.842,44.182,-56.095
132P.txt,-58.467,43.611,-56.642
124P.txt,-45.98,44.409,-60.657
131P.txt,-55.077,47.071,-56.048
119P.txt,-39.886,38.647,-61.199
