464P.txt,37.346,39.536,22.399
513P.txt,40.222,20.999,27.802
516P.txt,31.266,18.688,22.81
476P.txt,24.971,55.882,30.313
517P.txt,31.671,24.989,19.032
515P.txt,36.422,19.276,20.855
514P.txt,35.13,18.532,25.521
412P.txt,23.556,20.839,6.098
376P.txt,9.773,24.866,8.059
429P.txt,40.146,31.442,32.479
553P.txt,9.293,18.367,33.637
430P.txt,41.753,29.6,28.345
395P.txt,17.136,41.042,33.941
554P.txt,5.011,22.272,32.896
557P.txt,6.917,12.634,28.789
392P.txt,15.68,48.252,35.064
393P.txt,18.477,46.875,32.366
556P.txt,6.555,17.088,29.264
531P.txt,23.76,54.815,23.533
492P.txt,40.652,58.372,18.874
445P.txt,16.003,46.521,14.092
478P.txt,24.773,48.674,37.547
530P.txt,22.41,53.502,19.051
446P.txt,18.064,50.088,15.563
533P.txt,31.806,53.198,20.387
494P.txt,39.275,50.965,16.531
495P.txt,32.443,52.401,12.866
468P.txt,32.06,42.974,35.385
469P.txt,35.745,46.308,34.975
496P.txt,31.713,50.091,15.93
