114P.txt,-75.38,-67.837,-64.618
116P.txt,-72.838,-70.756,-60.716
117P.txt,-76.908,-69.476,-60.48
32P.txt,-69.558,-82.944,-61.202
33P.txt,-69.576,-76.922,-60.817
34P.txt,-66.847,-80.434,-63.896
60P.txt,-68.467,-65.67,-72.864
61P.txt,-69.247,-63.291,-75.912
91P.txt,-67.907,-72.377,-67.768
92P.txt,-68.641,-70.745,-64.25
93P.txt,-68.604,-67.545,-62.215
94P.txt,-70.369,-67.095,-67.712
33.txt,-69.576,-76.922,-60.817
34.txt,-66.847,-80.434,-63.896
59.txt,-70.462,-69.83,-73.483
60.txt,-68.467,-65.67,-72.864
61.txt,-69.247,-63.291,-75.912
62.txt,-67.925,-68.565,-77.491
87.txt,-66.92,-80.579,-70.374
88.txt,-65.611,-77.161,-72.448
89.txt,-68.805,-75.463,-73.403
91.txt,-67.907,-72.377,-67.768
92.txt,-68.641,-70.745,-64.25
93.txt,-68.604,-67.545,-62.215
94.txt,-70.369,-67.095,-67.712
95.txt,-73.347,-65.617,-69.598
