100P.txt,3.978,86.472,53.586
101P.txt,2.17,83.624,53.825
103P.txt,3.66,78.978,55.876
104P.txt,7.373,81.756,55.189
106P.txt,9.812,76.882,54.606
107P.txt,12.776,80.274,53.292
112P.txt,13.69,74.575,54.605
114P.txt,19.671,71.905,61.693
116P.txt,9.913,72.364,60.117
118P.txt,12.321,70.854,66.342
119P.txt,12.12,71.716,71.068
123P.txt,17.913,77.281,70.345
33P.txt,22.509,78.85,65.607
34P.txt,21.473,76.458,62.79
37P.txt,26.392,80.747,64.171
5P.txt,20.118,81.075,73.802
102.txt,2.363,81.674,57.548
103.txt,3.66,78.978,55.876
116.txt,9.913,72.364,60.117
117.txt,10.102,69.763,64.052
118.txt,12.321,70.854,66.342
119.txt,12.12,71.716,71.068
120.txt,12.021,75.546,68.449
121.txt,10.415,76.156,73.412
124.txt,13.332,80.64,74.081
125.txt,13.606,76.136,77.05
129.txt,11.489,86.453,78.046
18.txt,6.814,86.698,69.943
19.txt,3.399,84.763,67.584
22.txt,2.614,82.211,64.294
23.txt,5.946,81.346,62.403
24.txt,7.645,80.609,67.969
27.txt,11.087,79.339,65.093
