129P.txt,-4.26,70.32,19.855
115P.txt,20.016,72.551,10.725
112P.txt,21.73,69.695,19.443
113P.txt,22.717,67.433,13.587
107P.txt,6.65,66.45,20.222
139P.txt,20.747,78.442,12.709
110P.txt,16.948,65.588,21.767
203P.txt,-3.961,84.019,25.636
206P.txt,4.462,82.307,28.325
212P.txt,21.879,85.538,24.603
239P.txt,15.416,97.345,28.339
235P.txt,15.703,84.446,32.591
237P.txt,17.88,91.306,27.807
155P.txt,-0.386,75.076,22.707
87P.txt,21.959,62.149,16.788
225P.txt,-6.401,89.745,13.741
153P.txt,-6.194,77.017,23.378
152P.txt,-10.421,76.188,19.775
135P.txt,17.391,70.145,22.268
109P.txt,12.351,66.467,22.893
254P.txt,9.715,91.088,34.174
240P.txt,12.191,97.845,26.054
241P.txt,8.381,96.547,25.991
255P.txt,9.785,87.768,38.155
251P.txt,-0.387,89.704,33.486
127P.txt,-7.184,68.24,13.764
252P.txt,3.929,92.566,32.036
253P.txt,5.623,88.83,33.675
