15P.txt,-50.144,1.531,-19.91
316P.txt,-38.13,-0.041,-43.501
317P.txt,-41.198,0.104,-39.685
101P.txt,34.224,-50.034,-38.389
14P.txt,-47.294,2.639,-22.375
263P.txt,-14.177,-24.609,-32.09
16P.txt,-51.151,5.439,-20.056
103P.txt,28.762,-43.723,-38.722
102P.txt,30.255,-45.758,-41.549
17P.txt,-49.774,6.579,-16.16
13P.txt,-47.564,2.422,-26.169
106P.txt,35.005,-47.921,-33.712
311P.txt,-41.342,14.645,-50.466
107P.txt,32.927,-48.893,-31.013
12P.txt,-42.406,0.444,-26.576
265P.txt,-18.982,-22.447,-34.171
104P.txt,32.795,-42.769,-37.172
11P.txt,-42.538,1.292,-32.749
266P.txt,-21.031,-22.123,-30.667
215P.txt,-8.019,-27.688,-20.873
349P.txt,-54.008,7.698,-36.676
348P.txt,-57.487,8.341,-39.139
373P.txt,-53.029,0.221,-43.65
212P.txt,-12.839,-23.968,-24.501
211P.txt,-13.654,-24.523,-17.007
395P.txt,-51.913,-3.872,-47.704
391P.txt,-49.081,8.581,-47.911
346P.txt,-63.691,9.943,-39.584
347P.txt,-59.328,11.334,-36.636
351P.txt,-48.29,11.853,-33.772
109P.txt,26.124,-48.822,-31.691
108P.txt,30.062,-51.508,-34.798
18P.txt,-47.411,4.958,-15.906
24P.txt,-34.81,-4.885,-24.656
