114P.txt,-9.855,-22.28,93.534
118P.txt,-10.247,-25.241,106.137
119P.txt,-10.988,-20.561,110.554
121P.txt,-15.231,-25.904,106.912
122P.txt,-17.537,-23.26,112.061
123P.txt,-21.214,-23.368,109.483
124P.txt,-20.107,-20.508,106.022
125P.txt,-19.115,-22.567,101.786
126P.txt,-13.85,-25.042,100.906
16P.txt,-1.634,-36.217,85.13
48P.txt,0.213,-35.285,102.812
50P.txt,-4.835,-33.279,98.173
86P.txt,-6.841,-23.64,109.421
88P.txt,-7.018,-25.781,102.469
90P.txt,-5.47,-28.868,99.411
93P.txt,-5.316,-24.834,89.702
145.txt,7.551,-10.887,100.903
148.txt,-2.385,-11.961,100.617
149.txt,-4.053,-9.272,97.837
150.txt,-8.012,-10.792,99.081
151.txt,-6.517,-12.941,104.875
152.txt,-10.031,-9.206,106.427
154.txt,-12.098,-11.773,112.954
155.txt,-13.744,-13.034,106.706
162.txt,-12.201,-7.887,97.53
193.txt,-5.992,-6.397,94.223
198.txt,9.219,0.905,97.397
199.txt,5.446,1.122,99.603
200.txt,5.676,-3.475,101.578
201.txt,2.202,-0.092,101.893
202.txt,-1.359,-4.867,99.388
204.txt,-7.401,-1.961,94.846
206.txt,-12.347,0.049,95.64
208.txt,-15.876,4.145,94.686
255.txt,-2.84,8.587,96.985
256.txt,-5.82,6.689,99.734
257.txt,-8.483,4.323,94.873
83.txt,-5.142,-12.898,115.25
