109P.txt,121.537,139.561,267.036
114P.txt,127.819,137.132,275.073
205P.txt,125.166,128.221,285.401
206P.txt,124.043,129.523,282.148
207P.txt,128.288,128.183,278.212
208P.txt,125.745,131.505,277.06
210P.txt,122.236,136.272,275.715
384P.txt,104.914,134.835,277.611
419P.txt,103.006,130.629,280.884
421P.txt,110.059,131.008,279.044
424P.txt,118.973,130.258,275.298
425P.txt,120.221,131.648,271.066
426P.txt,119.166,134.681,268.997
427P.txt,117.757,130.911,264.688
428P.txt,120.033,136.648,263.036
429P.txt,118.418,136.905,257.986
430P.txt,114.544,134.786,261.048
432P.txt,112.501,133.444,265.784
433P.txt,113.514,134.804,270.396
434P.txt,116.149,130.346,270.807
435P.txt,112.333,131.512,274.428
436P.txt,114.317,128.086,278.33
437P.txt,113.038,126.574,281.006
439P.txt,115.367,125.291,285.846
384.txt,104.914,134.835,277.611
386.txt,96.452,135.779,281.825
417.txt,98.636,134.09,285.582
419.txt,103.006,130.629,280.884
430.txt,114.544,134.786,261.048
431.txt,113.984,136.834,264.4
432.txt,112.501,133.444,265.784
