102P.txt,18.568,34.893,35.288
103P.txt,15.034,34.965,38.109
109P.txt,4.735,34.534,32.957
112P.txt,6.059,34.102,37.099
113P.txt,1.25,32.798,37.192
114P.txt,-1.391,28.22,36.279
116P.txt,6.386,29.72,41.394
117P.txt,4.32,26.36,44.331
118P.txt,2.543,24.153,42.554
119P.txt,2.314,19.294,43.338
122P.txt,1.101,15.972,38.592
123P.txt,1.566,18.925,34.921
125P.txt,-0.792,10.541,37.326
13P.txt,14.1,12.543,31.276
14P.txt,14.483,11.368,25.777
21P.txt,21.125,24.879,36.312
22P.txt,16.675,22.364,40.122
33P.txt,-0.357,23.188,29.079
34P.txt,-0.317,26.535,31.51
35P.txt,3.774,29.364,27.618
5P.txt,1.147,14.574,30.463
6P.txt,3.936,11.845,28.876
7P.txt,5.159,12.636,23.769
73P.txt,20.759,41.394,19.59
