1003P.txt,-12.827,27.927,61.251
1004P.txt,-10.746,32.627,62.135
1005P.txt,-13.66,36.067,61.832
1006P.txt,-9.833,38.286,60.609
1129P.txt,-19.564,68.768,49.909
1149P.txt,-16.197,30.476,58.569
1212P.txt,-14.641,70.211,41.947
1215P.txt,-8.324,75.222,48.652
1216P.txt,-10.4,71.429,49.962
1272P.txt,-1.384,58.448,75.689
1273P.txt,-1.066,54.264,73.304
170P.txt,88.232,27.715,60.623
283P.txt,63.926,25.164,70.73
284P.txt,69.222,26.603,66.683
381P.txt,67.257,74.754,61.704
394P.txt,57.755,74.407,62.908
483P.txt,52.001,16.291,83.51
486P.txt,48.293,24.594,79.773
502P.txt,62.532,51.288,80.981
503P.txt,60.455,49.241,84.881
506P.txt,70.042,46.218,84.507
531P.txt,73.855,34.922,50.366
533P.txt,73.183,38.417,44.215
571P.txt,38.802,54.125,25.442
576P.txt,47.613,54.317,20.753
577P.txt,47.116,59.047,20.706
596P.txt,37.444,76.222,25.22
598P.txt,36.752,82.538,26.312
601P.txt,34.794,82.234,30.748
645P.txt,35.751,40.816,31.93
646P.txt,32.666,39.753,35.567
647P.txt,27.938,37.674,34.677
648P.txt,28.713,42.386,30.211
684P.txt,45.058,2.51,87.439
685P.txt,42.936,4.225,90.832
686P.txt,44.672,8.23,90.328
687P.txt,39.872,11.334,91.693
688P.txt,43.545,13.584,90.942
761P.txt,44.321,86.179,43.141
762P.txt,47.159,84.323,40.82
764P.txt,47.087,80.048,42.227
766P.txt,50.931,75.746,43.694
767P.txt,46.604,76.909,45.588
869P.txt,30.954,40.577,64.527
955P.txt,-7.685,17.133,48.864
957P.txt,-7.972,17.734,54.738
960P.txt,2.755,16.087,55.714
