128P.txt,26.707,41.322,35.829
140P.txt,25.409,12.158,10.847
141P.txt,27.658,11.754,15.028
143P.txt,23.446,7.838,18.195
144P.txt,19.482,9.463,19.895
145P.txt,21.481,8.715,23.53
175P.txt,25.35,21.564,7.647
176P.txt,23.196,25.033,8.792
197P.txt,7.889,20.525,23.758
198P.txt,9.565,23.11,20.111
200P.txt,13.36,18.429,16.476
201P.txt,19.733,15.15,15.479
202P.txt,20.202,18.946,12.284
203P.txt,21.411,14.189,11.64
204P.txt,23.842,16.899,8.971
205P.txt,27.955,18.103,8.234
213P.txt,31.327,33.152,12.388
225P.txt,17.566,40.674,23.258
229P.txt,27.033,46.922,28.064
232P.txt,29.205,39.366,23.85
255P.txt,33.761,34.716,26.911
257P.txt,34.02,28.654,28.409
305P.txt,33.614,27.0,38.773
307P.txt,30.997,30.615,44.477
308P.txt,26.93,34.72,46.263
309P.txt,29.36,37.554,44.042
310P.txt,30.904,40.558,48.12
