120P.txt,44.478,31.255,19.523
121P.txt,44.807,34.996,17.564
124P.txt,44.655,45.214,19.148
133P.txt,35.558,38.909,35.683
134P.txt,38.794,41.034,42.181
135P.txt,34.829,38.173,43.818
220P.txt,14.267,59.164,59.065
224P.txt,13.072,47.713,65.468
225P.txt,9.249,48.994,64.018
228P.txt,11.242,45.832,60.201
229P.txt,8.952,47.824,57.137
243P.txt,23.863,35.789,54.122
305P.txt,31.129,40.578,41.326
358P.txt,48.048,80.994,56.505
460P.txt,59.399,67.802,43.167
503P.txt,64.866,64.971,52.529
504P.txt,61.101,64.587,50.546
506P.txt,64.98,61.9,46.549
508P.txt,69.642,61.778,43.834
513P.txt,75.951,66.606,36.313
515P.txt,72.512,72.137,33.252
517P.txt,70.624,76.722,33.356
522P.txt,59.809,79.276,44.582
523P.txt,59.724,79.25,39.812
528P.txt,73.444,85.899,39.787
531P.txt,81.645,87.835,45.54
533P.txt,86.777,86.811,40.184
543P.txt,68.87,79.823,58.301
551P.txt,80.544,61.938,62.482
552P.txt,79.885,63.846,65.821
554P.txt,79.316,71.649,64.479
562P.txt,74.833,87.846,64.012
563P.txt,70.102,86.971,63.927
564P.txt,70.552,88.437,59.675
565P.txt,69.316,84.266,58.619
566P.txt,71.869,84.755,55.789
