181P.txt,11.245,45.154,-2.821
182P.txt,10.55,50.188,-3.244
183P.txt,13.478,50.411,0.038
185P.txt,18.415,44.814,1.752
186P.txt,19.786,41.26,1.486
187P.txt,23.745,41.238,2.706
188P.txt,26.481,38.129,3.014
190P.txt,33.179,40.118,6.006
191P.txt,31.594,36.743,9.064
198P.txt,11.962,51.589,5.552
201P.txt,19.613,46.679,9.668
206P.txt,30.278,33.334,11.772
207P.txt,30.868,33.043,16.718
208P.txt,31.721,29.126,16.38
210P.txt,26.671,32.271,9.841
228P.txt,14.043,37.33,-4.025
229P.txt,15.192,40.096,-1.595
231P.txt,20.293,34.822,2.584
232P.txt,21.23,29.393,5.644
288P.txt,16.896,25.046,35.065
289P.txt,15.349,20.445,34.556
290P.txt,12.802,23.866,37.545
292P.txt,8.786,26.921,32.749
304P.txt,5.969,49.855,39.909
315P.txt,16.185,24.618,26.646
344P.txt,2.52,43.542,38.578
