143P.txt,140.303,152.928,113.223
146P.txt,135.969,150.929,110.248
164P.txt,121.468,127.069,109.883
175P.txt,116.765,122.719,125.802
199P.txt,122.783,154.659,108.536
200P.txt,120.444,156.871,109.751
224P.txt,110.136,160.69,116.43
225P.txt,113.497,158.714,113.611
228P.txt,111.869,155.458,117.617
230P.txt,118.872,155.638,121.04
254P.txt,121.676,121.434,134.451
255P.txt,125.46,121.829,137.454
256P.txt,121.877,122.329,140.987
258P.txt,116.746,121.83,139.124
267P.txt,106.572,129.929,130.276
270P.txt,111.634,132.567,126.458
289P.txt,107.421,161.26,124.479
290P.txt,106.528,162.695,128.752
291P.txt,108.959,164.054,132.257
303P.txt,118.264,164.67,136.44
307P.txt,120.009,154.899,136.622
332P.txt,138.249,122.434,139.848
333P.txt,136.371,119.364,141.706
336P.txt,140.863,118.051,142.308
337P.txt,138.927,113.506,141.304
338P.txt,141.081,112.316,138.976
347P.txt,145.468,122.67,130.106
349P.txt,141.151,125.038,134.313
350P.txt,142.438,127.0,130.623
351P.txt,140.292,125.293,126.61
354P.txt,139.522,130.394,127.351
369P.txt,134.922,147.787,137.169
370P.txt,136.921,150.716,132.338
384P.txt,130.711,153.226,124.005
405P.txt,134.758,123.302,117.467
