365P.txt,109.15,127.448,175.1
371P.txt,110.573,134.401,166.322
384P.txt,123.176,135.315,149.509
390P.txt,113.918,136.572,134.292
391P.txt,118.667,134.544,131.981
392P.txt,113.452,135.775,128.683
398P.txt,121.008,119.712,123.212
399P.txt,124.603,121.516,119.644
400P.txt,121.528,117.498,116.083
401P.txt,124.587,119.193,112.948
402P.txt,129.175,117.182,114.22
403P.txt,128.79,122.314,113.679
404P.txt,133.04,121.924,115.673
405P.txt,136.813,127.55,115.922
406P.txt,131.179,128.276,116.468
408P.txt,133.253,122.781,120.522
409P.txt,133.158,128.547,121.847
410P.txt,128.13,127.087,121.78
411P.txt,129.113,121.215,123.138
412P.txt,134.693,125.435,127.413
413P.txt,130.355,129.05,127.1
416P.txt,132.392,127.137,132.038
417P.txt,126.19,129.274,132.937
419P.txt,131.069,123.455,136.229
420P.txt,131.802,128.564,137.432
421P.txt,125.835,129.62,138.974
423P.txt,132.387,126.049,143.711
426P.txt,128.283,122.37,146.808
427P.txt,131.053,127.421,148.697
431P.txt,129.318,129.094,153.39
435P.txt,126.97,130.549,158.6
441P.txt,124.683,126.224,168.473
449P.txt,125.753,132.778,178.525
452P.txt,126.339,131.686,182.767
494P.txt,118.277,131.421,200.793
499P.txt,126.518,128.735,195.785
