276P.txt,95.365,124.531,130.431
277P.txt,98.619,125.079,133.534
275P.txt,98.808,121.634,129.709
300P.txt,117.813,123.618,127.011
274P.txt,100.952,122.655,124.789
305P.txt,114.359,129.457,135.403
201P.txt,124.159,137.961,89.463
62P.txt,101.518,120.856,115.304
214P.txt,127.595,132.707,91.904
216P.txt,125.394,125.83,93.267
48P.txt,104.948,118.94,135.642
217P.txt,124.233,124.736,87.618
208P.txt,124.671,148.028,106.32
80P.txt,100.456,132.433,107.604
194P.txt,113.845,126.966,85.246
221P.txt,120.616,113.959,97.221
155P.txt,110.442,131.169,86.222
222P.txt,115.291,112.529,92.797
186P.txt,119.727,119.591,88.61
50P.txt,102.107,117.806,131.186
47P.txt,109.578,117.774,135.543
218P.txt,124.236,120.46,90.281
280P.txt,107.087,131.771,135.591
294P.txt,120.223,126.138,142.981
135P.txt,105.963,126.077,91.377
137P.txt,104.792,118.73,91.778
255P.txt,105.349,136.458,97.431
296P.txt,119.441,118.529,138.039
278P.txt,99.678,129.461,135.907
131P.txt,106.721,133.913,85.044
