16P.txt,39.414,-6.714,-21.011
13P.txt,39.74,-2.11,-17.766
111P.txt,14.384,-20.319,-2.144
110P.txt,9.687,-19.622,-5.699
215P.txt,30.158,-11.509,-0.704
76P.txt,23.243,-7.085,16.203
77P.txt,20.753,-7.18,13.116
171P.txt,19.143,8.412,-16.746
212P.txt,32.633,-13.627,-6.04
73P.txt,26.518,-9.287,11.914
94P.txt,21.786,-24.086,-0.412
80P.txt,16.013,-7.422,17.018
95P.txt,17.786,-21.407,1.462
209P.txt,29.98,-14.673,-9.602
237P.txt,34.847,3.424,-24.04
96P.txt,17.2,-25.936,3.012
154P.txt,22.104,5.107,10.742
45P.txt,24.301,-21.313,7.861
92P.txt,25.095,-21.099,-7.25
93P.txt,20.903,-19.591,-4.09
192P.txt,32.67,13.313,8.466
44P.txt,21.069,-23.032,6.479
46P.txt,27.551,-19.626,11.991
91P.txt,23.784,-19.506,-10.775
153P.txt,18.509,7.818,11.753
90P.txt,17.205,-15.627,-8.09
120P.txt,17.047,-1.594,14.658
123P.txt,14.666,4.658,15.839
