100P.txt,70.988,64.045,40.396
111P.txt,80.462,75.752,61.122
118P.txt,60.205,74.34,53.389
137P.txt,66.894,85.687,55.371
138P.txt,68.259,83.641,57.696
141P.txt,74.163,78.022,64.357
142P.txt,70.921,82.794,63.134
143P.txt,70.217,85.918,66.734
144P.txt,67.278,87.036,62.326
146P.txt,63.416,82.526,65.774
147P.txt,60.381,81.741,62.896
149P.txt,57.539,77.865,61.256
150P.txt,56.323,81.73,60.53
151P.txt,55.1,79.774,55.439
152P.txt,53.083,83.211,54.065
153P.txt,58.001,87.008,54.505
155P.txt,61.768,89.547,55.419
396P.txt,63.215,52.823,50.799
402P.txt,64.44,59.787,59.331
427P.txt,61.782,69.245,57.17
430P.txt,59.922,74.481,65.849
431P.txt,57.06,71.098,64.117
432P.txt,57.689,66.989,64.629
434P.txt,60.452,71.513,70.073
435P.txt,65.049,70.514,71.046
437P.txt,62.783,78.704,69.03
455P.txt,67.52,49.752,48.877
456P.txt,72.501,53.814,51.545
457P.txt,68.99,55.316,54.04
458P.txt,70.547,58.421,50.424
468P.txt,71.389,72.988,71.472
99P.txt,72.138,58.803,43.963
328.txt,43.752,57.153,55.122
329.txt,45.247,52.96,56.607
330.txt,46.106,51.574,52.135
331.txt,42.18,51.033,50.79
332.txt,40.902,47.096,48.942
341.txt,39.471,57.554,49.721
342.txt,37.463,59.326,52.072
343.txt,39.393,60.506,56.146
344.txt,42.101,62.434,56.775
366.txt,56.514,55.314,55.704
368.txt,49.292,57.704,58.222
369.txt,50.683,61.02,60.505
370.txt,53.82,62.521,59.742
372.txt,57.894,60.455,58.163
400.txt,60.33,55.245,59.914
401.txt,63.149,57.096,61.788
402.txt,64.44,59.787,59.331
403.txt,61.359,63.879,60.966
432.txt,57.689,66.989,64.629
