104P.txt,22.017,-37.083,4.601
107P.txt,24.152,-32.712,3.078
119P.txt,26.112,-29.293,-0.82
120P.txt,24.413,-26.028,-6.233
123P.txt,20.606,-28.926,-1.899
124P.txt,20.471,-29.673,-7.538
126P.txt,16.413,-34.278,-1.575
127P.txt,15.128,-32.439,-6.31
128P.txt,16.479,-35.759,-9.237
130P.txt,11.535,-35.972,-4.662
131P.txt,10.918,-35.909,-9.412
134P.txt,6.512,-39.712,-7.996
135P.txt,6.934,-41.2,-11.186
137P.txt,2.614,-42.163,-5.89
36P.txt,2.702,-45.52,-2.036
39P.txt,6.514,-40.731,-1.299
40P.txt,5.066,-41.105,2.827
43P.txt,6.561,-36.047,3.301
44P.txt,8.077,-37.51,7.118
45P.txt,12.954,-36.028,5.342
46P.txt,9.171,-30.656,3.951
70P.txt,17.997,-51.972,-6.463
71P.txt,14.387,-55.878,-6.851
74P.txt,16.241,-55.848,-11.492
75P.txt,12.025,-59.65,-12.476
94P.txt,18.091,-44.922,-10.812
107.txt,24.152,-32.712,3.078
111.txt,29.397,-29.513,5.197
112.txt,32.12,-30.242,7.21
113.txt,34.73,-31.215,4.641
114.txt,33.199,-27.205,2.915
115.txt,32.905,-29.59,0.165
116.txt,29.683,-25.399,1.395
117.txt,31.122,-25.638,-5.366
119.txt,26.112,-29.293,-0.82
123.txt,20.606,-28.926,-1.899
