10P.txt,43.426,14.224,-50.879
107P.txt,41.963,3.715,-37.186
11P.txt,44.523,12.594,-46.062
133P.txt,60.552,9.362,-44.309
136P.txt,57.092,10.23,-49.401
138P.txt,56.448,3.654,-41.663
140P.txt,51.901,5.954,-49.825
141P.txt,54.577,0.496,-48.215
144P.txt,48.795,0.049,-50.765
145P.txt,46.579,-2.436,-48.099
146P.txt,43.072,-0.319,-48.948
147P.txt,41.65,-0.214,-45.969
148P.txt,40.387,0.22,-42.466
149P.txt,39.48,3.778,-43.977
45P.txt,64.229,3.73,-41.628
46P.txt,63.877,4.745,-46.906
47P.txt,64.988,-0.903,-44.641
48P.txt,60.539,-0.3,-44.72
49P.txt,60.428,-4.987,-45.511
50P.txt,61.474,-5.887,-41.498
52P.txt,54.68,-5.205,-45.44
56P.txt,47.148,-4.111,-41.17
7P.txt,37.209,10.588,-46.374
8P.txt,39.976,10.397,-49.139
9P.txt,43.166,7.012,-49.138
102.txt,43.823,11.792,-35.494
105.txt,44.786,8.961,-32.146
106.txt,40.34,7.344,-34.856
109.txt,40.96,4.127,-30.278
110.txt,44.133,4.681,-28.664
111.txt,46.386,8.635,-27.32
112.txt,49.788,4.947,-28.32
113.txt,53.034,5.84,-26.248
114.txt,56.158,8.242,-26.756
115.txt,58.006,3.796,-29.465
57.txt,46.01,-3.078,-35.833
58.txt,51.293,-3.52,-35.532
61.txt,49.911,0.406,-32.747
68.txt,53.467,10.881,-30.768
71.txt,53.964,16.481,-31.761
75.txt,56.496,21.351,-29.252
98.txt,48.429,18.926,-33.872
