114P.txt,45.629,51.04,26.704
172P.txt,45.309,42.982,17.964
173P.txt,42.739,40.456,19.97
174P.txt,43.962,44.527,21.947
175P.txt,40.675,44.757,25.421
185P.txt,35.161,76.956,20.985
200P.txt,43.787,78.821,-9.232
201P.txt,48.477,77.07,-9.314
203P.txt,52.403,77.348,-12.528
207P.txt,55.098,76.022,-7.444
209P.txt,50.841,74.088,-5.211
211P.txt,44.673,74.464,-2.677
250P.txt,51.427,72.579,0.057
251P.txt,54.44,76.543,-1.504
259P.txt,43.396,84.068,-11.57
261P.txt,43.883,86.202,-16.982
31P.txt,39.802,77.774,21.109
356P.txt,46.906,85.215,-8.906
50P.txt,28.44,50.823,19.29
51P.txt,28.98,48.743,22.129
52P.txt,28.857,48.144,25.986
53P.txt,32.8,43.248,28.218
54P.txt,29.26,46.129,30.529
76P.txt,31.647,44.689,22.972
77P.txt,33.287,43.84,20.565
78P.txt,36.613,42.762,19.054
80P.txt,38.147,41.505,15.553
81P.txt,39.914,43.549,11.441
82P.txt,36.961,45.71,11.776
83P.txt,38.486,49.695,11.997
85P.txt,33.023,49.417,17.595
86P.txt,30.688,54.305,17.33
277.txt,17.759,84.546,10.603
279.txt,22.381,90.434,11.824
281.txt,28.218,94.402,12.222
282.txt,30.514,92.558,9.249
284.txt,37.156,90.537,8.676
307.txt,14.741,86.404,5.271
314.txt,16.17,90.967,1.588
320.txt,33.14,98.533,0.452
335.txt,36.456,95.434,6.91
337.txt,30.169,97.217,5.599
339.txt,23.899,96.817,7.731
340.txt,22.425,94.486,9.474
341.txt,20.808,93.845,4.725
342.txt,18.283,90.228,8.321
365.txt,30.783,90.23,12.462
367.txt,23.904,89.546,16.114
369.txt,17.29,87.291,15.464
