298P.txt,24.864,12.972,-36.446
299P.txt,23.547,9.223,-33.658
300P.txt,26.756,6.813,-38.147
301P.txt,23.419,4.659,-40.368
303P.txt,27.493,-1.026,-40.524
304P.txt,25.482,-4.053,-39.028
329P.txt,31.671,-2.53,-33.645
330P.txt,29.055,1.105,-35.057
331P.txt,27.983,1.91,-31.006
332P.txt,26.698,5.101,-30.736
334P.txt,20.296,6.001,-36.982
336P.txt,18.791,0.723,-40.41
337P.txt,12.663,0.425,-40.196
349P.txt,5.399,5.538,-42.533
350P.txt,3.435,1.703,-42.18
351P.txt,9.011,3.934,-37.979
352P.txt,5.858,4.223,-34.57
353P.txt,10.293,4.294,-33.092
354P.txt,11.893,7.829,-32.952
355P.txt,15.194,8.582,-34.455
357P.txt,19.494,4.508,-31.291
359P.txt,23.407,2.877,-27.205
370P.txt,1.503,1.457,-38.314
310.txt,11.699,-10.871,-27.829
313.txt,4.723,-8.585,-30.756
314.txt,0.327,-6.957,-31.33
315.txt,1.748,-3.399,-28.593
316.txt,-1.114,-1.882,-24.263
317.txt,0.314,0.665,-28.35
321.txt,7.828,-4.672,-30.522
352.txt,5.858,4.223,-34.57
354.txt,11.893,7.829,-32.952
364.txt,18.503,-5.079,-26.241
368.txt,7.061,0.352,-31.936
