139P.txt,-32.368,9.562,-29.465
144P.txt,-33.637,8.331,-19.583
150P.txt,-35.452,9.122,-25.525
295P.txt,-3.083,12.431,0.481
300P.txt,-5.767,17.446,10.531
302P.txt,-3.094,23.555,13.711
303P.txt,-5.102,21.128,17.893
304P.txt,-1.36,18.778,18.489
305P.txt,1.823,22.014,16.744
306P.txt,4.977,20.501,15.702
309P.txt,4.706,10.054,10.135
310P.txt,2.913,9.069,5.843
311P.txt,5.732,14.344,4.828
312P.txt,1.895,13.308,2.87
313P.txt,-0.364,16.554,-0.672
314P.txt,-1.066,18.83,2.407
317P.txt,-3.711,25.603,8.72
318P.txt,-1.095,22.308,8.292
320P.txt,4.909,21.054,11.229
321P.txt,7.305,15.097,9.157
322P.txt,8.319,15.504,13.05
323P.txt,12.478,12.788,13.319
324P.txt,8.875,9.688,15.517
33P.txt,4.272,14.709,18.925
34P.txt,0.905,12.223,18.012
35P.txt,0.582,9.521,14.662
36P.txt,-2.28,11.293,13.167
37P.txt,-6.218,9.0,14.0
58P.txt,-28.791,13.144,-6.798
69P.txt,-26.745,10.853,-17.265
71P.txt,-31.464,13.875,-15.139
282.txt,-9.587,11.42,-1.435
283.txt,-12.512,10.648,0.313
284.txt,-16.399,11.564,-0.735
285.txt,-18.36,11.757,2.716
287.txt,-17.7,14.759,7.505
37.txt,-6.218,9.0,14.0
38.txt,-7.011,6.594,9.404
39.txt,-10.266,10.51,9.513
40.txt,-14.224,12.082,8.929
41.txt,-10.691,13.51,3.54
52.txt,-20.226,14.967,-6.064
58.txt,-28.791,13.144,-6.798
59.txt,-29.206,9.733,-9.478
60.txt,-25.081,11.424,-10.98
61.txt,-21.279,10.024,-11.907
62.txt,-18.286,13.344,-11.384
85.txt,-13.56,11.186,-5.819
86.txt,-13.386,8.717,-9.307
90.txt,-17.611,5.655,-13.514
