102P.txt,20.522,6.217,-10.474
106P.txt,21.088,3.168,-6.178
229P.txt,15.348,12.116,-24.925
231P.txt,17.314,15.392,-18.738
233P.txt,18.465,17.18,-13.431
52P.txt,13.317,-4.312,6.724
53P.txt,13.404,-5.251,3.284
55P.txt,10.796,-5.694,-1.818
57P.txt,10.535,-5.546,-8.227
58P.txt,9.429,-5.478,-12.042
64P.txt,10.762,4.276,-5.207
74P.txt,5.221,-1.066,-5.182
75P.txt,4.193,-1.697,-0.385
76P.txt,4.161,2.114,1.241
77P.txt,8.402,0.416,3.613
79P.txt,11.344,2.196,7.005
81P.txt,17.482,-1.839,5.751
82P.txt,17.781,-4.557,2.534
83P.txt,16.9,-1.233,-1.766
84P.txt,15.166,-5.544,-2.982
85P.txt,16.877,-3.328,-7.571
86P.txt,15.414,-7.548,-11.486
87P.txt,19.241,-7.124,-11.692
88P.txt,17.709,-5.839,-16.002
89P.txt,15.075,-3.349,-14.155
92P.txt,11.688,3.217,-15.138
97P.txt,16.828,9.995,-20.066
98P.txt,21.11,11.411,-17.613
134.txt,0.383,16.017,-19.146
135.txt,-0.175,12.788,-20.745
136.txt,2.652,9.929,-22.469
137.txt,2.155,6.646,-24.179
153.txt,5.117,17.293,-19.732
155.txt,1.896,23.179,-20.813
158.txt,-5.112,30.54,-23.019
159.txt,-0.972,31.002,-25.641
160.txt,0.318,32.567,-22.903
187.txt,10.648,19.36,-33.057
189.txt,7.084,22.445,-32.876
190.txt,6.908,19.736,-30.214
192.txt,7.232,26.925,-32.446
193.txt,3.276,23.788,-28.884
194.txt,4.648,22.154,-25.522
196.txt,3.654,29.033,-26.519
219.txt,15.524,14.311,-33.817
225.txt,7.506,6.471,-29.819
226.txt,9.529,9.51,-27.52
