119P.txt,35.899,3.913,49.062
120P.txt,36.595,2.588,45.256
121P.txt,34.654,5.708,41.232
122P.txt,35.904,0.898,38.433
123P.txt,35.754,4.07,35.677
124P.txt,37.644,2.055,33.069
198P.txt,41.166,2.344,33.902
199P.txt,39.997,4.446,36.369
200P.txt,41.423,3.343,40.184
201P.txt,39.028,6.792,41.713
202P.txt,41.681,5.143,46.108
204P.txt,36.81,9.109,51.587
205P.txt,34.571,6.041,52.917
207P.txt,28.917,4.956,56.87
220P.txt,10.326,30.288,35.86
380P.txt,22.922,3.7,52.82
421P.txt,26.156,-5.683,47.316
422P.txt,30.309,-3.664,50.162
423P.txt,30.815,-4.259,45.007
425P.txt,26.877,-2.023,39.104
426P.txt,27.278,3.223,39.025
427P.txt,21.762,5.708,39.194
429P.txt,26.748,5.78,34.992
430P.txt,29.654,3.6,33.209
431P.txt,30.33,1.574,36.843
432P.txt,31.914,-1.265,39.769
434P.txt,33.918,-0.463,47.226
435P.txt,29.873,2.246,48.639
436P.txt,31.681,0.161,53.419
437P.txt,31.186,-2.453,55.465
53P.txt,12.621,26.949,40.808
60P.txt,20.342,23.692,57.638
77P.txt,8.089,25.875,50.408
122.txt,35.904,0.898,38.433
123.txt,35.754,4.07,35.677
124.txt,37.644,2.055,33.069
257.txt,14.72,-1.683,40.795
278.txt,2.442,-2.585,20.854
279.txt,7.083,-1.201,21.678
280.txt,9.168,-5.037,23.177
281.txt,11.058,-1.412,24.047
282.txt,8.81,1.333,24.951
365.txt,15.84,-13.209,31.528
366.txt,18.626,-11.024,33.021
367.txt,21.44,-9.337,34.266
368.txt,23.373,-6.575,36.079
370.txt,21.731,-3.995,40.072
371.txt,17.856,-5.882,36.726
425.txt,26.877,-2.023,39.104
426.txt,27.278,3.223,39.025
427.txt,21.762,5.708,39.194
430.txt,29.654,3.6,33.209
431.txt,30.33,1.574,36.843
432.txt,31.914,-1.265,39.769
455.txt,9.302,-5.718,30.389
456.txt,5.588,-7.339,25.945
457.txt,8.442,-11.369,26.643
458.txt,8.95,-10.81,22.65
459.txt,7.582,-12.253,19.936
460.txt,6.51,-15.399,18.868
461.txt,3.289,-14.936,19.164
465.txt,0.398,-16.081,26.537
466.txt,1.617,-11.67,26.634
467.txt,5.195,-12.841,29.426
469.txt,9.821,-11.286,32.325
471.txt,11.334,-4.231,35.128
474.txt,15.584,4.34,33.14
97.txt,8.406,12.607,24.926
