10P.txt,35.606,130.587,-8.75
11P.txt,36.368,130.801,-5.28
12P.txt,35.081,132.206,-1.785
129P.txt,50.947,119.152,106.22
13P.txt,38.439,130.73,1.489
14P.txt,35.789,132.14,4.429
15P.txt,38.891,132.787,7.402
16P.txt,36.712,131.922,11.153
17P.txt,35.017,133.23,14.982
18P.txt,33.735,129.428,18.22
19P.txt,29.912,130.919,18.463
20P.txt,28.132,130.25,21.775
205P.txt,59.505,129.293,90.015
21P.txt,24.293,129.79,22.087
212P.txt,53.821,135.951,93.095
213P.txt,49.582,135.282,92.753
22P.txt,25.454,129.849,25.965
23P.txt,27.19,133.443,26.983
24P.txt,29.539,134.288,29.8
244P.txt,59.877,125.878,92.6
317P.txt,37.994,133.647,30.594
319P.txt,37.332,132.246,25.7
320P.txt,36.634,133.419,21.66
321P.txt,33.899,138.833,22.081
323P.txt,30.37,137.505,18.082
324P.txt,26.485,136.804,17.885
325P.txt,24.212,136.718,12.872
33P.txt,29.9,143.143,31.926
35P.txt,29.434,137.755,25.503
37P.txt,32.512,131.408,24.733
38P.txt,33.347,129.503,28.636
9P.txt,35.45,131.389,-13.102
131.txt,45.018,117.806,103.235
133.txt,42.258,115.404,97.244
134.txt,39.52,118.872,97.693
135.txt,36.091,119.678,97.474
136.txt,33.048,121.428,95.737
137.txt,29.289,121.759,96.08
145.txt,32.237,116.341,96.378
153.txt,40.661,122.92,97.29
155.txt,42.587,120.573,103.052
156.txt,43.356,122.86,107.545
157.txt,46.273,119.19,108.764
158.txt,44.312,120.13,111.447
189.txt,35.937,132.315,109.121
193.txt,38.249,128.003,108.102
194.txt,40.435,126.494,104.098
226.txt,30.222,129.348,95.156
98.txt,35.229,126.442,92.369
