181P.txt,-53.188,15.137,-9.538
182P.txt,-56.807,13.006,-8.37
183P.txt,-53.847,13.265,-3.681
184P.txt,-51.808,17.554,-5.258
185P.txt,-51.2,20.566,-2.779
186P.txt,-49.297,23.577,-4.147
187P.txt,-49.346,26.681,-1.392
188P.txt,-47.536,30.437,-1.718
189P.txt,-50.324,32.512,2.172
190P.txt,-47.273,35.592,3.1
191P.txt,-43.419,33.775,4.727
192P.txt,-44.852,29.475,4.097
194P.txt,-46.584,24.107,1.325
196P.txt,-48.684,18.851,-0.628
197P.txt,-49.152,14.748,-1.106
201P.txt,-45.494,19.69,4.952
210P.txt,-38.47,31.881,-0.509
227P.txt,-44.154,21.367,-13.617
228P.txt,-49.376,21.745,-12.909
229P.txt,-49.897,20.965,-9.12
230P.txt,-44.569,23.223,-9.588
231P.txt,-44.338,26.868,-6.804
232P.txt,-38.791,29.601,-7.533
233P.txt,-39.694,26.173,-12.358
234P.txt,-37.683,29.078,-13.381
253P.txt,-35.978,26.981,-7.118
232.txt,-38.791,29.601,-7.533
235.txt,-34.376,26.86,-14.814
236.txt,-34.412,23.945,-12.5
237.txt,-29.669,21.865,-12.911
239.txt,-28.22,18.728,-9.45
240.txt,-29.24,22.034,-7.884
253.txt,-35.978,26.981,-7.118
256.txt,-32.312,25.163,-4.653
257.txt,-30.754,24.824,2.446
258.txt,-27.848,26.563,0.602
260.txt,-26.483,20.971,1.491
261.txt,-25.741,19.562,-5.045
262.txt,-29.005,15.811,-5.317
264.txt,-28.53,10.552,-4.742
265.txt,-26.486,8.26,-1.977
289.txt,-11.508,21.923,2.48
293.txt,-14.709,14.121,-0.906
294.txt,-21.603,14.126,-2.091
314.txt,-15.025,20.046,1.021
315.txt,-19.043,23.023,0.752
351.txt,-28.357,5.698,-6.247
