10P.txt,11.714,5.504,43.323
11P.txt,10.149,4.08,39.586
12P.txt,10.215,7.697,37.32
13P.txt,5.9,5.752,34.134
14P.txt,7.287,5.703,30.658
15P.txt,5.685,10.202,30.108
16P.txt,2.887,8.841,26.376
17P.txt,7.034,11.147,25.574
19P.txt,10.377,8.941,23.734
48P.txt,7.977,6.634,15.687
50P.txt,7.166,5.791,23.498
51P.txt,5.286,4.129,26.522
52P.txt,3.363,3.654,29.554
53P.txt,-0.449,3.876,30.324
54P.txt,-1.211,5.358,34.333
55P.txt,-5.053,3.732,32.847
56P.txt,-5.148,-2.494,33.892
59P.txt,-2.102,0.477,24.153
60P.txt,0.762,4.595,23.656
61P.txt,-2.444,3.885,19.944
7P.txt,17.779,3.742,48.618
8P.txt,15.956,2.069,46.085
9P.txt,15.811,6.075,43.232
99P.txt,-3.351,7.372,26.517
40.txt,25.128,5.679,3.343
71.txt,18.275,11.33,-1.393
73.txt,23.684,6.298,-2.13
75.txt,24.41,0.059,-3.105
76.txt,22.137,-2.671,-7.331
77.txt,26.432,-5.839,-5.109
79.txt,23.072,-6.78,-11.515
80.txt,27.336,-7.711,-15.372
81.txt,28.473,-2.484,-13.432
82.txt,28.903,-1.479,-9.496
83.txt,24.427,0.106,-9.763
84.txt,26.72,3.337,-6.962
85.txt,19.489,4.117,-8.317
86.txt,19.55,9.065,-6.914
