160P.txt,-69.097,74.993,78.545
162P.txt,-66.266,75.225,82.823
165P.txt,-68.867,78.948,86.119
166P.txt,-73.404,77.579,82.975
172P.txt,-82.996,64.54,80.268
174P.txt,-84.634,58.803,76.299
175P.txt,-84.719,54.793,76.27
176P.txt,-82.786,56.305,71.437
177P.txt,-80.313,54.019,72.232
178P.txt,-76.976,55.82,74.55
180P.txt,-77.814,55.028,80.172
202P.txt,-81.376,62.0,86.613
203P.txt,-84.568,61.92,84.087
204P.txt,-86.335,58.842,82.486
205P.txt,-88.698,60.657,79.898
206P.txt,-90.869,57.289,77.993
230P.txt,-82.114,66.97,76.433
233P.txt,-85.07,62.307,69.661
238P.txt,-90.655,68.091,69.863
240P.txt,-90.329,67.576,75.486
241P.txt,-90.158,71.037,74.277
242P.txt,-93.475,71.424,75.648
243P.txt,-92.325,73.87,78.272
244P.txt,-92.091,76.72,80.996
255P.txt,-80.921,77.079,79.316
261P.txt,-80.01,64.144,68.744
278P.txt,-76.62,75.596,73.359
364P.txt,-70.516,75.296,70.155
376P.txt,-70.939,80.272,69.307
378P.txt,-64.716,75.893,68.707
384P.txt,-63.078,76.103,74.116
385P.txt,-62.727,78.811,71.483
31.txt,-41.702,53.979,42.15
32.txt,-44.858,54.888,43.762
33.txt,-47.225,51.685,44.393
34.txt,-51.381,52.565,42.481
55.txt,-56.922,66.082,40.77
56.txt,-53.775,70.485,43.412
57.txt,-52.446,66.056,45.956
58.txt,-47.816,65.101,45.553
59.txt,-50.707,61.705,48.02
60.txt,-45.594,61.129,44.627
61.txt,-42.172,62.893,49.277
65.txt,-49.866,56.913,44.994
66.txt,-53.672,57.939,44.888
67.txt,-55.057,55.024,39.782
92.txt,-61.133,50.098,37.961
