458P.txt,-25.145,29.403,-65.901
459P.txt,-25.416,28.595,-69.541
106P.txt,-33.404,27.742,-34.176
112P.txt,-31.497,39.152,-34.802
113P.txt,-36.671,38.024,-31.196
88P.txt,-5.083,5.104,-36.844
75P.txt,-23.35,27.8,-19.557
64P.txt,-24.51,44.733,-25.056
65P.txt,-28.985,43.139,-26.336
73P.txt,-29.549,30.923,-22.467
370P.txt,-30.58,40.157,-48.62
72P.txt,-32.026,33.1,-19.195
80P.txt,-11.145,21.835,-17.944
368P.txt,-33.344,39.527,-53.252
221P.txt,-24.327,13.618,-21.06
223P.txt,-25.313,12.91,-27.587
82P.txt,-8.805,18.616,-22.274
222P.txt,-23.712,10.952,-24.155
45P.txt,-17.469,6.635,-33.287
51P.txt,-31.237,20.025,-27.934
408P.txt,-5.915,50.791,-65.441
421P.txt,-34.434,50.613,-44.396
87P.txt,-5.476,6.479,-32.085
44P.txt,-18.743,2.712,-29.615
423P.txt,-35.818,46.731,-41.202
422P.txt,-35.147,51.747,-38.423
84P.txt,-9.499,13.321,-26.667
53P.txt,-25.062,23.045,-23.792
109P.txt,-34.311,33.362,-34.906
491P.txt,-20.905,8.113,-26.885
246P.txt,-15.358,18.311,-24.69
