310P.txt,35.524,141.707,49.743
312P.txt,30.166,136.834,45.054
188P.txt,38.244,136.902,106.19
189P.txt,35.937,132.315,109.121
160P.txt,48.465,123.636,110.794
174P.txt,60.152,117.598,76.513
207P.txt,66.647,128.439,86.522
159P.txt,45.494,123.351,113.203
165P.txt,59.462,124.357,99.421
171P.txt,65.196,115.369,83.961
158P.txt,44.312,120.13,111.447
238P.txt,62.551,125.158,78.751
199P.txt,47.506,136.105,103.834
172P.txt,62.42,114.946,80.342
167P.txt,61.137,120.6,93.547
173P.txt,62.757,114.907,75.664
198P.txt,45.062,135.611,106.689
239P.txt,64.601,121.109,79.045
208P.txt,64.137,133.881,81.828
157P.txt,46.273,119.19,108.764
221P.txt,28.847,136.948,91.561
169P.txt,63.091,118.124,88.205
187P.txt,34.965,135.229,103.752
192P.txt,41.109,131.276,108.321
219P.txt,31.97,138.892,97.341
218P.txt,35.448,138.469,98.32
21P.txt,24.293,129.79,22.087
242P.txt,64.176,123.484,88.117
240P.txt,66.943,121.745,82.882
22P.txt,25.454,129.849,25.965
241P.txt,64.429,124.539,84.142
124P.txt,55.137,113.766,93.088
