120P.txt,42.286,6.241,41.306
121P.txt,38.34,7.588,38.181
146P.txt,44.005,9.736,45.239
148P.txt,50.945,8.438,43.625
158P.txt,54.161,-0.011,37.483
159P.txt,52.718,4.17,39.585
161P.txt,47.413,5.11,42.458
190P.txt,29.84,-4.435,32.516
191P.txt,32.374,-6.545,36.072
42P.txt,58.683,-1.201,23.071
43P.txt,56.722,-3.244,26.285
65P.txt,53.563,-1.859,31.04
69P.txt,45.582,3.402,23.088
40.txt,53.31,-3.347,18.411
41.txt,53.354,-1.723,22.687
42.txt,58.683,-1.201,23.071
43.txt,56.722,-3.244,26.285
65.txt,53.563,-1.859,31.04
