126P.txt,12.752,61.764,91.44
206P.txt,27.155,68.715,84.235
209P.txt,26.547,64.144,80.247
212P.txt,22.57,58.408,81.291
214P.txt,24.758,59.51,88.155
215P.txt,20.882,55.336,84.738
216P.txt,20.994,50.662,85.419
30P.txt,14.308,63.294,71.252
33P.txt,11.279,63.476,76.109
34P.txt,15.564,59.423,76.112
37P.txt,10.78,57.04,80.405
38P.txt,14.739,54.559,81.343
40P.txt,8.679,57.586,85.403
47P.txt,1.45,61.845,83.217
205.txt,24.498,69.251,78.244
208.txt,21.303,65.61,80.587
209.txt,26.547,64.144,80.247
212.txt,22.57,58.408,81.291
30.txt,14.308,63.294,71.252
31.txt,16.907,63.392,76.608
33.txt,11.279,63.476,76.109
34.txt,15.564,59.423,76.112
35.txt,16.238,60.354,81.243
38.txt,14.739,54.559,81.343
50.txt,6.91,65.538,82.816
51.txt,1.351,65.669,78.892
53.txt,7.939,69.378,79.445
54.txt,4.887,67.829,75.616
