128P.txt,-79.821,-89.914,-36.358
117P.txt,-76.908,-69.476,-60.48
105P.txt,-89.266,-72.349,-85.981
215P.txt,-86.776,-91.357,-43.628
88P.txt,-65.611,-77.161,-72.448
216P.txt,-86.007,-90.891,-38.944
61P.txt,-69.247,-63.291,-75.912
217P.txt,-88.929,-92.258,-36.77
207P.txt,-80.196,-73.692,-56.703
165P.txt,-103.026,-85.8,-39.336
204P.txt,-71.132,-67.103,-55.744
205P.txt,-71.789,-70.831,-55.773
208P.txt,-82.32,-76.112,-57.993
94P.txt,-70.369,-67.095,-67.712
223P.txt,-96.597,-83.469,-22.266
92P.txt,-68.641,-70.745,-64.25
150P.txt,-66.797,-76.948,-50.336
93P.txt,-68.604,-67.545,-62.215
87P.txt,-66.92,-80.579,-70.374
153P.txt,-70.217,-72.671,-48.215
185P.txt,-92.098,-76.787,-29.107
218P.txt,-88.603,-90.47,-32.358
34P.txt,-66.847,-80.434,-63.896
135P.txt,-84.238,-82.572,-22.002
134P.txt,-82.485,-84.919,-19.424
136P.txt,-86.576,-84.436,-24.069
127P.txt,-81.051,-88.765,-40.454
133P.txt,-80.348,-87.137,-21.513
126P.txt,-77.294,-90.146,-41.684
