114P.txt,-15.744,-3.028,5.747
115P.txt,-14.558,1.548,1.948
117P.txt,-20.892,5.687,-1.013
102P.txt,-13.74,-7.869,-10.99
113P.txt,-11.946,-1.453,6.137
38P.txt,-33.231,-5.012,15.166
110P.txt,-7.515,1.613,3.53
39P.txt,-30.399,-3.402,9.564
89P.txt,-36.994,11.575,8.814
70P.txt,-25.769,-12.433,-3.667
42P.txt,-34.288,-7.935,10.164
54P.txt,-26.489,-18.599,-11.174
55P.txt,-22.559,-15.29,-11.942
92P.txt,-37.156,8.078,3.517
120P.txt,-26.719,9.731,-0.546
35P.txt,-32.761,1.142,17.066
122P.txt,-23.502,10.519,6.254
123P.txt,-24.799,14.743,9.532
36P.txt,-26.215,-2.133,14.648
32P.txt,-28.508,3.768,17.977
33P.txt,-26.394,-1.462,19.989
119P.txt,-22.669,10.23,1.086
30P.txt,-27.801,2.184,24.511
