317P.txt,28.789,-27.083,-12.325
249P.txt,48.68,-22.682,-33.39
315P.txt,30.532,-25.042,-6.929
329P.txt,27.575,-23.574,-27.371
328P.txt,30.163,-18.007,-27.35
71P.txt,29.631,-57.455,2.574
73P.txt,35.783,-54.754,4.28
365P.txt,38.27,-45.74,7.891
167P.txt,38.576,-16.188,0.488
66P.txt,33.454,-54.256,0.556
208P.txt,56.876,-16.83,-25.197
383P.txt,35.246,-11.404,-21.126
340P.txt,31.85,-22.186,-10.137
341P.txt,32.847,-16.716,-11.318
342P.txt,33.974,-17.344,-7.828
51P.txt,33.89,-46.585,3.343
385P.txt,31.132,-13.448,-14.163
384P.txt,33.93,-13.983,-17.803
50P.txt,30.706,-43.225,2.724
386P.txt,32.462,-18.831,-17.658
351P.txt,42.579,-18.229,-11.918
387P.txt,31.447,-21.666,-15.615
321P.txt,24.304,-26.933,-16.245
251P.txt,43.456,-25.273,-31.211
325P.txt,24.355,-22.042,-20.364
331P.txt,29.733,-29.132,-26.262
330P.txt,31.108,-24.271,-26.347
324P.txt,22.898,-25.099,-21.352
250P.txt,44.771,-23.045,-35.091
252P.txt,38.979,-24.119,-29.676
326P.txt,27.644,-21.761,-23.274
327P.txt,26.714,-16.404,-25.434
