15P.txt,25.099,15.224,-17.614
470P.txt,86.891,-3.478,-51.575
129P.txt,7.353,17.006,-16.047
249P.txt,39.818,44.2,-60.849
301P.txt,41.796,22.564,-41.676
466P.txt,87.255,0.797,-41.404
499P.txt,73.801,13.47,-52.922
274P.txt,39.912,24.621,-27.66
502P.txt,76.427,16.412,-63.486
476P.txt,85.332,-4.234,-61.395
503P.txt,71.644,18.684,-65.11
105P.txt,14.685,20.757,1.438
313P.txt,57.649,7.053,-28.473
229P.txt,18.893,28.259,-41.241
406P.txt,78.562,3.628,-28.255
162P.txt,-1.066,21.964,-1.929
189P.txt,-1.455,35.931,-33.242
404P.txt,74.274,10.055,-29.62
415P.txt,79.02,-7.052,-37.977
158P.txt,0.355,17.492,-12.496
204P.txt,-1.825,39.122,-45.411
172P.txt,-5.819,40.081,-17.336
99P.txt,11.93,17.622,-16.537
205P.txt,1.971,42.248,-46.076
239P.txt,24.735,31.643,-47.601
94P.txt,11.447,12.522,-25.887
95P.txt,8.07,13.167,-24.492
223P.txt,12.14,41.179,-36.426
381P.txt,73.772,-3.983,-34.987
41P.txt,25.094,24.914,-28.54
197P.txt,2.43,30.336,-38.787
379P.txt,71.488,1.0,-34.555
445P.txt,77.216,1.706,-55.049
479P.txt,78.748,-2.332,-58.051
120P.txt,9.327,31.96,-22.472
527P.txt,65.785,26.074,-57.337
533P.txt,52.524,22.838,-66.187
285P.txt,38.714,18.315,-34.519
125P.txt,10.406,21.138,-29.925
