316P.txt,40.039,6.532,37.322
458P.txt,4.083,3.66,56.102
459P.txt,5.89,4.121,52.233
505P.txt,-9.764,-12.598,53.007
462P.txt,13.233,-1.891,53.147
310P.txt,55.038,6.779,49.866
406P.txt,25.416,-0.901,41.614
367P.txt,56.524,2.314,28.904
415P.txt,4.809,-9.918,46.827
366P.txt,54.351,-2.652,26.087
416P.txt,9.114,-10.55,49.293
402P.txt,37.651,-0.778,45.558
417P.txt,6.182,-10.161,52.679
368P.txt,60.068,0.187,32.061
419P.txt,2.232,-9.571,57.135
418P.txt,1.136,-12.02,52.616
424P.txt,-5.0,-3.535,62.008
420P.txt,-3.422,-10.063,58.839
353P.txt,30.25,-16.452,45.015
421P.txt,0.624,-5.762,61.444
351P.txt,27.171,-12.804,45.487
423P.txt,-3.034,-2.08,66.24
422P.txt,-0.366,-4.657,65.747
320P.txt,27.711,4.884,35.595
319P.txt,30.918,2.473,32.838
456P.txt,-3.273,6.86,55.045
318P.txt,35.564,4.416,31.825
455P.txt,-4.202,7.508,51.403
