114P.txt,15.376,-2.245,-21.143
100P.txt,36.12,-19.901,-26.576
115P.txt,13.144,-3.988,-17.628
116P.txt,11.466,-0.735,-14.686
248P.txt,12.609,-31.399,11.451
139P.txt,5.81,-9.793,-2.715
138P.txt,3.046,-13.82,-3.774
163P.txt,34.443,-23.971,-34.579
176P.txt,28.992,-26.224,-13.491
49P.txt,30.464,-36.094,-26.252
48P.txt,32.678,-33.326,-29.068
58P.txt,10.109,-27.555,-29.485
164P.txt,32.153,-25.618,-37.752
212P.txt,22.79,-27.386,-0.407
211P.txt,19.707,-28.108,3.263
81P.txt,12.436,-7.055,-32.169
97P.txt,34.628,-24.603,-28.535
79P.txt,9.993,-1.401,-26.922
178P.txt,32.439,-33.083,-15.246
280P.txt,6.974,-23.835,9.622
135P.txt,8.597,-14.064,-2.247
108P.txt,24.653,-8.582,-28.679
279P.txt,13.253,-21.747,11.783
250P.txt,16.39,-26.239,15.694
285P.txt,4.552,-18.605,0.757
252P.txt,20.758,-20.056,14.586
130P.txt,11.437,-23.811,-6.582
247P.txt,16.029,-34.062,7.18
284P.txt,7.594,-17.205,3.979
