215P.txt,-19.043,13.525,-6.413
177P.txt,5.623,-8.521,-20.023
163P.txt,-0.485,5.644,-1.14
162P.txt,-2.656,8.28,-3.974
207P.txt,-23.149,21.23,-16.915
165P.txt,-1.126,7.94,3.514
170P.txt,4.526,4.197,-4.04
164P.txt,-3.111,3.556,1.939
204P.txt,-29.858,17.324,-19.36
166P.txt,-5.96,12.237,0.369
167P.txt,-0.349,13.137,1.817
173P.txt,7.134,-1.719,-10.771
205P.txt,-26.448,19.317,-19.088
220P.txt,-12.629,6.642,-6.885
221P.txt,-9.318,9.568,-5.271
169P.txt,1.307,10.873,-5.28
168P.txt,3.161,8.994,2.071
154P.txt,9.798,-6.863,-21.594
178P.txt,4.347,-8.032,-26.52
219P.txt,-15.673,9.118,-4.391
231P.txt,-16.581,17.172,-30.197
153P.txt,8.918,-6.732,-29.268
218P.txt,-14.154,13.819,-5.532
