201P.txt,12.191,16.462,-60.276
76P.txt,-15.359,-6.393,-63.263
89P.txt,-26.602,-7.7,-35.164
88P.txt,-31.225,-9.104,-32.768
200P.txt,13.938,21.319,-59.263
202P.txt,13.386,19.944,-65.378
75P.txt,-12.371,-6.326,-60.209
203P.txt,8.188,15.619,-64.688
204P.txt,6.351,15.43,-69.157
199P.txt,15.059,18.747,-54.939
198P.txt,15.009,21.694,-52.58
72P.txt,-3.865,-1.995,-63.863
205P.txt,3.078,17.928,-68.015
80P.txt,-25.539,-10.009,-58.957
81P.txt,-24.924,-6.256,-56.11
221P.txt,-11.337,-14.333,-49.065
223P.txt,-11.214,-10.703,-44.178
83P.txt,-27.36,-5.962,-48.571
82P.txt,-27.004,-9.474,-53.376
222P.txt,-12.711,-14.426,-45.226
45P.txt,-19.194,-10.789,-36.783
87P.txt,-32.218,-10.428,-37.286
44P.txt,-17.82,-15.893,-35.348
84P.txt,-26.906,-10.796,-45.906
121P.txt,7.465,16.972,-58.184
492P.txt,-13.598,-16.9,-36.574
120P.txt,8.388,22.135,-62.314
122P.txt,10.092,22.865,-55.404
491P.txt,-16.212,-14.302,-41.253
123P.txt,10.025,18.065,-53.541
246P.txt,-19.467,-8.993,-50.43
124P.txt,12.098,20.471,-50.532
