100P.txt,-6.196,50.247,23.015
101P.txt,-3.864,45.304,22.98
23P.txt,4.119,53.063,6.971
47P.txt,3.65,46.469,29.829
48P.txt,5.725,43.195,27.361
49P.txt,1.162,39.981,29.204
50P.txt,2.371,37.174,27.317
51P.txt,5.478,35.416,26.446
52P.txt,8.19,37.935,28.636
53P.txt,5.63,39.548,33.074
54P.txt,7.081,43.706,31.951
55P.txt,8.768,46.33,35.346
56P.txt,4.09,49.992,32.662
57P.txt,10.143,50.774,30.533
76P.txt,8.468,38.776,20.939
77P.txt,6.255,39.4,17.658
78P.txt,4.3,37.189,20.444
79P.txt,4.629,39.91,23.462
80P.txt,1.195,42.656,23.394
82P.txt,-1.475,46.755,26.69
84P.txt,1.297,53.94,31.884
96P.txt,-0.304,56.967,34.541
98P.txt,-4.957,53.258,31.28
