1P.txt,4.534,4.128,45.466
14P.txt,24.622,4.204,33.073
18P.txt,14.102,10.803,35.272
2P.txt,3.423,6.857,42.737
20P.txt,6.099,12.779,35.494
3P.txt,6.047,10.678,42.537
31P.txt,23.797,12.308,38.014
34P.txt,28.423,11.584,36.461
4P.txt,4.551,14.769,41.707
40P.txt,26.73,7.856,27.22
6P.txt,8.613,8.499,39.337
7P.txt,9.567,8.288,35.603
8P.txt,6.746,5.65,33.604
81P.txt,9.084,28.159,48.028
82P.txt,6.727,24.474,47.593
83P.txt,10.598,22.632,46.077
84P.txt,10.684,19.432,48.601
85P.txt,15.356,17.739,46.445
86P.txt,14.49,15.322,42.663
87P.txt,17.682,12.191,40.885
88P.txt,21.249,15.124,44.942
93P.txt,9.344,20.027,42.9
95P.txt,0.967,19.998,42.573
