13P.txt,-13.622,-7.022,53.209
15P.txt,-14.38,0.53,52.732
17P.txt,-10.923,5.986,52.148
18P.txt,-6.124,7.683,53.34
19P.txt,-4.7,3.364,48.917
2P.txt,-0.324,-11.104,55.15
4P.txt,-8.378,-8.71,52.914
40P.txt,-1.484,-2.606,53.7
42P.txt,-4.847,-4.344,48.375
43P.txt,-8.319,-2.33,47.304
44P.txt,-9.731,1.341,48.205
47P.txt,-3.83,-7.598,53.327
53P.txt,-0.722,-19.328,60.301
58P.txt,-12.57,-12.836,52.893
59P.txt,-13.273,-15.999,54.211
61P.txt,-18.166,-19.289,57.265
62P.txt,-23.053,-18.624,56.074
63P.txt,-21.033,-14.604,58.417
64P.txt,-23.014,-13.135,50.898
65P.txt,-21.759,-8.774,52.859
