298P.txt,24.864,12.972,-36.446
299P.txt,23.547,9.223,-33.658
300P.txt,26.756,6.813,-38.147
301P.txt,23.419,4.659,-40.368
316P.txt,-1.114,-1.882,-24.263
317P.txt,0.314,0.665,-28.35
330P.txt,29.055,1.105,-35.057
332P.txt,26.698,5.101,-30.736
334P.txt,20.296,6.001,-36.982
336P.txt,18.791,0.723,-40.41
337P.txt,12.663,0.425,-40.196
346P.txt,9.495,-0.038,-50.092
348P.txt,7.632,4.939,-46.565
351P.txt,9.011,3.934,-37.979
355P.txt,15.194,8.582,-34.455
373P.txt,-5.093,-4.477,-41.874
375P.txt,0.754,-10.731,-46.59
384P.txt,22.023,-8.762,-49.512
390P.txt,7.096,-11.979,-41.591
392P.txt,-1.334,-11.764,-41.431
393P.txt,-2.659,-6.561,-39.33
394P.txt,-5.705,-11.308,-38.186
395P.txt,-8.664,-7.997,-40.02
