14P.txt,25.775,-23.318,9.35
141P.txt,6.752,-5.26,9.667
142P.txt,9.408,-7.631,7.188
143P.txt,10.787,-8.556,10.599
144P.txt,7.12,-10.1,12.787
148P.txt,12.507,-14.573,10.904
150P.txt,19.735,-14.846,14.628
153P.txt,24.141,-12.596,13.439
154P.txt,23.252,-13.198,9.21
155P.txt,18.861,-10.779,11.373
157P.txt,14.339,-11.729,6.772
167P.txt,-8.134,-27.356,4.764
168P.txt,-5.942,-30.428,7.899
169P.txt,-12.499,-31.014,6.715
44P.txt,5.165,-9.061,19.051
45P.txt,9.276,-10.626,19.908
46P.txt,5.062,-8.194,23.311
47P.txt,3.455,-12.659,21.761
49P.txt,8.519,-14.518,25.248
50P.txt,5.347,-14.217,28.472
56P.txt,18.61,-20.079,21.825
57P.txt,16.955,-19.261,18.462
58P.txt,15.718,-15.064,17.699
77P.txt,-3.293,-19.606,25.746
8P.txt,16.338,-12.082,0.391
9P.txt,19.768,-13.758,3.186
