177P.txt,20.441,90.914,360.026
181P.txt,16.181,89.95,365.784
184P.txt,11.08,85.833,364.971
185P.txt,11.555,88.477,368.217
197P.txt,-10.572,86.917,372.513
200P.txt,-7.93,92.066,369.134
201P.txt,-6.778,94.766,372.848
203P.txt,-5.152,96.521,368.812
204P.txt,-3.6,99.525,371.182
333P.txt,14.905,88.731,372.206
346P.txt,-9.12,78.461,377.412
350P.txt,-7.228,69.461,372.825
352P.txt,-7.485,76.989,369.921
354P.txt,-8.293,80.959,366.049
358P.txt,-6.509,88.191,363.093
362P.txt,-4.566,91.746,359.534
393P.txt,24.526,101.531,323.397
400P.txt,34.394,111.287,319.786
401P.txt,38.507,113.31,321.356
402P.txt,36.216,113.444,325.697
404P.txt,38.12,109.524,326.79
405P.txt,34.726,111.525,332.17
406P.txt,31.025,111.746,329.939
408P.txt,35.047,105.708,332.582
446P.txt,-5.807,76.94,359.788
447P.txt,-10.017,76.333,359.97
448P.txt,-5.162,71.357,363.956
495P.txt,20.514,112.692,325.64
498P.txt,23.976,110.606,321.049
499P.txt,20.863,113.883,321.117
500P.txt,25.817,117.281,323.417
