17P.txt,-0.924,19.558,-27.824
18P.txt,-2.99,14.428,-30.138
21P.txt,-0.852,4.343,-28.397
22P.txt,2.862,7.812,-32.66
23P.txt,5.173,9.917,-29.983
25P.txt,6.244,5.604,-22.134
26P.txt,4.271,6.96,-17.052
27P.txt,-0.799,8.993,-18.967
28P.txt,1.185,10.033,-13.849
29P.txt,-4.272,10.689,-13.188
30P.txt,-2.149,13.773,-10.194
31P.txt,-6.082,13.969,-8.119
44P.txt,6.41,10.206,-17.283
59P.txt,-5.682,14.605,-25.883
62P.txt,-12.763,12.252,-26.987
63P.txt,-8.565,9.249,-22.49
64P.txt,-10.542,11.686,-18.462
65P.txt,-15.619,10.413,-21.309
67P.txt,-10.22,6.014,-17.977
68P.txt,-15.492,3.996,-17.918
