107P.txt,99.006,0.847,-35.474
122P.txt,76.051,2.996,-36.148
200P.txt,75.024,2.762,-41.711
202P.txt,75.574,-4.179,-42.312
220P.txt,113.829,4.813,-38.929
221P.txt,117.02,5.382,-41.052
222P.txt,118.303,8.468,-39.201
246P.txt,116.259,1.124,-31.833
327P.txt,74.934,-11.942,-22.462
328P.txt,76.309,-13.203,-15.767
330P.txt,83.304,-14.438,-12.182
369P.txt,82.542,2.0,-21.847
395P.txt,87.996,-6.085,2.242
415P.txt,83.089,-11.35,-6.387
417P.txt,80.059,-7.423,-11.014
419P.txt,76.48,-8.362,-18.408
421P.txt,77.648,-4.909,-23.353
422P.txt,76.311,-7.584,-28.125
423P.txt,75.626,-2.546,-27.429
425P.txt,80.415,3.154,-26.956
427P.txt,89.153,2.659,-29.221
432P.txt,77.169,3.001,-30.736
434P.txt,76.42,-4.06,-32.531
45P.txt,119.823,15.809,-30.577
46P.txt,116.932,16.397,-32.646
53P.txt,110.263,-0.289,-37.616
71P.txt,103.078,-11.359,-39.567
72P.txt,101.199,-8.04,-43.528
73P.txt,103.254,-5.236,-40.399
75P.txt,110.009,-6.478,-38.676
84P.txt,123.654,3.743,-25.437
85P.txt,124.54,5.038,-21.704
86P.txt,124.659,9.168,-22.97
