303P.txt,20.406,-7.339,-23.152
304P.txt,19.194,-9.58,-19.488
305P.txt,16.276,-6.344,-19.815
317P.txt,-10.919,-8.528,-24.602
322P.txt,-6.904,-16.109,-38.97
323P.txt,-4.224,-19.032,-38.405
338P.txt,14.068,-2.081,-18.0
347P.txt,-5.124,-25.66,-17.49
353P.txt,1.668,-26.401,-15.827
354P.txt,3.149,-24.727,-18.819
355P.txt,-0.31,-24.8,-21.684
357P.txt,3.71,-21.663,-28.559
358P.txt,5.091,-17.252,-25.205
359P.txt,4.452,-16.546,-29.805
377P.txt,1.123,-13.761,-29.964
379P.txt,-0.452,-20.962,-29.327
382P.txt,-6.841,-27.04,-29.564
399P.txt,-11.432,-18.833,-19.6
401P.txt,-12.762,-22.252,-26.002
403P.txt,-11.889,-24.392,-31.646
405P.txt,-11.606,-25.346,-36.066
406P.txt,-9.26,-22.44,-34.704
407P.txt,-5.992,-24.275,-37.577
