229P.txt,57.839,143.643,151.936
275P.txt,46.153,152.385,158.723
286P.txt,33.043,141.6,155.108
305P.txt,31.067,137.824,163.087
310P.txt,31.948,147.868,170.782
311P.txt,30.817,152.725,169.456
312P.txt,35.491,151.937,170.811
313P.txt,35.705,151.598,166.373
334P.txt,17.19,134.619,157.619
335P.txt,22.406,132.335,158.315
336P.txt,17.588,128.774,158.364
337P.txt,15.052,131.028,158.303
356P.txt,24.366,154.237,168.784
368P.txt,19.462,137.398,162.518
375P.txt,17.276,148.925,144.611
399P.txt,22.011,164.544,169.783
400P.txt,25.493,162.212,169.164
403P.txt,33.114,158.846,166.397
404P.txt,36.501,157.022,165.781
414P.txt,50.231,170.731,142.318
453P.txt,59.903,154.987,151.592
455P.txt,56.464,162.64,150.561
478P.txt,46.286,158.767,153.523
505P.txt,59.427,155.612,142.343
506P.txt,58.185,155.577,147.354
508P.txt,58.114,164.502,146.279
509P.txt,54.258,166.82,149.243
510P.txt,55.357,169.269,146.17
511P.txt,57.399,164.044,140.4
512P.txt,54.893,168.146,138.419
