114P.txt,45.629,51.04,26.704
248P.txt,56.872,68.169,5.714
264P.txt,35.545,86.791,-17.494
304P.txt,23.625,90.107,-4.228
267P.txt,33.005,88.481,-10.366
313P.txt,19.482,87.505,-3.872
203P.txt,52.403,77.348,-12.528
213P.txt,44.006,71.724,1.742
206P.txt,58.908,76.799,-5.968
199P.txt,42.308,76.428,-6.294
167P.txt,35.175,55.149,14.821
205P.txt,60.19,79.592,-9.541
220P.txt,32.26,68.635,-8.524
195P.txt,30.59,77.981,-2.271
94P.txt,28.129,74.245,15.615
354P.txt,45.11,92.048,-9.735
356P.txt,46.906,85.215,-8.906
55P.txt,26.242,48.917,32.746
41P.txt,28.283,70.236,30.497
222P.txt,35.534,73.688,-10.105
347P.txt,25.898,85.856,-3.747
219P.txt,35.427,68.887,-5.311
184P.txt,37.508,74.564,22.534
146P.txt,49.16,54.406,30.296
337P.txt,30.169,97.217,5.599
322P.txt,38.721,99.002,-1.148
134P.txt,46.564,65.314,9.169
281P.txt,28.218,94.402,12.222
254P.txt,48.376,79.418,4.742
245P.txt,52.254,79.669,10.089
250P.txt,51.427,72.579,0.057
247P.txt,56.147,72.391,9.456
