29P.txt,24.818,-5.913,8.038
15P.txt,33.608,-10.122,17.774
14P.txt,35.658,-6.272,19.148
28P.txt,21.192,-11.413,10.44
16P.txt,29.905,-9.097,21.982
13P.txt,37.988,-3.804,13.298
12P.txt,33.957,-5.898,12.805
10P.txt,31.383,-2.397,7.092
11P.txt,34.418,-3.75,9.384
49P.txt,22.713,-0.683,19.24
64P.txt,21.548,-15.834,12.986
5P.txt,33.206,0.964,-6.675
69P.txt,12.962,-19.076,12.138
50P.txt,24.707,-1.648,14.337
44P.txt,19.766,-3.444,13.686
52P.txt,29.853,-6.765,16.56
46P.txt,14.317,-3.178,19.257
37P.txt,39.775,-8.449,9.905
36P.txt,37.707,-7.255,6.834
19P.txt,23.093,-13.98,25.067
18P.txt,27.741,-9.473,27.781
