1024P.txt,27.151,14.742,36.36
981P.txt,24.195,20.221,30.391
994P.txt,19.545,26.241,29.234
996P.txt,14.006,28.818,25.845
982P.txt,24.221,15.05,32.251
983P.txt,26.934,19.514,36.502
997P.txt,18.624,29.41,24.2
1026P.txt,23.296,10.217,38.625
1022P.txt,30.533,12.003,31.27
978P.txt,25.495,19.04,24.764
993P.txt,16.842,28.947,30.215
986P.txt,18.826,21.904,40.282
979P.txt,22.005,22.524,24.166
1023P.txt,32.33,15.601,34.31
1009P.txt,26.6,8.612,14.736
984P.txt,23.052,21.968,35.619
985P.txt,21.738,24.371,39.048
977P.txt,24.875,19.347,20.195
989P.txt,14.093,28.301,35.445
976P.txt,25.5,15.582,18.406
962P.txt,20.38,15.071,43.762
975P.txt,26.999,17.291,14.729
1013P.txt,27.245,12.032,21.673
1017P.txt,26.596,13.127,28.075
1016P.txt,29.653,8.221,23.603
966P.txt,20.202,14.553,35.748
