510P.txt,4.442,45.038,-14.54
28P.txt,5.247,90.099,-41.003
505P.txt,12.355,51.975,-25.959
513P.txt,1.771,46.195,-18.313
512P.txt,0.214,49.835,-15.897
311P.txt,-23.191,71.857,-5.894
162P.txt,16.504,80.613,-18.594
214P.txt,34.623,64.251,-41.568
217P.txt,30.931,71.361,-46.042
588P.txt,-17.751,53.591,-38.058
221P.txt,35.405,63.752,-47.441
586P.txt,-16.269,58.662,-37.501
545P.txt,-18.918,50.328,-18.628
83P.txt,21.876,108.045,-38.136
587P.txt,-15.562,58.013,-41.284
743P.txt,6.431,64.494,-29.008
541P.txt,-20.66,51.999,-27.075
557P.txt,-36.898,68.647,-18.821
91P.txt,3.709,100.649,-44.954
85P.txt,18.275,105.631,-43.893
90P.txt,5.971,103.064,-48.187
813P.txt,-9.926,84.049,-44.269
556P.txt,-37.599,69.264,-12.827
218P.txt,33.994,73.309,-44.634
653P.txt,-6.223,60.251,-64.272
492P.txt,-2.564,30.032,-16.326
336P.txt,-30.254,82.476,4.237
652P.txt,-8.975,63.991,-65.61
254P.txt,34.046,99.045,-31.173
650P.txt,-4.179,64.477,-65.247
651P.txt,-7.729,67.942,-62.675
686P.txt,12.174,53.91,-44.556
251P.txt,37.32,91.441,-35.645
655P.txt,-6.158,56.07,-59.284
480P.txt,-9.46,25.356,-21.95
318P.txt,-30.115,65.36,-12.23
495P.txt,1.611,26.977,-20.071
481P.txt,-13.793,26.531,-20.869
508P.txt,9.171,46.334,-19.114
483P.txt,-11.671,33.517,-17.516
253P.txt,36.639,98.925,-35.127
509P.txt,8.192,44.66,-15.471
