117P.txt,31.322,6.625,50.296
76P.txt,6.714,-5.329,2.745
88P.txt,1.387,-3.963,-13.937
176P.txt,31.033,-2.589,50.941
149P.txt,17.89,-13.04,39.954
74P.txt,6.839,-8.929,6.997
48P.txt,6.386,1.141,13.502
166P.txt,41.439,-7.235,44.039
195P.txt,22.123,-16.721,32.334
94P.txt,7.891,-10.692,1.919
80P.txt,8.433,4.914,-6.349
81P.txt,6.592,6.914,-8.714
42P.txt,3.608,-16.858,15.289
169P.txt,31.11,-10.56,41.615
45P.txt,3.517,-9.698,10.679
51P.txt,4.472,3.356,2.465
3P.txt,9.512,-6.999,-9.685
79P.txt,6.761,0.894,-6.011
92P.txt,4.553,-6.64,-2.632
78P.txt,5.671,-1.139,-1.234
50P.txt,3.814,3.091,7.135
52P.txt,10.574,4.862,4.103
46P.txt,1.816,-3.631,14.207
91P.txt,2.332,-5.81,-5.592
85P.txt,2.572,1.966,-17.112
90P.txt,3.81,-6.216,-9.208
47P.txt,2.842,-1.582,10.458
37P.txt,5.215,-5.503,8.947
33P.txt,9.426,2.789,-0.689
