157P.txt,-2.51,39.225,18.444
161P.txt,-4.97,33.781,18.46
164P.txt,-6.456,30.608,21.873
165P.txt,-6.644,27.484,18.547
58P.txt,-19.076,21.768,21.087
59P.txt,-16.064,22.626,17.607
60P.txt,-15.074,18.637,17.255
61P.txt,-12.636,15.805,15.657
62P.txt,-15.759,20.712,12.422
65P.txt,-13.472,22.328,7.727
66P.txt,-13.804,26.127,9.559
67P.txt,-7.798,25.655,10.532
64.txt,-8.143,20.18,11.088
65.txt,-13.472,22.328,7.727
66.txt,-13.804,26.127,9.559
67.txt,-7.798,25.655,10.532
68.txt,-4.559,23.903,6.4
69.txt,-4.301,19.575,8.513
70.txt,-1.141,21.191,5.713
71.txt,-0.533,24.598,8.182
