1481P.txt,1.918,-12.216,-68.098
1442P.txt,37.249,-15.013,-65.414
1468P.txt,17.058,-12.441,-56.216
1482P.txt,1.586,-9.565,-70.9
1469P.txt,16.744,-15.915,-54.605
1441P.txt,37.68,-18.423,-60.779
1444P.txt,40.0,-15.396,-70.113
1484P.txt,6.217,-5.499,-67.896
1435P.txt,40.944,-28.114,-64.56
1557P.txt,4.35,-38.49,-76.834
1620P.txt,21.72,-28.691,-64.135
1436P.txt,38.642,-23.372,-65.092
1556P.txt,5.776,-34.321,-79.762
1432P.txt,43.153,-28.102,-69.32
1618P.txt,27.094,-32.357,-60.115
1590P.txt,17.057,-9.06,-75.651
1547P.txt,4.407,-23.182,-82.256
1592P.txt,22.78,-7.277,-77.424
1549P.txt,0.457,-24.93,-88.133
1615P.txt,25.268,-32.303,-66.049
1577P.txt,3.876,-43.662,-71.943
1502P.txt,6.568,-6.794,-77.735
1463P.txt,23.925,-9.684,-57.044
1503P.txt,7.102,-3.284,-80.085
1500P.txt,9.4,-5.855,-71.733
1504P.txt,11.816,-6.498,-80.349
1470P.txt,13.362,-13.172,-53.373
1471P.txt,13.164,-11.333,-57.678
1459P.txt,28.428,-11.835,-69.765
