12P.txt,3.107,21.258,53.164
13P.txt,4.546,17.333,51.676
16P.txt,11.29,20.056,54.358
17P.txt,14.827,18.441,52.23
22P.txt,20.346,27.36,38.545
23P.txt,21.875,27.084,42.756
25P.txt,20.738,24.962,49.502
26P.txt,22.794,20.445,47.856
27P.txt,18.417,21.195,52.107
28P.txt,18.65,16.493,53.742
38P.txt,19.093,14.892,36.559
39P.txt,20.033,8.971,35.111
42P.txt,23.771,11.99,38.642
44P.txt,26.067,18.014,41.065
45P.txt,27.52,17.619,45.376
46P.txt,23.843,14.852,47.521
47P.txt,26.565,12.17,48.961
50P.txt,25.157,3.204,46.395
53P.txt,24.439,7.147,42.459
72P.txt,10.771,2.211,50.999
79P.txt,19.384,8.952,52.54
81P.txt,12.559,9.892,55.35
82P.txt,7.817,11.138,51.593
83P.txt,5.719,7.731,52.653
100.txt,7.559,25.707,36.327
103.txt,13.812,23.869,33.319
104.txt,12.166,28.28,34.9
36.txt,11.965,16.491,34.334
37.txt,16.479,13.746,32.222
58.txt,15.396,8.886,33.554
60.txt,10.533,10.486,33.042
61.txt,6.31,12.862,33.611
62.txt,6.243,8.225,33.402
96.txt,4.02,19.989,37.175
99.txt,8.202,19.752,33.929
