1626P.txt,11.732,27.05,24.335
1627P.txt,14.366,23.639,25.496
1630P.txt,15.024,19.958,22.004
1634P.txt,12.758,13.159,22.109
1636P.txt,6.738,13.396,18.447
1643P.txt,1.866,4.647,18.035
2571P.txt,12.199,18.015,31.546
2575P.txt,10.883,22.334,33.901
2578P.txt,9.861,25.499,39.074
2579P.txt,8.29,28.942,35.591
4567P.txt,-0.948,6.679,38.716
4574P.txt,-4.819,16.261,39.882
4577P.txt,-4.659,22.57,37.241
4581P.txt,-6.71,27.412,40.998
564P.txt,-4.863,5.108,25.666
565P.txt,-2.899,7.335,31.144
567P.txt,-0.878,10.81,24.867
568P.txt,-4.206,11.914,29.039
571P.txt,-3.495,14.661,25.25
572P.txt,-1.428,18.192,30.172
574P.txt,1.531,19.846,25.356
575P.txt,-3.296,22.774,28.925
579P.txt,-2.62,27.436,31.297
581P.txt,4.613,30.074,27.418
582P.txt,0.985,32.914,27.905
583P.txt,2.089,34.532,30.96
584P.txt,5.448,35.729,31.746
1643.txt,1.866,4.647,18.035
4570.txt,-1.654,11.66,37.2
4573.txt,-0.454,16.825,36.066
4574.txt,-4.819,16.261,39.882
4577.txt,-4.659,22.57,37.241
564.txt,-4.863,5.108,25.666
565.txt,-2.899,7.335,31.144
567.txt,-0.878,10.81,24.867
568.txt,-4.206,11.914,29.039
569.txt,0.11,12.744,30.685
571.txt,-3.495,14.661,25.25
572.txt,-1.428,18.192,30.172
574.txt,1.531,19.846,25.356
575.txt,-3.296,22.774,28.925
578.txt,0.774,26.975,27.243
579.txt,-2.62,27.436,31.297
