121P.txt,-10.739,-65.508,53.352
128P.txt,-15.308,-64.222,52.17
174P.txt,-7.359,-87.855,66.441
34P.txt,-21.168,-66.233,54.817
40P.txt,-27.67,-73.927,56.767
42P.txt,-26.34,-77.011,60.999
43P.txt,-21.471,-77.218,61.539
44P.txt,-20.691,-81.304,61.26
46P.txt,-14.434,-78.564,62.007
59P.txt,1.066,-78.341,60.88
64P.txt,-13.192,-82.919,58.202
65P.txt,-16.476,-85.862,58.235
66P.txt,-16.29,-87.246,54.63
72P.txt,-11.83,-88.984,57.022
73P.txt,-11.137,-84.956,55.294
74P.txt,-7.43,-85.876,57.126
75P.txt,-7.535,-77.405,56.238
76P.txt,-3.076,-80.027,56.014
77P.txt,-3.713,-75.529,54.782
92P.txt,3.459,-71.214,51.159
93P.txt,-1.015,-67.474,50.209
94P.txt,2.377,-69.757,46.424
95P.txt,1.773,-73.685,47.862
96P.txt,-3.022,-72.292,49.035
97P.txt,-5.551,-70.702,43.859
98P.txt,-8.375,-70.39,46.578
100.txt,-6.281,-63.616,47.092
101.txt,-5.839,-62.87,52.077
103.txt,-5.481,-62.737,58.216
120.txt,-8.971,-60.897,57.646
121.txt,-10.739,-65.508,53.352
122.txt,-9.441,-62.517,49.918
3.txt,-17.698,-55.103,56.476
4.txt,-13.845,-56.563,57.483
5.txt,-12.867,-56.577,60.796
6.txt,-9.372,-54.386,61.957
7.txt,-6.162,-57.122,62.678
8.txt,-5.931,-52.82,65.41
83.txt,3.125,-58.712,64.032
84.txt,-0.045,-58.032,67.417
87.txt,-1.346,-61.802,64.676
89.txt,-0.138,-65.549,57.888
9.txt,-10.716,-53.826,65.871
