15P.txt,17.587,31.781,-5.058
16P.txt,21.386,33.666,-4.31
17P.txt,22.785,33.758,1.164
19P.txt,22.641,38.761,0.232
22P.txt,21.908,46.177,-6.691
37P.txt,20.69,40.774,-6.244
39P.txt,23.199,37.806,-7.607
4P.txt,9.408,51.295,-16.924
40P.txt,20.954,35.449,-8.78
41P.txt,17.824,35.208,-10.888
42P.txt,15.181,38.312,-10.406
43P.txt,13.452,41.993,-10.894
44P.txt,14.771,44.49,-15.181
46P.txt,18.149,45.625,-9.795
47P.txt,18.262,50.085,-10.69
48P.txt,24.531,49.592,-9.661
5P.txt,6.034,47.747,-16.774
52P.txt,20.233,53.807,-12.922
56P.txt,14.902,54.589,-15.412
6P.txt,11.17,47.512,-14.708
10.txt,8.278,42.967,-4.401
11.txt,11.868,44.205,-3.376
12.txt,13.716,39.575,-6.226
13.txt,16.391,38.729,-3.625
17.txt,22.785,33.758,1.164
19.txt,22.641,38.761,0.232
21.txt,23.727,47.225,-2.266
23.txt,20.017,51.23,-4.806
24.txt,13.604,49.256,-4.602
26.txt,8.541,51.911,-3.412
28.txt,3.63,52.325,-1.78
31.txt,11.058,56.838,-2.737
32.txt,14.199,55.215,-5.168
33.txt,13.601,52.755,-1.619
34.txt,19.281,49.899,1.072
36.txt,21.006,43.799,0.255
50.txt,19.66,56.248,-6.037
