28P.txt,76.098,46.594,106.681
89P.txt,69.728,45.076,95.402
88P.txt,68.207,46.102,91.438
64P.txt,83.533,20.753,102.416
170P.txt,48.631,10.474,88.443
195P.txt,57.169,46.08,90.784
57P.txt,73.2,14.323,111.811
142P.txt,65.743,43.565,113.412
80P.txt,79.322,42.349,91.588
143P.txt,63.553,42.761,108.618
56P.txt,68.85,11.792,114.429
194P.txt,54.945,43.672,94.432
54P.txt,64.715,12.273,112.562
83P.txt,80.854,46.929,89.42
169P.txt,50.733,9.367,91.673
82P.txt,81.171,48.322,94.544
79P.txt,84.799,41.514,97.34
193P.txt,51.42,42.094,89.277
86P.txt,69.292,49.957,95.134
144P.txt,58.698,42.228,110.029
87P.txt,66.305,48.13,93.209
192P.txt,57.421,40.817,88.409
85P.txt,71.696,49.252,91.877
84P.txt,74.63,46.209,92.133
90P.txt,63.866,45.17,96.673
27P.txt,70.858,45.675,106.488
30P.txt,82.035,43.15,106.808
