289P.txt,5.775,3.774,3.59
248P.txt,7.429,17.781,18.56
274P.txt,19.051,18.42,6.359
265P.txt,-0.237,5.347,1.524
313P.txt,3.053,11.643,-12.832
189P.txt,-10.851,20.134,-4.554
217P.txt,-3.54,17.691,13.185
207P.txt,8.061,28.428,12.203
206P.txt,7.807,31.637,9.33
205P.txt,2.924,29.753,8.934
208P.txt,10.717,26.262,15.522
181P.txt,-3.061,27.884,9.006
143P.txt,11.92,29.572,8.306
180P.txt,-0.203,23.166,12.788
209P.txt,9.867,21.512,12.493
182P.txt,-6.645,23.42,7.084
178P.txt,5.61,26.378,15.965
144P.txt,14.52,27.643,6.655
179P.txt,0.846,27.77,13.788
243P.txt,13.302,19.284,8.422
308P.txt,10.662,14.053,-8.212
279P.txt,22.3,10.552,11.517
319P.txt,-2.278,3.156,-5.657
244P.txt,15.973,17.765,11.637
246P.txt,13.172,21.843,17.13
247P.txt,10.106,20.82,19.422
