267P.txt,-26.298,-20.387,15.205
138P.txt,4.3,-20.912,29.066
176P.txt,16.047,-10.47,21.626
165P.txt,-1.161,-10.094,18.631
171P.txt,8.797,-7.88,17.399
170P.txt,6.292,-7.116,20.98
172P.txt,11.604,-5.468,17.987
166P.txt,1.072,-7.459,15.411
167P.txt,2.169,-6.043,18.95
173P.txt,9.621,-7.42,23.26
94P.txt,-14.934,-8.713,-4.195
180P.txt,20.531,-13.908,23.262
182P.txt,22.62,-20.432,25.363
169P.txt,6.156,-2.014,20.098
97P.txt,-10.593,-11.668,-8.818
168P.txt,4.625,-3.162,16.347
183P.txt,26.079,-22.948,23.087
187P.txt,21.072,-26.79,18.116
93P.txt,-11.615,-6.097,-6.696
179P.txt,17.796,-13.623,18.384
219P.txt,-28.046,-19.944,0.14
184P.txt,21.777,-26.363,22.661
268P.txt,-26.465,-16.981,13.65
136P.txt,10.294,-17.623,31.052
137P.txt,7.058,-18.589,32.482
269P.txt,-25.8,-14.21,17.263
133P.txt,10.033,-23.72,30.59
