106P.txt,55.375,-16.683,-4.564
109P.txt,53.2,-23.35,-2.082
112P.txt,51.392,-21.253,-5.911
113P.txt,48.384,-23.231,-5.054
114P.txt,44.469,-23.995,-0.995
116P.txt,47.264,-16.092,-6.326
117P.txt,42.414,-15.74,-6.522
118P.txt,40.915,-15.983,-3.507
119P.txt,37.834,-12.704,-1.262
121P.txt,38.54,-8.532,1.933
122P.txt,36.834,-12.646,3.631
125P.txt,34.783,-9.232,4.804
128P.txt,35.233,-5.162,14.213
21P.txt,57.5,-5.064,0.318
22P.txt,51.196,-4.628,-1.377
24P.txt,46.33,-7.432,1.604
33P.txt,43.762,-21.783,7.76
34P.txt,45.277,-22.997,3.655
35P.txt,51.133,-23.235,5.747
5P.txt,38.413,-15.343,11.454
62P.txt,67.676,-21.782,1.604
7P.txt,42.546,-13.005,17.673
70P.txt,71.358,-31.098,5.367
73P.txt,71.643,-22.345,3.081
