103P.txt,-35.954,-2.913,2.174
106P.txt,-34.043,-2.897,-1.62
109P.txt,-33.533,2.742,-6.869
112P.txt,-34.299,-1.514,-6.537
113P.txt,-32.616,-1.161,-10.789
114P.txt,-27.768,-0.082,-12.93
116P.txt,-30.592,-6.819,-6.982
117P.txt,-27.7,-9.552,-9.823
118P.txt,-24.793,-8.058,-10.616
119P.txt,-20.118,-9.565,-10.292
125P.txt,-12.499,-7.487,-9.898
128P.txt,-4.621,-3.435,-4.076
21P.txt,-27.341,-6.52,8.86
22P.txt,-24.644,-9.153,4.148
33P.txt,-21.135,4.621,-10.148
34P.txt,-24.924,2.953,-10.81
35P.txt,-27.59,6.551,-6.352
45P.txt,-35.618,19.437,-5.573
47P.txt,-41.453,15.464,-7.542
48P.txt,-41.712,14.739,-3.118
61P.txt,-40.223,13.396,2.496
62P.txt,-39.332,8.879,5.757
68P.txt,-36.084,22.662,1.341
73P.txt,-40.639,11.586,9.294
