109P.txt,-28.777,-13.869,-25.178
110P.txt,-26.35,-11.628,-23.036
125P.txt,-12.589,-35.467,-13.301
128P.txt,-12.85,-40.051,-11.939
129P.txt,-16.345,-42.465,-13.874
137P.txt,-28.804,-36.281,-4.683
144P.txt,-45.077,-36.142,-9.399
148P.txt,-51.312,-38.901,-14.39
150P.txt,-48.962,-34.032,-12.196
186P.txt,-33.286,-53.24,-8.747
187P.txt,-40.557,-45.335,-6.297
188P.txt,-37.523,-43.209,-5.326
192P.txt,-41.764,-37.22,-18.033
193P.txt,-39.747,-33.648,-17.872
215P.txt,-33.722,-44.13,-21.782
216P.txt,-36.989,-44.529,-19.378
217P.txt,-39.342,-46.996,-18.194
218P.txt,-43.48,-45.475,-19.323
222P.txt,-41.415,-49.656,-12.375
87P.txt,-27.045,-21.579,-31.949
90P.txt,-26.828,-30.373,-31.27
92P.txt,-22.757,-34.403,-33.623
93P.txt,-22.524,-38.588,-32.775
94P.txt,-29.141,-37.782,-30.792
95P.txt,-30.402,-40.387,-34.206
97P.txt,-33.428,-47.95,-30.549
98P.txt,-28.252,-46.172,-29.803
99P.txt,-29.802,-42.936,-27.295
