101P.txt,100.548,-1.291,-30.927
108P.txt,92.605,14.349,-32.865
109P.txt,92.322,18.174,-31.417
112P.txt,85.397,23.784,-28.503
113P.txt,89.318,20.687,-26.426
114P.txt,88.915,22.577,-22.142
115P.txt,91.581,22.372,-19.725
128P.txt,106.024,9.326,-19.292
134P.txt,111.574,24.574,-14.788
135P.txt,115.593,26.209,-13.275
136P.txt,112.58,20.026,-10.416
137P.txt,117.398,17.401,-12.696
138P.txt,117.847,15.74,-8.567
139P.txt,115.344,12.974,-9.533
140P.txt,120.57,11.06,-15.056
141P.txt,115.537,8.947,-14.264
142P.txt,112.695,9.594,-16.111
143P.txt,109.964,6.967,-13.502
150P.txt,96.97,-1.537,-3.913
36P.txt,78.368,23.302,-25.169
39P.txt,72.516,14.538,-31.028
49P.txt,90.499,-6.139,-33.76
62P.txt,78.055,24.165,-29.855
63P.txt,76.997,27.018,-27.116
