252P.txt,-47.108,20.956,-19.971
253P.txt,-46.157,17.41,-22.797
266P.txt,-78.924,-1.147,-15.013
268P.txt,-73.608,1.562,-21.269
269P.txt,-68.495,2.677,-19.663
270P.txt,-71.217,4.58,-24.528
271P.txt,-75.308,6.1,-20.347
275P.txt,-70.432,11.741,-25.216
276P.txt,-67.098,16.741,-22.808
284P.txt,-46.485,24.251,-15.212
310P.txt,-54.447,6.491,-18.214
313P.txt,-45.784,6.014,-19.586
314P.txt,-48.189,6.843,-15.11
315P.txt,-52.04,4.449,-14.105
316P.txt,-51.937,7.697,-10.243
317P.txt,-56.603,3.633,-8.912
318P.txt,-58.741,7.536,-5.698
319P.txt,-61.252,5.033,-4.156
321P.txt,-68.696,3.249,-0.418
323P.txt,-73.529,4.188,2.238
326P.txt,-84.809,1.518,0.457
327P.txt,-84.292,7.523,1.713
328P.txt,-88.329,9.271,0.429
329P.txt,-85.35,13.606,-2.984
