10P.txt,-11.844,7.506,-40.096
11P.txt,-7.617,8.166,-42.289
12P.txt,-5.249,2.669,-42.984
135P.txt,22.461,2.237,-21.024
142P.txt,-1.679,0.561,-22.534
159P.txt,0.665,-3.194,-19.198
160P.txt,3.07,-4.59,-22.044
161P.txt,7.007,-3.663,-20.163
168P.txt,18.662,-4.173,-28.421
174P.txt,3.571,-10.975,-28.005
20P.txt,7.415,3.37,-41.118
22P.txt,7.41,7.938,-36.807
24P.txt,8.589,11.477,-29.918
34P.txt,-5.698,6.801,-33.211
37P.txt,-8.848,-1.823,-37.261
4P.txt,0.074,13.48,-27.971
40P.txt,-6.608,2.716,-29.098
42P.txt,-1.65,4.464,-24.29
5P.txt,-2.178,12.502,-30.973
50P.txt,22.489,6.576,-17.166
51P.txt,23.282,7.27,-21.068
6P.txt,-0.713,9.911,-33.423
7P.txt,-3.937,9.523,-35.784
9P.txt,-10.173,6.12,-36.934
