14P.txt,38.314,31.415,-7.709
15P.txt,39.784,29.19,-10.653
173P.txt,-7.741,-19.688,-0.937
178P.txt,-9.312,-25.595,-1.983
179P.txt,-12.444,-28.691,-2.928
180P.txt,-10.55,-32.054,-2.032
182P.txt,-12.723,-28.97,-8.185
190P.txt,-17.713,-35.077,-18.08
264P.txt,-1.626,-6.984,-11.566
266P.txt,-1.746,-7.198,-5.204
269P.txt,-3.43,-8.377,0.036
270P.txt,-6.949,-11.499,-2.123
271P.txt,-3.943,-14.932,-0.458
272P.txt,-1.657,-13.628,1.644
274P.txt,2.436,-9.575,1.041
275P.txt,6.73,-11.245,-0.099
290P.txt,8.012,-20.051,-4.148
293P.txt,7.125,-16.886,0.206
330P.txt,2.107,0.652,-25.03
382P.txt,14.046,4.925,-44.785
383P.txt,11.458,8.16,-45.913
384P.txt,13.361,11.736,-43.417
385P.txt,11.469,10.27,-40.663
386P.txt,13.857,13.06,-38.538
388P.txt,12.38,14.748,-31.366
403P.txt,22.76,2.397,-42.749
443P.txt,42.116,20.385,-12.569
444P.txt,42.751,24.951,-13.578
79P.txt,30.989,-7.336,-49.812
80P.txt,32.794,-10.629,-49.153
81P.txt,27.991,-11.987,-50.527
82P.txt,25.001,-14.654,-51.217
83P.txt,28.44,-17.076,-50.259
85P.txt,27.079,-18.257,-45.635
