1P.txt,-27.228,20.501,-54.941
140P.txt,8.766,57.187,-68.355
141P.txt,7.27,53.748,-64.982
142P.txt,11.995,54.411,-63.36
174P.txt,1.039,76.889,-66.052
175P.txt,-2.001,75.833,-63.593
181P.txt,-3.218,62.03,-54.528
2P.txt,-23.104,16.622,-56.129
202P.txt,6.452,72.641,-52.543
28P.txt,-26.716,16.808,-47.201
29P.txt,-26.633,12.683,-45.557
30P.txt,-30.258,10.391,-45.227
31P.txt,-27.409,7.923,-43.368
32P.txt,-29.567,9.979,-37.562
33P.txt,-23.383,8.496,-38.766
34P.txt,-23.113,10.757,-41.615
35P.txt,-19.037,12.053,-40.816
36P.txt,-17.85,15.974,-42.662
37P.txt,-12.091,14.691,-42.022
73P.txt,-13.346,14.542,-47.06
75P.txt,-18.947,9.708,-47.238
78P.txt,-20.685,5.247,-50.271
79P.txt,-22.518,8.02,-53.142
80P.txt,-15.972,9.88,-50.822
81P.txt,-19.068,13.528,-52.419
82P.txt,-13.032,16.139,-52.611
86P.txt,-5.546,28.128,-51.798
88P.txt,-4.009,33.508,-50.915
