124P.txt,-10.877,70.183,0.521
125P.txt,-5.067,71.74,2.486
156P.txt,-20.256,83.903,-6.205
186P.txt,-4.428,66.565,-7.552
188P.txt,-1.919,67.212,-0.72
190P.txt,4.899,68.676,1.71
191P.txt,1.453,71.184,5.547
192P.txt,2.508,73.27,-0.432
222P.txt,-1.522,83.379,-2.274
257P.txt,5.073,57.024,-2.26
266P.txt,5.711,57.637,-33.021
268P.txt,11.197,55.27,-31.866
270P.txt,12.449,57.341,-36.397
312P.txt,-2.441,39.426,-31.735
372P.txt,9.436,44.348,-9.187
375P.txt,12.845,48.853,-8.576
377P.txt,17.826,47.681,-14.289
378P.txt,18.584,43.598,-15.526
395P.txt,26.854,64.284,-23.369
427P.txt,-2.498,37.903,-20.915
431P.txt,-9.541,34.469,-22.983
433P.txt,-15.203,38.148,-24.762
527P.txt,-40.66,33.652,-13.847
534P.txt,-27.435,31.963,-9.492
542P.txt,-45.289,43.036,-5.154
543P.txt,-43.495,45.1,-8.478
552P.txt,-38.417,48.397,0.827
553P.txt,-41.365,44.777,0.303
554P.txt,-40.212,42.537,2.99
556P.txt,-35.659,38.556,-2.002
559P.txt,-38.132,29.601,-3.45
560P.txt,-42.618,31.512,-4.067
561P.txt,-44.359,33.024,-7.911
562P.txt,-47.627,34.658,-5.406
563P.txt,-50.889,34.628,-7.859
564P.txt,-51.103,37.008,-11.428
