102P.txt,37.715,291.262,-59.388
103P.txt,39.23,290.573,-62.789
109P.txt,42.949,288.202,-72.304
113P.txt,40.697,291.899,-76.309
116P.txt,34.489,293.95,-72.832
119P.txt,26.196,291.093,-80.966
121P.txt,22.345,287.042,-78.938
123P.txt,29.491,284.214,-80.845
32P.txt,35.693,279.64,-76.25
33P.txt,35.804,280.986,-81.22
34P.txt,37.966,284.546,-79.843
75P.txt,42.176,278.215,-55.936
76P.txt,39.52,275.096,-58.575
77P.txt,40.281,272.147,-55.773
78P.txt,41.308,270.529,-60.455
8P.txt,28.95,274.753,-76.716
89P.txt,32.133,269.688,-66.306
9P.txt,24.847,276.195,-76.591
91P.txt,36.342,273.959,-67.08
96P.txt,31.032,279.007,-62.171
97P.txt,35.568,279.927,-57.829
