401P.txt,18.368,93.886,65.304
430P.txt,-1.285,93.435,61.641
486P.txt,11.105,101.72,39.969
493P.txt,19.441,96.575,43.223
495P.txt,25.243,91.596,42.5
509P.txt,37.318,63.747,64.572
510P.txt,38.696,64.414,60.302
511P.txt,34.825,60.958,62.714
512P.txt,32.19,64.43,63.955
525P.txt,28.058,80.96,63.533
528P.txt,32.984,84.694,59.814
535P.txt,31.524,85.592,42.535
536P.txt,29.288,81.228,41.898
537P.txt,25.081,78.316,43.714
539P.txt,30.314,78.778,46.884
540P.txt,33.57,74.772,51.073
542P.txt,38.388,75.659,54.112
544P.txt,42.097,75.69,60.784
546P.txt,41.906,77.538,67.538
547P.txt,42.951,75.173,70.038
548P.txt,40.721,78.859,72.492
549P.txt,38.182,79.212,68.473
550P.txt,37.857,73.942,69.485
560P.txt,22.614,82.067,44.706
561P.txt,18.676,84.038,44.302
562P.txt,18.414,85.943,41.042
563P.txt,18.184,90.37,41.656
576P.txt,9.812,93.47,75.066
588P.txt,-1.339,109.992,68.093
