102P.txt,155.745,368.903,673.38
103P.txt,153.176,370.541,679.555
118P.txt,139.456,382.035,654.449
120P.txt,139.33,382.509,649.603
121P.txt,140.306,385.861,651.912
131P.txt,155.164,376.289,647.168
133P.txt,161.326,371.811,647.072
136P.txt,157.558,367.474,649.326
137P.txt,151.416,366.123,647.581
138P.txt,152.48,363.282,645.113
139P.txt,157.192,365.411,644.261
140P.txt,155.183,368.461,644.118
141P.txt,156.129,371.698,644.703
205P.txt,150.52,388.295,672.409
206P.txt,152.283,391.932,672.737
208P.txt,157.173,394.851,665.126
209P.txt,158.875,389.841,664.712
214P.txt,170.922,386.019,655.743
215P.txt,172.759,383.337,653.232
216P.txt,170.369,381.424,656.903
217P.txt,173.202,376.527,655.553
218P.txt,171.296,374.984,651.079
219P.txt,168.245,372.711,655.121
220P.txt,165.704,370.371,652.791
221P.txt,167.567,373.709,649.61
263P.txt,151.251,361.854,677.076
264P.txt,154.456,363.005,674.732
265P.txt,156.079,358.397,674.815
