109P.txt,-8.458,-57.695,-20.152
111P.txt,-1.055,-53.878,-21.545
114P.txt,-2.45,-49.371,-16.834
138P.txt,-24.806,-43.936,-27.543
141P.txt,-23.692,-44.313,-38.418
142P.txt,-21.643,-48.077,-38.781
143P.txt,-18.722,-45.556,-39.944
144P.txt,-18.363,-42.661,-36.376
145P.txt,-20.712,-47.446,-33.167
155P.txt,-13.419,-49.015,-43.582
28P.txt,-24.96,-35.702,-19.62
29P.txt,-26.366,-34.324,-17.152
33P.txt,-23.238,-39.163,-7.836
34P.txt,-19.217,-37.408,-7.417
45P.txt,-14.503,-38.512,-39.843
52P.txt,-4.138,-31.697,-34.052
58P.txt,-8.668,-43.18,-41.371
66P.txt,0.207,-42.042,-33.903
67P.txt,1.048,-39.115,-31.799
68P.txt,2.95,-41.104,-28.556
79P.txt,-15.139,-26.218,-23.769
81P.txt,-17.359,-25.718,-18.256
82P.txt,-19.281,-28.419,-24.623
83P.txt,-21.607,-32.193,-23.715
84P.txt,-20.293,-31.329,-27.686
85P.txt,-16.625,-29.757,-28.022
