28P.txt,-14.985,1.414,-1.857
17P.txt,-15.234,5.648,1.332
39P.txt,-14.925,24.12,-4.027
63P.txt,-6.825,1.321,5.009
60P.txt,-13.544,11.262,4.311
48P.txt,-25.548,1.47,-7.534
58P.txt,-17.869,15.97,1.547
65P.txt,-4.9,-3.974,0.795
67P.txt,-4.209,-8.8,4.225
57P.txt,-14.507,18.944,1.979
51P.txt,-19.476,8.909,-13.323
46P.txt,-18.572,0.842,-5.741
47P.txt,-22.692,1.232,-4.703
53P.txt,-21.038,17.062,-8.395
20P.txt,-25.555,8.886,-2.652
21P.txt,-27.913,12.786,-4.712
23P.txt,-27.735,8.241,1.587
22P.txt,-30.195,10.632,-2.674
26P.txt,-18.924,8.878,4.702
27P.txt,-22.15,5.0,0.808
25P.txt,-24.682,7.322,5.715
24P.txt,-26.477,11.559,3.749
