276P.txt,-35.547,28.243,-4.943
128P.txt,-14.471,21.039,5.191
288P.txt,-26.603,35.323,7.549
116P.txt,-12.265,41.433,2.208
272P.txt,-36.658,24.695,8.508
162P.txt,-1.725,33.42,-5.257
228P.txt,-25.963,31.996,18.964
207P.txt,-16.831,28.41,9.803
158P.txt,-3.763,35.937,-0.24
206P.txt,-13.154,26.631,11.234
238P.txt,-23.457,14.633,13.857
195P.txt,-6.816,26.69,-12.852
180P.txt,2.936,22.464,10.997
196P.txt,-7.762,26.511,-17.122
141P.txt,-6.21,15.337,8.838
197P.txt,-11.312,22.062,-15.64
187P.txt,7.457,16.571,3.348
185P.txt,7.324,18.998,8.591
224P.txt,-36.71,30.867,16.257
121P.txt,-4.479,38.781,4.837
120P.txt,-7.758,35.96,2.6
137P.txt,-7.689,11.632,-2.896
279P.txt,-30.403,37.202,-4.373
126P.txt,-7.232,22.944,7.844
291P.txt,-16.988,36.596,11.809
246P.txt,-24.515,25.106,2.973
125P.txt,-5.435,26.407,9.935
