276P.txt,-27.32,58.325,-34.798
263P.txt,-30.536,49.288,-42.062
339P.txt,-36.397,38.155,-38.967
299P.txt,-10.816,54.174,-34.284
76P.txt,-21.061,35.171,-16.607
216P.txt,-22.015,41.101,-37.026
202P.txt,9.266,36.807,-40.869
174P.txt,7.607,31.677,-45.192
389P.txt,-11.224,26.132,-51.514
48P.txt,-26.686,26.782,-4.339
367P.txt,-6.592,39.808,-52.919
373P.txt,-21.782,29.476,-53.334
65P.txt,-20.885,19.41,-17.299
238P.txt,-25.978,16.011,-22.418
66P.txt,-21.52,25.036,-17.748
383P.txt,-16.39,22.232,-44.872
81P.txt,-14.804,42.158,-17.866
95P.txt,-10.05,36.734,-7.749
154P.txt,0.183,45.267,-26.232
55P.txt,-5.34,24.439,-4.048
51P.txt,-17.339,25.722,-5.922
79P.txt,-15.783,35.181,-17.501
78P.txt,-15.872,33.497,-12.902
52P.txt,-14.913,32.29,-1.4
46P.txt,-23.932,35.035,-7.835
53P.txt,-10.736,28.654,-3.033
37P.txt,-6.813,27.254,-17.733
241P.txt,-29.235,24.555,-20.515
296P.txt,-10.779,50.686,-26.486
250P.txt,-17.598,44.499,-28.693
287P.txt,-22.461,45.646,-21.114
333P.txt,-35.762,40.398,-20.285
