117P.txt,21.999,21.727,102.097
270P.txt,53.059,41.338,117.315
138P.txt,15.154,20.658,88.431
229P.txt,53.89,24.807,107.223
188P.txt,55.692,30.44,120.908
189P.txt,59.589,31.411,117.506
234P.txt,44.522,24.63,116.28
142P.txt,9.622,21.861,93.452
235P.txt,39.887,24.642,118.424
237P.txt,38.606,24.324,124.123
196P.txt,73.587,19.987,108.718
141P.txt,13.251,24.76,90.323
197P.txt,71.262,22.435,104.744
232P.txt,42.486,25.052,110.056
226P.txt,55.86,30.917,97.877
193P.txt,66.862,21.384,113.432
86P.txt,13.694,9.554,92.4
87P.txt,17.338,9.226,96.412
192P.txt,62.455,22.431,115.619
233P.txt,42.393,28.433,112.755
225P.txt,53.754,34.247,100.175
231P.txt,47.77,25.627,110.22
190P.txt,59.662,27.085,117.542
230P.txt,49.278,28.211,107.069
135P.txt,17.75,27.156,93.062
121P.txt,25.698,19.18,97.582
120P.txt,26.739,19.223,100.731
134P.txt,18.888,30.746,94.564
122P.txt,24.144,24.527,97.427
136P.txt,20.567,24.544,92.697
137P.txt,18.359,21.64,91.876
