262P.txt,24.085,28.563,9.054
100P.txt,19.376,17.371,-4.873
101P.txt,23.275,17.48,-4.764
103P.txt,26.027,21.212,-5.58
329P.txt,1.733,25.86,-4.401
328P.txt,4.834,22.85,-2.776
116P.txt,19.468,18.242,-12.875
102P.txt,24.587,18.459,-0.335
112P.txt,9.702,18.45,-7.571
113P.txt,11.75,21.316,-9.885
111P.txt,9.501,19.831,-2.096
105P.txt,20.278,20.132,-0.49
89P.txt,21.962,17.367,-28.187
373P.txt,22.407,91.616,-0.167
372P.txt,20.248,88.157,0.516
98P.txt,15.087,13.691,-2.251
99P.txt,17.612,13.182,-5.306
198P.txt,30.398,22.009,-5.87
94P.txt,12.513,17.906,-13.039
95P.txt,14.941,16.256,-9.601
97P.txt,15.506,18.92,-1.358
96P.txt,13.073,15.285,-6.438
93P.txt,12.326,14.422,-15.951
0P.txt,18.565,14.928,-29.062
91P.txt,17.179,13.704,-23.142
109P.txt,10.729,25.267,3.432
108P.txt,14.101,22.668,3.163
325P.txt,3.958,29.815,5.994
324P.txt,8.652,28.655,7.358
326P.txt,1.454,27.353,2.233
327P.txt,5.278,23.352,1.71
119P.txt,28.091,19.182,-16.526
