103P.txt,3.636,36.921,17.637
117P.txt,0.629,9.906,8.072
106P.txt,-3.73,32.399,25.405
105P.txt,-2.738,36.715,24.077
104P.txt,-2.424,35.687,19.709
110P.txt,-8.15,28.138,20.435
39P.txt,-2.393,27.317,28.06
89P.txt,10.566,25.665,7.55
88P.txt,5.811,24.571,9.473
58P.txt,6.066,33.393,18.317
80P.txt,12.864,37.882,19.125
56P.txt,9.565,38.274,23.129
83P.txt,16.849,37.333,12.467
82P.txt,15.504,37.725,15.92
92P.txt,18.513,19.63,10.595
91P.txt,14.875,20.698,7.446
85P.txt,10.84,32.161,12.997
84P.txt,17.004,33.778,13.24
34P.txt,8.258,41.119,27.268
109P.txt,-6.505,26.809,23.959
35P.txt,4.624,41.369,23.597
118P.txt,3.456,6.822,7.568
