110P.txt,50.349,-68.065,13.021
111P.txt,51.591,-70.237,8.516
113P.txt,56.987,-70.661,14.493
114P.txt,53.042,-74.02,11.826
117P.txt,54.386,-76.863,15.095
118P.txt,53.62,-79.526,11.856
120P.txt,59.195,-80.804,14.845
121P.txt,54.264,-83.626,14.803
124P.txt,58.043,-87.868,16.404
125P.txt,52.902,-88.783,13.786
128P.txt,55.98,-94.673,15.921
24P.txt,47.62,-89.375,13.19
27P.txt,45.094,-84.331,8.465
28P.txt,50.273,-83.425,9.84
31P.txt,48.187,-77.954,8.726
34P.txt,47.804,-76.023,3.096
75P.txt,54.167,-96.385,-8.216
