15P.txt,-18.496,-3.153,63.702
14P.txt,-17.811,1.26,59.38
17P.txt,-17.459,-2.431,70.794
13P.txt,-14.838,-3.167,56.925
10P.txt,-10.444,0.344,59.505
75P.txt,-48.566,10.859,66.424
48P.txt,-25.095,-6.333,57.123
71P.txt,-37.644,1.86,62.288
65P.txt,-44.454,-4.924,68.608
67P.txt,-38.655,-2.641,65.365
8P.txt,-8.571,-3.018,55.164
72P.txt,-43.184,2.505,61.612
5P.txt,-8.183,-6.906,45.41
43P.txt,-27.992,6.514,56.957
42P.txt,-29.361,3.194,59.123
4P.txt,-7.212,-2.19,41.562
68P.txt,-42.683,-1.042,65.36
6P.txt,-7.238,-2.094,46.691
7P.txt,-6.893,-4.467,51.478
45P.txt,-23.738,1.755,53.51
2P.txt,-14.3,-1.275,36.88
44P.txt,-24.923,4.17,55.999
47P.txt,-28.373,-2.708,56.411
1P.txt,-14.34,-1.932,31.974
