317P.txt,-4.57,40.601,-21.745
301P.txt,-12.853,17.924,-33.493
300P.txt,-12.922,15.56,-40.235
298P.txt,-14.336,17.275,-45.449
299P.txt,-13.556,22.904,-41.039
349P.txt,-14.195,29.556,-18.292
360P.txt,1.701,21.666,-40.427
359P.txt,-2.081,24.362,-40.013
354P.txt,-10.551,31.841,-33.198
355P.txt,-11.974,27.271,-34.037
396P.txt,-3.406,40.252,-10.759
357P.txt,-7.933,24.697,-37.265
395P.txt,-7.948,37.602,-7.472
352P.txt,-9.985,34.4,-25.611
353P.txt,-8.163,31.712,-29.53
347P.txt,-16.928,23.139,-19.263
392P.txt,-3.715,28.873,-8.535
351P.txt,-11.445,28.589,-25.769
350P.txt,-14.139,33.253,-21.827
323P.txt,3.475,27.884,-28.409
297P.txt,-12.771,19.67,-47.987
296P.txt,-8.938,23.297,-46.063
318P.txt,-5.867,38.329,-17.639
