114P.txt,13.295,-15.899,5.96
117P.txt,13.984,-14.783,11.103
61P.txt,-1.7,-35.712,12.801
75P.txt,-17.372,-12.624,6.186
160P.txt,9.155,-34.82,1.466
161P.txt,4.062,-35.647,2.908
48P.txt,6.083,-35.034,-7.462
165P.txt,1.188,-30.993,4.912
158P.txt,7.136,-39.43,6.078
156P.txt,13.652,-38.51,3.508
157P.txt,7.184,-40.533,0.54
182P.txt,-10.093,-7.474,3.655
155P.txt,11.04,-41.636,6.043
154P.txt,9.917,-38.665,9.704
51P.txt,-1.74,-30.101,-7.337
79P.txt,-15.002,-11.273,16.603
78P.txt,-15.609,-10.84,11.738
46P.txt,12.653,-31.894,-5.431
153P.txt,13.165,-39.274,12.441
20P.txt,-0.417,2.106,7.917
121P.txt,8.414,-9.365,11.983
23P.txt,-0.599,-0.132,4.826
27P.txt,3.673,-5.056,2.344
31P.txt,8.302,-10.908,1.887
124P.txt,7.202,-8.109,16.333
24P.txt,4.035,-2.398,9.044
