115P.txt,20.016,72.551,10.725
112P.txt,21.73,69.695,19.443
113P.txt,22.717,67.433,13.587
38P.txt,0.874,53.247,21.405
139P.txt,20.747,78.442,12.709
76P.txt,-4.921,56.562,7.234
163P.txt,22.474,77.066,17.596
162P.txt,20.432,77.342,20.901
88P.txt,21.526,61.657,12.428
63P.txt,20.506,56.845,13.851
49P.txt,6.872,49.187,5.919
65P.txt,21.451,62.324,6.722
211P.txt,20.428,84.308,27.916
43P.txt,18.318,51.968,16.089
45P.txt,19.772,54.189,9.159
51P.txt,1.465,49.483,10.257
87P.txt,21.959,62.149,16.788
52P.txt,-1.901,50.554,7.817
90P.txt,20.786,66.672,8.81
53P.txt,-3.489,50.917,11.7
34P.txt,2.988,49.302,21.609
35P.txt,-1.739,48.065,22.366
256P.txt,14.863,87.062,37.415
137P.txt,19.9,73.1,15.597
36P.txt,-3.925,51.183,21.46
32P.txt,7.118,46.705,19.387
33P.txt,2.571,47.138,16.982
30P.txt,13.204,46.068,15.585
