100P.txt,0.871,25.73,54.672
101P.txt,3.714,21.679,50.74
103P.txt,2.513,20.32,60.133
105P.txt,1.753,17.215,63.751
108P.txt,0.342,16.696,68.836
138P.txt,15.74,3.163,65.638
145P.txt,15.805,1.511,72.651
155P.txt,25.546,1.619,64.433
156P.txt,21.658,1.634,65.996
165P.txt,2.026,15.532,56.102
170P.txt,7.298,1.653,62.053
171P.txt,3.848,0.386,61.358
175P.txt,14.66,2.474,54.156
178P.txt,21.85,2.511,56.221
208P.txt,21.459,2.907,47.496
393P.txt,8.204,41.609,52.881
395P.txt,6.079,35.274,56.709
396P.txt,6.535,34.801,61.322
399P.txt,6.49,32.226,67.594
453P.txt,-1.325,36.466,46.35
454P.txt,1.206,40.184,49.086
455P.txt,-0.921,35.226,51.964
456P.txt,-1.394,35.686,55.778
457P.txt,1.589,36.055,59.3
458P.txt,-1.642,30.373,62.08
459P.txt,2.221,30.498,64.461
460P.txt,2.068,26.856,61.0
461P.txt,3.781,25.317,66.323
463P.txt,2.521,21.047,69.734
465P.txt,1.776,19.704,75.879
468P.txt,0.832,15.475,77.774
99P.txt,1.784,28.192,50.687
