198P.txt,-38.154,-44.664,33.892
199P.txt,-41.669,-40.292,33.307
200P.txt,-36.989,-38.86,35.192
203P.txt,-39.971,-34.12,31.99
279P.txt,-37.976,-25.096,40.068
281P.txt,-43.625,-23.528,40.826
282P.txt,-41.872,-24.456,36.796
284P.txt,-35.736,-22.967,36.246
413P.txt,-39.184,-48.701,32.422
429P.txt,-29.701,-43.884,41.613
433P.txt,-31.703,-39.701,44.685
434P.txt,-28.48,-36.823,47.93
436P.txt,-30.244,-30.457,42.092
437P.txt,-32.375,-32.243,37.161
497P.txt,-2.52,19.48,8.505
499P.txt,-6.628,18.92,5.233
500P.txt,-3.742,14.014,9.313
501P.txt,-6.3,11.575,8.256
567P.txt,7.732,7.7,9.185
568P.txt,4.418,9.51,9.376
620P.txt,-0.447,8.166,11.835
651P.txt,-1.78,0.118,6.515
673P.txt,-2.419,-2.466,-0.519
675P.txt,1.738,-2.665,-3.752
678P.txt,5.328,0.422,-2.482
679P.txt,0.701,0.481,0.722
680P.txt,3.142,2.921,5.393
682P.txt,7.593,1.574,2.038
694P.txt,13.612,-18.803,15.738
695P.txt,11.08,-20.352,17.961
697P.txt,9.55,-20.025,12.729
699P.txt,4.385,-18.89,15.491
748P.txt,-9.368,7.49,1.618
749P.txt,-5.68,5.991,2.494
829P.txt,7.557,-26.25,5.197
830P.txt,6.698,-24.297,9.584
832P.txt,0.02,-30.762,11.65
835P.txt,0.276,-30.27,5.827
