110P.txt,126.872,141.146,110.485
214P.txt,133.987,150.96,103.081
270P.txt,125.627,151.235,119.929
29P.txt,127.928,126.157,154.604
30P.txt,127.579,124.505,158.478
300P.txt,122.212,137.462,141.212
313P.txt,124.546,138.77,136.097
547P.txt,127.323,145.487,149.692
548P.txt,125.768,142.157,148.044
551P.txt,129.69,146.743,145.057
552P.txt,126.86,143.382,140.576
553P.txt,127.965,148.19,138.709
554P.txt,125.791,146.503,135.678
555P.txt,128.062,146.805,131.952
556P.txt,122.891,148.268,127.89
557P.txt,124.049,144.274,127.266
559P.txt,123.522,138.741,125.771
561P.txt,124.815,137.541,119.701
569P.txt,133.984,127.084,114.062
570P.txt,131.299,131.628,116.414
573P.txt,133.031,130.593,121.322
574P.txt,128.476,132.568,122.397
576P.txt,132.78,128.055,125.61
577P.txt,131.048,132.645,127.036
578P.txt,126.881,132.271,127.77
580P.txt,130.748,129.971,132.147
581P.txt,130.482,134.25,132.009
583P.txt,128.912,127.588,135.694
584P.txt,131.49,131.676,137.336
585P.txt,128.288,135.569,138.158
587P.txt,130.632,127.781,142.927
588P.txt,130.456,132.512,143.108
591P.txt,129.161,129.613,147.787
592P.txt,127.933,134.849,148.704
595P.txt,129.906,132.294,152.745
599P.txt,129.475,135.276,158.65
