109P.txt,-6.351,29.798,25.611
110P.txt,-9.21,25.863,25.39
111P.txt,-10.589,23.008,25.397
112P.txt,-10.347,19.086,27.738
115P.txt,-15.191,22.185,27.898
126P.txt,-26.476,27.423,40.86
13P.txt,-7.713,10.232,28.87
15P.txt,-1.931,12.835,26.142
18P.txt,4.841,17.343,26.423
227P.txt,13.864,34.341,18.12
231P.txt,7.526,36.511,21.882
24P.txt,2.648,27.17,24.023
26P.txt,-1.509,30.168,22.774
27P.txt,-3.464,35.175,19.583
28P.txt,-8.667,32.793,22.668
29P.txt,-9.029,35.671,19.791
30P.txt,-8.072,37.839,15.896
31P.txt,-11.319,38.841,19.753
336P.txt,20.668,28.887,-20.786
338P.txt,17.469,27.102,-23.854
34P.txt,0.614,36.224,20.889
363P.txt,11.784,26.63,1.811
433P.txt,3.62,33.054,0.777
434P.txt,1.241,33.428,-2.817
435P.txt,-1.004,27.686,-2.229
436P.txt,-1.859,27.528,-5.864
439P.txt,5.696,31.319,-14.231
440P.txt,0.563,34.727,-11.907
441P.txt,1.549,33.436,-7.943
444P.txt,2.838,38.638,-6.889
448P.txt,4.806,41.122,-2.607
451P.txt,7.376,46.717,-2.408
452P.txt,10.319,44.393,1.995
51P.txt,-15.93,15.418,30.283
53P.txt,-23.152,15.158,34.896
55P.txt,-25.709,18.248,38.797
553P.txt,1.976,50.955,-22.773
554P.txt,3.85,52.815,-18.477
