296P.txt,-16.129,-12.607,-30.136
297P.txt,-14.595,-10.92,-27.607
298P.txt,-12.689,-12.562,-23.229
299P.txt,-15.325,-8.958,-22.187
300P.txt,-13.126,-9.171,-16.996
301P.txt,-16.373,-10.029,-13.933
332P.txt,-14.657,-3.86,-21.626
334P.txt,-18.771,-9.835,-17.427
342P.txt,-33.584,-10.711,5.671
348P.txt,-33.679,-16.776,-4.454
350P.txt,-35.402,-15.249,-11.736
355P.txt,-24.392,-10.48,-20.452
373P.txt,-41.605,-12.708,-3.231
374P.txt,-39.238,-9.885,0.605
375P.txt,-35.495,-7.964,3.331
392P.txt,-40.29,-6.055,1.111
393P.txt,-41.384,-8.867,-3.859
394P.txt,-45.598,-6.639,-0.465
395P.txt,-46.0,-11.866,-1.157
396P.txt,-46.39,-14.858,-3.392
397P.txt,-46.29,-16.671,-6.48
398P.txt,-49.884,-15.608,-8.638
399P.txt,-50.384,-20.305,-8.502
