104P.txt,24.202,23.476,-4.718
105P.txt,19.209,21.483,-7.898
111P.txt,29.1,30.174,2.359
120P.txt,23.539,27.594,15.349
123P.txt,26.952,19.345,23.275
124P.txt,27.05,17.695,19.22
126P.txt,29.529,12.877,17.853
128P.txt,27.798,4.719,18.649
129P.txt,32.353,5.487,17.292
131P.txt,33.722,10.693,20.051
132P.txt,34.328,14.217,16.008
134P.txt,30.763,17.278,10.729
180P.txt,4.461,27.492,26.078
232P.txt,16.588,-5.17,9.378
233P.txt,19.702,-6.53,9.561
234P.txt,19.87,-10.199,10.505
237P.txt,16.513,-7.82,14.423
238P.txt,22.527,-10.283,17.347
246P.txt,21.654,-6.474,29.111
261P.txt,6.559,-4.736,9.492
265P.txt,9.841,-8.944,13.995
269P.txt,12.253,-12.175,17.695
273P.txt,4.243,-5.244,24.185
275P.txt,3.237,1.107,25.758
286P.txt,-3.831,17.742,12.151
289P.txt,-1.269,12.108,21.054
294P.txt,3.833,21.322,24.092
295P.txt,0.89,17.951,21.172
298P.txt,2.736,16.31,26.698
309P.txt,4.156,0.058,34.774
