303P.txt,-37.58,-4.444,45.611
101P.txt,-1.245,29.92,-54.851
103P.txt,-3.677,24.977,-48.193
102P.txt,-1.254,24.966,-50.643
270P.txt,-5.628,13.762,1.564
106P.txt,-5.981,31.484,-53.984
304P.txt,-38.473,-8.736,45.626
305P.txt,-34.53,-9.932,43.518
107P.txt,-6.613,34.411,-52.043
271P.txt,-8.112,14.865,3.976
267P.txt,-3.62,14.294,-4.666
306P.txt,-33.555,-11.357,48.952
104P.txt,-6.622,25.466,-51.431
76P.txt,-11.939,36.924,-48.434
77P.txt,-14.713,32.988,-48.791
214P.txt,-16.048,22.21,2.956
362P.txt,-30.53,-0.347,43.255
74P.txt,-10.843,30.856,-47.916
217P.txt,-12.742,21.248,-2.983
401P.txt,-8.402,10.401,48.53
98P.txt,-1.634,30.27,-42.569
403P.txt,-8.774,15.065,45.35
220P.txt,-14.512,26.147,-7.244
382P.txt,-14.462,15.54,47.478
4P.txt,-15.202,1.046,31.398
381P.txt,-16.936,10.927,49.136
222P.txt,-10.964,21.854,-12.204
219P.txt,-19.649,24.568,-6.095
351P.txt,-22.264,1.792,62.927
109P.txt,-4.021,34.323,-45.456
323P.txt,-15.153,11.008,34.433
322P.txt,-11.525,9.817,33.601
108P.txt,-1.742,33.711,-50.426
320P.txt,-9.853,6.331,39.628
