504P.txt,58.156,153.615,139.297
262P.txt,36.168,166.528,149.291
510P.txt,55.357,169.269,146.17
511P.txt,57.399,164.044,140.4
505P.txt,59.427,155.612,142.343
261P.txt,36.137,171.024,147.387
512P.txt,54.893,168.146,138.419
258P.txt,34.316,171.043,139.22
502P.txt,53.284,149.839,137.759
339P.txt,13.311,133.774,151.812
503P.txt,56.434,151.463,142.489
259P.txt,30.779,170.558,142.936
312P.txt,35.491,151.937,170.811
514P.txt,54.319,163.847,132.518
407P.txt,40.094,160.881,157.206
412P.txt,46.909,167.403,145.886
404P.txt,36.501,157.022,165.781
410P.txt,41.269,167.257,151.316
411P.txt,42.644,167.578,146.121
405P.txt,34.745,159.469,160.598
401P.txt,29.674,163.549,166.576
414P.txt,50.231,170.731,142.318
400P.txt,25.493,162.212,169.164
399P.txt,22.011,164.544,169.783
356P.txt,24.366,154.237,168.784
232P.txt,53.696,146.327,145.29
408P.txt,39.012,163.91,154.512
278P.txt,37.15,152.917,158.953
508P.txt,58.114,164.502,146.279
509P.txt,54.258,166.82,149.243
