14P.txt,-13.351,-3.443,58.641
13P.txt,-13.622,-7.022,53.209
62P.txt,-23.053,-18.624,56.074
63P.txt,-21.033,-14.604,58.417
64P.txt,-23.014,-13.135,50.898
58P.txt,-12.57,-12.836,52.893
59P.txt,-13.273,-15.999,54.211
65P.txt,-21.759,-8.774,52.859
43P.txt,-8.319,-2.33,47.304
42P.txt,-4.847,-4.344,48.375
4P.txt,-8.378,-8.71,52.914
40P.txt,-1.484,-2.606,53.7
54P.txt,-3.333,-19.92,64.048
2P.txt,-0.324,-11.104,55.15
44P.txt,-9.731,1.341,48.205
21P.txt,0.77,3.804,54.22
23P.txt,-2.998,5.196,60.732
27P.txt,-6.849,2.464,64.508
31P.txt,-8.916,-3.414,67.87
19P.txt,-4.7,3.364,48.917
