76P.txt,31.542,10.219,41.577
162P.txt,55.749,-2.039,43.302
200P.txt,53.352,12.934,27.109
216P.txt,38.025,-2.577,42.328
149P.txt,56.098,12.285,47.649
161P.txt,55.732,-3.147,39.056
217P.txt,35.859,0.52,41.654
213P.txt,42.262,-0.042,43.77
165P.txt,51.628,3.478,52.212
170P.txt,40.732,7.013,46.463
164P.txt,54.338,1.458,48.976
158P.txt,58.672,2.785,34.327
210P.txt,43.779,-4.485,41.713
73P.txt,36.725,20.179,46.71
199P.txt,54.937,9.324,28.144
166P.txt,50.83,5.319,55.66
167P.txt,44.931,5.337,53.765
195P.txt,52.111,16.776,28.454
142P.txt,38.951,4.43,40.617
157P.txt,61.604,7.6,31.975
209P.txt,48.212,-7.606,40.384
196P.txt,54.292,17.823,32.048
155P.txt,59.138,9.374,34.42
169P.txt,45.415,9.439,47.79
193P.txt,48.035,15.114,37.04
146P.txt,48.935,3.877,49.264
121P.txt,30.26,-6.252,39.718
122P.txt,32.126,-8.907,38.596
