329P.txt,133.459,45.792,8.843
248P.txt,126.273,46.197,-14.11
215P.txt,108.581,45.038,5.916
163P.txt,115.937,38.691,15.456
162P.txt,114.154,35.667,9.566
160P.txt,115.443,30.383,16.1
161P.txt,116.769,33.706,15.314
217P.txt,108.51,37.196,6.685
158P.txt,116.636,25.683,10.271
166P.txt,116.486,40.79,9.546
220P.txt,110.278,28.484,5.609
157P.txt,111.987,25.264,9.148
221P.txt,111.068,24.853,5.472
223P.txt,112.635,20.856,2.345
197P.txt,110.943,39.12,-0.719
222P.txt,108.472,20.714,4.893
193P.txt,109.186,26.999,-2.365
145P.txt,130.756,51.626,-8.446
219P.txt,108.15,32.977,3.219
225P.txt,115.573,23.883,-2.213
224P.txt,117.324,23.587,2.102
257P.txt,121.646,26.697,8.469
321P.txt,121.758,32.476,13.269
319P.txt,128.713,30.284,15.166
287P.txt,125.118,25.753,14.543
333P.txt,135.783,45.421,3.333
