101P.txt,-6.132,55.496,5.025
102P.txt,-9.104,56.761,2.062
103P.txt,-10.882,60.609,2.066
109P.txt,-6.722,70.4,6.716
112P.txt,-10.447,70.108,3.818
113P.txt,-10.1,74.429,4.082
114P.txt,-6.319,76.99,1.659
118P.txt,-8.097,74.888,-7.088
119P.txt,-5.884,75.147,-11.514
121P.txt,-3.375,73.313,-14.068
122P.txt,-0.873,77.521,-10.878
123P.txt,0.899,76.386,-6.199
21P.txt,-4.494,56.185,-4.555
33P.txt,2.586,76.993,0.721
34P.txt,-1.349,76.68,1.845
35P.txt,0.672,72.039,5.647
45P.txt,4.146,71.185,19.187
46P.txt,-0.54,68.237,18.822
47P.txt,-3.748,68.406,22.566
6P.txt,9.927,74.342,-8.519
61P.txt,-0.784,58.726,17.897
62P.txt,-2.144,55.966,13.779
73P.txt,-0.14,52.305,14.366
75P.txt,2.364,52.632,9.666
100.txt,-3.527,54.972,0.766
101.txt,-6.132,55.496,5.025
14.txt,13.524,63.566,-8.799
15.txt,11.006,60.426,-5.304
16.txt,6.263,59.329,-7.57
20.txt,0.3,57.613,-5.33
21.txt,-4.494,56.185,-4.555
63.txt,0.903,57.339,9.17
71.txt,0.484,55.114,20.41
73.txt,-0.14,52.305,14.366
75.txt,2.364,52.632,9.666
77.txt,9.322,51.698,9.05
93.txt,7.58,57.283,-0.051
96.txt,3.261,57.117,-1.301
97.txt,1.239,54.086,3.648
