12P.txt,54.473,-10.066,3.716
122P.txt,46.853,6.341,33.783
127P.txt,43.16,-0.201,39.825
153P.txt,35.965,6.01,10.575
16P.txt,53.333,-10.676,8.569
171P.txt,36.635,-6.063,-15.551
181P.txt,43.852,-10.715,-9.741
182P.txt,45.311,-11.563,-6.553
185P.txt,41.46,-11.818,-3.87
192P.txt,37.742,-8.911,4.934
199P.txt,34.186,-4.191,15.538
209P.txt,35.016,5.771,27.294
210P.txt,32.325,1.546,30.436
215P.txt,37.676,5.657,38.761
23P.txt,49.128,-11.075,18.567
26P.txt,43.773,-10.078,21.956
34P.txt,42.379,-8.596,34.269
4P.txt,55.954,-6.639,-10.096
5P.txt,59.045,-7.574,-6.63
55P.txt,58.479,-8.37,30.136
77P.txt,61.735,1.229,-3.025
79P.txt,55.358,5.574,-4.515
8P.txt,54.823,-9.12,-3.72
83P.txt,56.91,7.488,-11.311
92P.txt,50.357,-1.37,-11.421
93P.txt,48.57,2.965,-9.801
97P.txt,47.291,4.515,-3.404
143.txt,41.089,16.277,20.529
146.txt,37.514,11.423,18.935
150.txt,37.747,10.332,12.341
153.txt,35.965,6.01,10.575
199.txt,34.186,-4.191,15.538
202.txt,35.46,1.677,19.051
203.txt,34.709,-2.854,21.932
204.txt,38.904,-1.203,23.522
206.txt,32.129,1.482,22.904
207.txt,35.776,0.162,28.057
209.txt,35.016,5.771,27.294
210.txt,32.325,1.546,30.436
213.txt,33.382,6.487,34.807
214.txt,33.086,1.995,37.121
32.txt,40.184,-3.961,29.66
33.txt,39.067,-9.2,30.826
36.txt,35.91,-4.951,35.61
