10P.txt,-4.846,72.534,66.026
139P.txt,24.342,57.519,22.448
140P.txt,26.104,60.836,24.505
141P.txt,29.34,58.688,26.168
142P.txt,28.983,54.144,23.219
143P.txt,32.643,52.375,23.576
145P.txt,30.999,51.506,32.455
146P.txt,26.35,50.392,34.123
147P.txt,30.043,52.551,37.548
148P.txt,31.334,56.518,34.623
20P.txt,-18.218,69.514,40.741
230P.txt,-10.65,44.839,52.107
24P.txt,-25.771,68.179,37.856
25P.txt,-28.148,65.587,39.784
258P.txt,8.882,77.067,58.55
259P.txt,4.726,74.43,61.996
271P.txt,-6.041,52.065,46.452
273P.txt,-13.338,46.437,47.681
274P.txt,-12.866,52.652,43.18
293P.txt,1.05,60.697,65.43
304P.txt,-15.313,62.07,39.568
305P.txt,-15.337,58.044,38.243
42P.txt,-19.081,80.872,48.913
64P.txt,2.13,61.01,28.089
71P.txt,4.178,56.217,24.219
72P.txt,4.524,60.625,23.714
73P.txt,7.567,63.09,24.643
81P.txt,15.883,66.52,27.613
82P.txt,13.828,70.458,29.269
83P.txt,11.994,74.424,28.021
89P.txt,5.172,80.507,29.284
138.txt,23.37,53.145,26.792
140.txt,26.104,60.836,24.505
142.txt,28.983,54.144,23.219
143.txt,32.643,52.375,23.576
144.txt,30.754,56.495,29.442
145.txt,30.999,51.506,32.455
146.txt,26.35,50.392,34.123
147.txt,30.043,52.551,37.548
148.txt,31.334,56.518,34.623
149.txt,25.843,55.264,32.386
