415P.txt,39.111,-27.415,39.573
426P.txt,18.968,-10.612,16.936
427P.txt,15.08,-12.742,19.641
428P.txt,14.971,-11.413,23.472
432P.txt,16.678,-1.328,16.232
433P.txt,17.775,1.711,18.539
436P.txt,23.849,0.394,24.779
437P.txt,20.56,-2.599,29.62
442P.txt,37.358,-1.352,30.365
443P.txt,39.4,-1.166,33.584
444P.txt,40.02,-5.601,38.872
455P.txt,29.46,-4.651,42.097
456P.txt,32.738,-1.304,42.171
458P.txt,35.688,2.887,41.575
470P.txt,37.252,15.292,35.209
472P.txt,44.008,13.684,33.405
473P.txt,45.351,9.506,34.041
475P.txt,40.633,6.29,32.42
476P.txt,33.98,6.074,35.051
479P.txt,31.557,-0.844,28.436
482P.txt,25.91,-3.115,21.955
484P.txt,23.002,-1.76,18.0
486P.txt,22.824,-4.548,12.626
487P.txt,25.253,-6.855,15.163
489P.txt,27.238,-14.056,15.376
491P.txt,30.43,-8.171,17.642
502P.txt,29.495,-29.624,45.618
359.txt,17.903,-27.163,19.34
362.txt,24.862,-22.871,21.304
392.txt,33.093,-13.615,19.874
424.txt,21.317,-16.303,20.092
426.txt,18.968,-10.612,16.936
427.txt,15.08,-12.742,19.641
485.txt,19.349,-5.623,14.721
486.txt,22.824,-4.548,12.626
487.txt,25.253,-6.855,15.163
488.txt,26.981,-9.778,14.174
489.txt,27.238,-14.056,15.376
490.txt,29.8,-11.866,17.644
491.txt,30.43,-8.171,17.642
492.txt,24.711,-11.43,18.136
494.txt,24.95,-15.652,22.487
