110P.txt,-15.377,-29.016,39.939
115P.txt,-19.937,-28.918,24.596
120P.txt,-24.26,-23.576,15.327
122P.txt,-26.534,-27.348,20.228
125P.txt,-23.626,-33.189,25.218
136P.txt,-30.751,-32.19,19.635
14P.txt,-12.272,-25.489,2.448
141P.txt,-30.335,-39.885,18.721
142P.txt,-27.562,-41.78,14.833
148P.txt,-24.892,-45.459,24.228
159P.txt,-9.369,-36.575,28.988
173P.txt,4.449,-26.945,37.797
177P.txt,3.489,-16.651,37.16
188P.txt,-11.816,8.581,31.225
192P.txt,-20.182,13.647,25.606
196P.txt,-32.368,17.881,23.969
197P.txt,-31.35,20.632,28.383
21P.txt,-9.209,-23.732,8.292
229P.txt,-25.77,3.005,26.68
238P.txt,-2.456,-4.19,23.894
248P.txt,-29.357,10.023,30.597
251P.txt,-27.667,20.62,32.48
27P.txt,-8.372,-21.436,25.437
48P.txt,-0.497,-18.65,20.547
73P.txt,-11.691,-38.022,12.224
76P.txt,-14.979,-38.514,8.046
88P.txt,-25.632,-31.054,-0.505
90P.txt,-21.505,-28.176,-1.803
92P.txt,-19.689,-25.001,4.008
96P.txt,-17.954,-25.949,16.659
98P.txt,-16.108,-27.096,23.893
146.txt,-22.854,-45.055,16.859
149.txt,-23.045,-49.837,21.407
150.txt,-18.562,-47.62,22.56
154.txt,-17.784,-44.652,30.294
155.txt,-13.182,-42.086,25.835
158.txt,-11.156,-41.184,31.983
159.txt,-9.369,-36.575,28.988
162.txt,-7.125,-37.701,34.358
163.txt,-5.554,-37.032,31.022
62.txt,2.932,-36.914,22.599
65.txt,0.437,-37.669,15.928
68.txt,-1.921,-34.427,11.439
72.txt,-7.422,-38.106,9.32
73.txt,-11.691,-38.022,12.224
76.txt,-14.979,-38.514,8.046
79.txt,-17.494,-37.335,3.877
80.txt,-21.317,-38.779,8.584
