10P.txt,38.847,-54.652,0.555
105P.txt,53.535,-28.385,9.042
115P.txt,38.544,-42.496,-3.62
120P.txt,39.893,-51.909,-10.781
122P.txt,37.776,-45.293,-10.94
138P.txt,26.408,-44.324,-17.427
142P.txt,22.77,-43.979,-10.448
167P.txt,40.328,-39.01,16.815
17P.txt,32.889,-69.082,1.227
188P.txt,75.439,-48.209,0.324
192P.txt,77.714,-54.135,-9.287
206P.txt,68.922,-48.559,3.92
226P.txt,69.687,-43.091,-20.907
227P.txt,70.909,-46.406,-19.086
228P.txt,68.296,-45.392,-14.931
229P.txt,66.525,-49.77,-12.21
23P.txt,39.956,-56.496,4.62
232P.txt,58.267,-49.727,-5.712
234P.txt,62.433,-52.299,-0.383
236P.txt,61.886,-53.537,6.183
242P.txt,64.561,-50.67,2.093
248P.txt,74.484,-48.896,-16.712
250P.txt,80.749,-46.509,-19.264
253P.txt,82.889,-43.255,-17.863
27P.txt,47.954,-47.166,6.937
35P.txt,43.859,-56.084,12.276
48P.txt,48.674,-54.513,13.414
76P.txt,24.187,-53.965,0.216
85P.txt,28.213,-52.378,-13.765
88P.txt,26.124,-63.033,-12.454
96P.txt,38.572,-51.069,-3.655
150.txt,21.608,-37.002,0.331
151.txt,22.789,-33.093,0.988
155.txt,27.608,-36.687,5.809
158.txt,32.323,-32.735,8.24
163.txt,36.569,-35.835,13.0
166.txt,39.977,-33.376,15.551
167.txt,40.328,-39.01,16.815
58.txt,35.537,-45.529,24.739
62.txt,33.182,-48.125,18.316
65.txt,28.833,-50.772,17.381
66.txt,32.288,-47.057,13.412
69.txt,28.732,-50.533,9.319
72.txt,26.437,-54.982,6.74
73.txt,27.317,-50.744,3.553
