-1P.txt,25.943,-36.729,13.192
-2P.txt,26.004,-37.714,9.724
-3P.txt,22.613,-33.837,7.837
-4P.txt,21.433,-35.158,4.613
-5P.txt,24.352,-33.198,1.476
-6P.txt,20.776,-31.683,-0.756
0P.txt,19.183,-35.98,12.825
113P.txt,40.253,-19.682,36.562
114P.txt,37.068,-17.903,38.406
13P.txt,30.416,-24.094,35.427
142P.txt,30.345,-25.546,6.139
144P.txt,27.689,-31.922,5.685
158P.txt,19.783,-33.226,39.362
159P.txt,17.197,-34.224,43.786
172P.txt,11.466,-31.905,20.521
173P.txt,14.327,-36.938,25.472
177P.txt,5.23,-29.448,25.114
238P.txt,18.677,-4.832,51.601
249P.txt,15.625,-17.143,53.649
250P.txt,11.806,-16.906,55.5
278P.txt,24.694,-19.389,49.524
279P.txt,22.982,-21.138,53.207
283P.txt,21.871,-13.998,46.866
43P.txt,53.164,-22.836,26.869
44P.txt,54.319,-18.24,25.851
46P.txt,52.03,-15.006,32.056
51P.txt,48.298,-17.63,37.77
53P.txt,45.203,-23.47,32.884
55P.txt,48.951,-23.696,28.982
66P.txt,51.145,-19.068,14.264
93P.txt,30.713,-37.428,17.544
199.txt,6.82,-8.829,39.817
200.txt,3.283,-10.365,39.167
201.txt,0.018,-8.854,37.66
232.txt,15.09,-6.236,43.76
233.txt,12.38,-1.95,46.285
234.txt,9.102,-5.415,45.709
235.txt,11.245,-8.735,46.672
236.txt,12.728,-6.638,50.05
237.txt,15.899,-6.933,48.636
248.txt,14.943,-13.225,54.677
250.txt,11.806,-16.906,55.5
251.txt,10.509,-13.393,53.719
253.txt,7.799,-18.761,50.177
254.txt,6.109,-14.803,49.984
256.txt,5.705,-12.832,43.769
257.txt,6.0,-15.538,39.981
270.txt,9.399,-19.527,41.219
272.txt,11.904,-22.201,44.395
