111P.txt,9.981,79.658,78.242
144P.txt,26.524,78.443,87.948
146P.txt,20.268,80.676,89.189
147P.txt,24.313,83.162,88.285
148P.txt,25.402,82.243,83.395
153P.txt,15.773,88.908,82.936
155P.txt,21.317,90.912,78.658
157P.txt,15.166,94.411,80.899
171P.txt,8.805,105.758,63.354
177P.txt,22.951,108.777,65.16
184P.txt,25.934,99.232,67.053
185P.txt,24.782,98.677,71.999
199P.txt,27.887,79.959,78.971
202P.txt,27.192,73.67,77.531
205P.txt,24.498,69.251,78.244
212P.txt,22.57,58.408,81.291
24P.txt,21.918,71.796,71.727
26P.txt,15.276,70.183,69.695
3P.txt,28.625,100.294,59.101
34P.txt,15.564,59.423,76.112
37P.txt,10.78,57.04,80.405
54P.txt,4.887,67.829,75.616
6P.txt,28.43,94.399,58.595
65P.txt,10.564,77.594,63.626
69P.txt,11.059,80.214,58.622
9P.txt,28.513,89.748,57.725
90P.txt,13.499,99.631,52.623
19.txt,19.699,78.125,63.101
205.txt,24.498,69.251,78.244
208.txt,21.303,65.61,80.587
209.txt,26.547,64.144,80.247
212.txt,22.57,58.408,81.291
22.txt,16.641,75.326,68.51
23.txt,20.508,70.855,66.798
26.txt,15.276,70.183,69.695
27.txt,19.565,67.23,71.171
28.txt,18.221,68.903,75.53
30.txt,14.308,63.294,71.252
31.txt,16.907,63.392,76.608
33.txt,11.279,63.476,76.109
34.txt,15.564,59.423,76.112
35.txt,16.238,60.354,81.243
38.txt,14.739,54.559,81.343
50.txt,6.91,65.538,82.816
51.txt,1.351,65.669,78.892
53.txt,7.939,69.378,79.445
54.txt,4.887,67.829,75.616
58.txt,5.401,71.112,71.261
61.txt,9.414,74.357,69.113
62.txt,6.418,76.025,66.827
65.txt,10.564,77.594,63.626
68.txt,14.316,80.689,62.586
