551P.txt,41.305,-72.714,81.264
552P.txt,45.197,-74.09,79.694
554P.txt,40.824,-71.404,74.472
555P.txt,45.09,-70.985,74.267
567P.txt,33.802,-90.224,61.31
568P.txt,35.386,-93.735,60.367
569P.txt,38.308,-94.889,64.343
570P.txt,36.453,-93.139,68.206
571P.txt,41.33,-94.397,67.042
572P.txt,42.9,-89.354,69.286
573P.txt,44.337,-90.716,63.607
581P.txt,32.186,-72.105,66.115
582P.txt,31.688,-68.585,67.594
583P.txt,30.847,-71.421,70.184
594P.txt,45.128,-90.522,54.902
595P.txt,43.426,-84.506,54.342
596P.txt,40.653,-85.689,56.506
597P.txt,39.78,-80.298,55.663
607P.txt,48.488,-82.528,73.155
608P.txt,51.922,-83.304,69.866
566.txt,38.506,-90.188,61.835
567.txt,33.802,-90.224,61.31
579.txt,39.042,-73.292,62.551
580.txt,38.386,-71.534,66.056
581.txt,32.186,-72.105,66.115
582.txt,31.688,-68.585,67.594
586.txt,33.976,-76.505,67.811
588.txt,37.814,-77.2,61.553
590.txt,44.334,-80.619,57.806
592.txt,48.6,-84.411,58.75
593.txt,48.561,-88.672,57.392
594.txt,45.128,-90.522,54.902
595.txt,43.426,-84.506,54.342
597.txt,39.78,-80.298,55.663
598.txt,36.655,-83.726,59.75
599.txt,33.185,-80.238,63.493
