200P.txt,13.938,21.319,-59.263
202P.txt,13.386,19.944,-65.378
207P.txt,-3.171,20.178,-70.33
278P.txt,-15.477,19.438,-27.474
279P.txt,-10.814,18.295,-30.383
280P.txt,-10.544,23.459,-31.427
281P.txt,-7.881,20.417,-33.745
282P.txt,-9.834,16.245,-34.349
300P.txt,-14.499,30.646,-74.21
301P.txt,-10.874,33.83,-75.932
325P.txt,-7.808,36.743,-67.698
326P.txt,-5.862,32.398,-69.93
367P.txt,-3.373,29.415,-44.42
368P.txt,-2.039,27.242,-47.629
408P.txt,-35.721,37.557,-47.908
422P.txt,0.04,27.39,-63.996
436P.txt,0.797,23.941,-68.213
440P.txt,-8.088,26.699,-75.246
441P.txt,-12.136,27.198,-74.251
442P.txt,-18.068,26.631,-71.847
444P.txt,-18.26,24.048,-67.182
458P.txt,-11.489,28.735,-30.178
459P.txt,-12.099,30.754,-27.087
461P.txt,-15.449,28.663,-22.518
462P.txt,-17.787,31.698,-20.64
60P.txt,-10.795,-0.484,-71.648
72P.txt,-3.865,-1.995,-63.863
73P.txt,-6.359,-1.298,-60.449
75P.txt,-12.371,-6.326,-60.209
79P.txt,-22.078,-9.029,-61.337
80P.txt,-25.539,-10.009,-58.957
82P.txt,-27.004,-9.474,-53.376
124.txt,12.098,20.471,-50.532
275.txt,-12.612,12.18,-33.889
276.txt,-13.819,14.812,-30.415
278.txt,-15.477,19.438,-27.474
279.txt,-10.814,18.295,-30.383
280.txt,-10.544,23.459,-31.427
281.txt,-7.881,20.417,-33.745
282.txt,-9.834,16.245,-34.349
283.txt,-12.309,18.666,-39.569
365.txt,-8.306,33.044,-40.062
366.txt,-5.603,31.345,-42.449
367.txt,-3.373,29.415,-44.42
368.txt,-2.039,27.242,-47.629
371.txt,-6.567,25.401,-46.503
429.txt,1.613,16.963,-49.159
431.txt,4.672,19.919,-52.109
455.txt,-12.227,24.896,-38.132
456.txt,-15.538,24.817,-32.441
457.txt,-13.53,29.633,-33.459
458.txt,-11.489,28.735,-30.178
459.txt,-12.099,30.754,-27.087
461.txt,-15.449,28.663,-22.518
462.txt,-17.787,31.698,-20.64
469.txt,-13.439,30.929,-39.329
473.txt,-6.987,19.748,-46.51
476.txt,-6.407,10.359,-44.834
97.txt,-9.696,4.747,-34.673
