299P.txt,23.547,9.223,-33.658
300P.txt,26.756,6.813,-38.147
301P.txt,23.419,4.659,-40.368
312P.txt,7.578,-10.37,-33.149
317P.txt,0.314,0.665,-28.35
337P.txt,12.663,0.425,-40.196
345P.txt,7.507,-3.073,-52.531
346P.txt,9.495,-0.038,-50.092
347P.txt,5.482,0.819,-48.646
348P.txt,7.632,4.939,-46.565
349P.txt,5.399,5.538,-42.533
350P.txt,3.435,1.703,-42.18
351P.txt,9.011,3.934,-37.979
352P.txt,5.858,4.223,-34.57
353P.txt,10.293,4.294,-33.092
354P.txt,11.893,7.829,-32.952
355P.txt,15.194,8.582,-34.455
357P.txt,19.494,4.508,-31.291
372P.txt,-0.089,-3.369,-43.259
374P.txt,-1.864,-8.403,-43.745
384P.txt,22.023,-8.762,-49.512
390P.txt,7.096,-11.979,-41.591
392P.txt,-1.334,-11.764,-41.431
310.txt,11.699,-10.871,-27.829
313.txt,4.723,-8.585,-30.756
314.txt,0.327,-6.957,-31.33
315.txt,1.748,-3.399,-28.593
316.txt,-1.114,-1.882,-24.263
317.txt,0.314,0.665,-28.35
321.txt,7.828,-4.672,-30.522
352.txt,5.858,4.223,-34.57
354.txt,11.893,7.829,-32.952
364.txt,18.503,-5.079,-26.241
368.txt,7.061,0.352,-31.936
