508P.txt,-46.567,-0.395,67.071
509P.txt,-50.138,0.218,64.192
510P.txt,-47.628,-4.304,61.622
511P.txt,-53.611,-2.9,61.674
512P.txt,-55.644,0.935,65.116
524P.txt,-89.241,6.56,82.617
526P.txt,-90.587,8.254,88.528
527P.txt,-93.273,9.976,90.155
528P.txt,-92.144,9.834,94.015
529P.txt,-88.346,12.011,89.624
530P.txt,-85.793,8.551,90.152
556P.txt,-52.116,-5.476,65.505
571P.txt,-98.483,9.826,78.961
572P.txt,-95.46,6.88,75.647
573P.txt,-92.321,3.438,75.09
574P.txt,-92.559,8.317,72.245
576P.txt,-90.049,12.02,70.008
600P.txt,-56.178,4.756,81.828
601P.txt,-54.885,-0.032,84.589
602P.txt,-51.556,2.722,83.311
603P.txt,-49.955,-1.162,81.373
604P.txt,-51.368,-0.717,76.838
605P.txt,-55.582,-4.967,77.615
635P.txt,-77.379,-1.571,84.161
650P.txt,-53.091,-4.352,71.605
653P.txt,-56.854,4.11,75.113
524.txt,-89.241,6.56,82.617
525.txt,-89.036,11.751,84.72
526.txt,-90.587,8.254,88.528
527.txt,-93.273,9.976,90.155
528.txt,-92.144,9.834,94.015
529.txt,-88.346,12.011,89.624
530.txt,-85.793,8.551,90.152
532.txt,-86.044,4.935,85.04
571.txt,-98.483,9.826,78.961
630.txt,-76.828,15.3,89.312
631.txt,-78.731,11.379,90.27
632.txt,-78.444,7.378,89.041
