301P.txt,2.672,-34.435,9.501
303P.txt,-0.681,-40.602,10.955
311P.txt,-16.636,-34.604,-5.982
313P.txt,-13.488,-28.243,-7.363
314P.txt,-11.853,-25.702,-11.446
330P.txt,-2.925,-37.464,15.432
341P.txt,3.746,-37.452,-12.362
343P.txt,6.188,-42.087,-14.372
344P.txt,5.68,-40.231,-9.201
346P.txt,7.406,-34.501,-7.068
347P.txt,4.424,-32.154,-10.726
350P.txt,0.176,-21.301,-4.956
351P.txt,-1.152,-24.354,-0.495
352P.txt,-4.303,-20.857,-1.553
353P.txt,-4.86,-23.144,2.375
354P.txt,-2.434,-21.651,4.979
355P.txt,-0.923,-24.422,7.108
357P.txt,-4.431,-27.88,10.48
366P.txt,-11.849,-26.845,3.321
382P.txt,0.57,-40.811,3.962
383P.txt,0.812,-44.039,2.794
384P.txt,-1.677,-48.195,1.799
385P.txt,-4.938,-46.349,3.155
300.txt,3.01,-33.384,13.875
301.txt,2.672,-34.435,9.501
334.txt,0.503,-30.206,8.417
336.txt,-0.548,-34.705,4.307
337.txt,-1.878,-31.303,-0.56
338.txt,0.942,-33.663,-2.674
339.txt,1.155,-32.859,-6.552
340.txt,2.546,-37.395,-7.728
342.txt,1.218,-41.536,-14.018
343.txt,6.188,-42.087,-14.372
344.txt,5.68,-40.231,-9.201
345.txt,6.789,-37.329,-9.796
346.txt,7.406,-34.501,-7.068
347.txt,4.424,-32.154,-10.726
349.txt,2.908,-25.924,-6.477
350.txt,0.176,-21.301,-4.956
351.txt,-1.152,-24.354,-0.495
370.txt,-2.207,-23.025,-8.211
371.txt,-2.858,-27.183,-9.533
372.txt,-0.038,-28.803,-11.606
379.txt,-1.437,-36.815,-2.599
382.txt,0.57,-40.811,3.962
383.txt,0.812,-44.039,2.794
384.txt,-1.677,-48.195,1.799
386.txt,-3.033,-42.342,0.367
