101P.txt,-10.066,2.714,-27.28
123P.txt,-25.39,24.507,-28.886
177P.txt,-18.154,30.089,-27.702
209P.txt,-11.099,7.252,-41.1
220P.txt,-5.665,10.455,-36.358
227P.txt,-16.731,-7.109,-32.394
230P.txt,-19.445,-6.772,-22.817
231P.txt,-23.276,-3.158,-22.719
232P.txt,-19.866,-1.393,-18.91
237P.txt,-31.353,-0.724,-22.742
238P.txt,-30.19,-3.866,-24.646
278P.txt,-5.024,23.434,-4.109
289P.txt,-14.706,22.805,9.353
306P.txt,4.977,20.501,15.702
309P.txt,4.706,10.054,10.135
311P.txt,5.732,14.344,4.828
320P.txt,4.909,21.054,11.229
321P.txt,7.305,15.097,9.157
322P.txt,8.319,15.504,13.05
33P.txt,4.272,14.709,18.925
34P.txt,0.905,12.223,18.012
37P.txt,-6.218,9.0,14.0
38P.txt,-7.011,6.594,9.404
39P.txt,-10.266,10.51,9.513
40P.txt,-14.224,12.082,8.929
43P.txt,-15.367,20.82,4.468
45P.txt,-11.648,26.944,8.423
58P.txt,-28.791,13.144,-6.798
71P.txt,-31.464,13.875,-15.139
73P.txt,-27.649,19.358,-16.533
87P.txt,-8.373,7.012,-10.029
282.txt,-9.587,11.42,-1.435
283.txt,-12.512,10.648,0.313
284.txt,-16.399,11.564,-0.735
285.txt,-18.36,11.757,2.716
287.txt,-17.7,14.759,7.505
37.txt,-6.218,9.0,14.0
38.txt,-7.011,6.594,9.404
39.txt,-10.266,10.51,9.513
40.txt,-14.224,12.082,8.929
41.txt,-10.691,13.51,3.54
52.txt,-20.226,14.967,-6.064
58.txt,-28.791,13.144,-6.798
59.txt,-29.206,9.733,-9.478
60.txt,-25.081,11.424,-10.98
61.txt,-21.279,10.024,-11.907
62.txt,-18.286,13.344,-11.384
85.txt,-13.56,11.186,-5.819
86.txt,-13.386,8.717,-9.307
90.txt,-17.611,5.655,-13.514
