109P.txt,29.601,64.091,57.286
112P.txt,37.376,66.319,51.902
114P.txt,36.65,60.329,57.569
115P.txt,42.653,60.0,57.936
118P.txt,45.351,51.696,65.557
157P.txt,53.129,66.988,59.806
182P.txt,31.899,67.87,90.699
189P.txt,37.573,76.28,89.49
190P.txt,43.062,75.926,91.105
193P.txt,43.546,81.152,89.257
222P.txt,21.956,48.354,99.022
223P.txt,19.336,51.636,100.688
225P.txt,25.393,50.947,100.139
227P.txt,28.727,45.792,98.315
228P.txt,32.068,46.172,97.865
229P.txt,34.339,48.571,99.539
23P.txt,30.403,78.663,82.055
243P.txt,32.932,51.822,103.212
244P.txt,27.987,55.618,100.97
247P.txt,31.173,61.193,99.923
251P.txt,33.416,64.122,94.112
259P.txt,21.129,50.031,85.98
26P.txt,27.784,75.091,84.093
260P.txt,17.609,50.407,86.172
262P.txt,15.988,50.878,91.834
27P.txt,27.593,73.262,79.098
41P.txt,21.712,63.614,95.024
49P.txt,20.219,50.784,74.645
50P.txt,18.04,53.378,72.05
51P.txt,20.611,56.655,71.8
101.txt,32.36,51.902,63.731
102.txt,27.871,53.195,62.16
105.txt,30.181,57.115,59.884
106.txt,26.623,58.965,61.517
109.txt,29.601,64.091,57.286
112.txt,37.376,66.319,51.902
113.txt,40.509,63.999,54.668
114.txt,36.65,60.329,57.569
116.txt,41.152,55.225,61.941
53.txt,22.842,58.45,65.677
92.txt,37.726,59.253,64.076
98.txt,31.282,47.019,63.797
99.txt,27.483,50.529,67.381
