11P.txt,36.368,130.801,-5.28
12P.txt,35.081,132.206,-1.785
13P.txt,38.439,130.73,1.489
14P.txt,35.789,132.14,4.429
15P.txt,38.891,132.787,7.402
17P.txt,35.017,133.23,14.982
18P.txt,33.735,129.428,18.22
19P.txt,29.912,130.919,18.463
20P.txt,28.132,130.25,21.775
21P.txt,24.293,129.79,22.087
214P.txt,48.385,137.86,96.454
269P.txt,35.269,129.704,68.203
27P.txt,35.056,142.226,35.106
28P.txt,37.991,143.691,31.246
292P.txt,37.647,127.292,43.117
293P.txt,41.723,130.331,43.752
30P.txt,38.578,148.234,29.031
308P.txt,37.753,135.836,52.603
31P.txt,34.792,146.319,29.26
311P.txt,35.256,139.477,45.622
313P.txt,31.779,136.463,41.448
314P.txt,35.875,136.564,40.366
316P.txt,38.863,133.154,34.208
317P.txt,37.994,133.647,30.594
318P.txt,37.788,129.892,29.113
320P.txt,36.634,133.419,21.66
321P.txt,33.899,138.833,22.081
323P.txt,30.37,137.505,18.082
324P.txt,26.485,136.804,17.885
34P.txt,32.811,141.664,27.51
41P.txt,33.933,130.966,39.639
42P.txt,38.293,131.847,40.277
131.txt,45.018,117.806,103.235
133.txt,42.258,115.404,97.244
134.txt,39.52,118.872,97.693
135.txt,36.091,119.678,97.474
136.txt,33.048,121.428,95.737
137.txt,29.289,121.759,96.08
145.txt,32.237,116.341,96.378
153.txt,40.661,122.92,97.29
155.txt,42.587,120.573,103.052
156.txt,43.356,122.86,107.545
157.txt,46.273,119.19,108.764
158.txt,44.312,120.13,111.447
189.txt,35.937,132.315,109.121
193.txt,38.249,128.003,108.102
194.txt,40.435,126.494,104.098
226.txt,30.222,129.348,95.156
98.txt,35.229,126.442,92.369
