15P.txt,27.75,14.348,50.781
100P.txt,39.72,23.186,42.502
115P.txt,59.507,32.515,74.583
14P.txt,24.219,13.49,55.406
117P.txt,60.848,37.544,79.409
13P.txt,24.236,9.355,55.863
111P.txt,55.535,27.382,66.037
138P.txt,62.954,29.935,49.317
201P.txt,54.078,28.792,72.109
189P.txt,50.756,33.929,56.848
59P.txt,58.329,14.84,38.28
73P.txt,50.943,13.723,56.426
66P.txt,51.002,8.623,55.746
195P.txt,46.114,31.18,56.12
194P.txt,46.519,33.481,51.939
196P.txt,45.138,28.612,58.154
68P.txt,48.43,9.208,60.417
83P.txt,48.03,26.887,41.57
69P.txt,45.175,7.79,64.38
79P.txt,53.541,20.285,46.781
93P.txt,40.475,3.098,42.568
192P.txt,51.8,35.171,47.35
190P.txt,51.662,39.183,56.348
146P.txt,49.574,36.882,68.375
84P.txt,43.748,26.093,42.193
191P.txt,54.286,38.956,51.348
123P.txt,64.128,50.808,81.196
118P.txt,64.426,39.947,80.464
