10P.txt,1.262,30.319,34.429
39P.txt,10.91,4.159,28.267
76P.txt,19.077,18.143,18.089
77P.txt,19.023,15.45,22.025
75P.txt,17.156,15.875,13.629
74P.txt,18.318,20.48,12.699
71P.txt,10.03,23.619,10.046
73P.txt,15.721,19.678,9.712
67P.txt,13.004,13.801,20.542
72P.txt,15.522,25.112,8.515
94P.txt,21.796,23.854,26.867
80P.txt,18.854,16.542,32.078
40P.txt,8.158,5.932,25.903
83P.txt,14.881,21.106,36.292
41P.txt,11.805,10.785,23.704
3P.txt,21.959,27.897,19.423
79P.txt,19.804,15.058,28.3
86P.txt,9.696,23.201,37.141
93P.txt,19.95,26.03,28.669
87P.txt,11.162,28.054,38.401
78P.txt,19.559,19.294,23.886
85P.txt,12.45,20.555,41.934
34P.txt,13.302,10.994,28.02
