103P.txt,5.27,9.111,15.708
106P.txt,12.433,12.252,16.894
38P.txt,31.002,5.215,-7.185
111P.txt,24.329,10.013,9.041
104P.txt,7.281,13.422,15.458
110P.txt,25.852,10.373,13.349
61P.txt,10.067,9.766,6.228
72P.txt,21.502,6.089,-9.638
43P.txt,24.737,9.312,4.097
42P.txt,24.918,8.384,-1.694
68P.txt,16.952,8.101,-6.692
83P.txt,9.572,2.368,-10.118
41P.txt,28.937,8.153,-0.464
45P.txt,18.798,11.177,7.582
85P.txt,11.477,-4.344,-4.13
109P.txt,22.755,13.764,15.314
108P.txt,19.773,10.93,14.59
23P.txt,16.134,-9.723,-1.341
26P.txt,21.738,-9.744,-0.419
126P.txt,14.932,-9.814,13.276
27P.txt,22.705,-6.971,-4.052
31P.txt,26.356,-3.865,-6.711
119P.txt,21.57,-3.876,8.658
30P.txt,27.01,-9.07,-5.612
