115P.txt,37.009,-4.735,-8.396
263P.txt,27.9,-3.755,37.119
249P.txt,20.82,-19.996,26.4
258P.txt,23.878,-3.554,21.678
259P.txt,26.19,-1.306,26.011
10P.txt,40.073,-23.713,6.348
228P.txt,9.439,-5.988,26.2
217P.txt,17.074,-7.483,25.271
213P.txt,15.078,-5.466,18.838
9P.txt,38.573,-20.562,9.434
8P.txt,42.591,-18.372,7.965
5P.txt,47.405,-9.967,9.54
94P.txt,28.777,0.814,0.025
157P.txt,32.619,-13.292,-15.875
223P.txt,17.791,-9.987,37.02
40P.txt,22.741,-13.498,31.033
41P.txt,25.103,-18.736,29.937
226P.txt,13.335,-9.852,27.803
50P.txt,38.703,0.224,20.33
227P.txt,10.407,-5.489,29.612
243P.txt,7.684,-13.049,27.843
257P.txt,28.76,-3.81,22.816
256P.txt,25.757,-7.354,18.927
240P.txt,7.354,-17.62,19.948
251P.txt,18.569,-20.43,20.24
250P.txt,19.489,-22.873,23.451
246P.txt,16.149,-18.769,29.324
118P.txt,27.146,-0.418,-5.077
247P.txt,13.968,-19.774,25.925
