470P.txt,42.804,54.824,-10.462
471P.txt,42.398,56.015,-6.723
505P.txt,53.621,52.605,-4.834
473P.txt,41.34,50.575,-1.275
472P.txt,43.632,55.482,-3.351
506P.txt,49.688,55.356,-4.482
502P.txt,56.541,47.665,-12.582
476P.txt,33.896,46.7,1.077
474P.txt,37.366,50.289,-1.146
528P.txt,42.88,45.549,-1.378
604P.txt,87.682,48.036,27.102
606P.txt,84.27,44.308,21.655
549P.txt,87.866,56.789,26.414
617P.txt,53.794,55.916,9.915
616P.txt,57.954,57.692,12.032
602P.txt,83.607,47.603,29.409
576P.txt,79.398,41.788,25.191
601P.txt,79.28,48.293,30.831
546P.txt,83.413,55.418,17.456
630P.txt,81.862,44.017,15.071
551P.txt,83.18,61.3,25.888
632P.txt,86.848,50.62,17.314
578P.txt,80.391,36.275,22.371
568P.txt,62.701,56.256,9.248
555P.txt,79.222,57.645,18.073
495P.txt,53.276,29.48,0.378
468P.txt,45.806,49.004,-11.557
496P.txt,51.4,28.686,-5.742
