76P.txt,6.714,-5.329,2.745
89P.txt,3.249,-2.997,-10.818
88P.txt,1.387,-3.963,-13.937
149P.txt,17.89,-13.04,39.954
74P.txt,6.839,-8.929,6.997
94P.txt,7.891,-10.692,1.919
81P.txt,6.592,6.914,-8.714
83P.txt,5.394,3.607,-13.027
169P.txt,31.11,-10.56,41.615
82P.txt,5.871,8.072,-12.952
197P.txt,24.643,-18.406,26.019
45P.txt,3.517,-9.698,10.679
51P.txt,4.472,3.356,2.465
79P.txt,6.761,0.894,-6.011
86P.txt,2.536,-0.551,-19.988
92P.txt,4.553,-6.64,-2.632
93P.txt,9.162,-7.997,-3.107
87P.txt,0.909,-2.943,-17.304
78P.txt,5.671,-1.139,-1.234
50P.txt,3.814,3.091,7.135
52P.txt,10.574,4.862,4.103
46P.txt,1.816,-3.631,14.207
91P.txt,2.332,-5.81,-5.592
85P.txt,2.572,1.966,-17.112
90P.txt,3.81,-6.216,-9.208
47P.txt,2.842,-1.582,10.458
37P.txt,5.215,-5.503,8.947
33P.txt,9.426,2.789,-0.689
119P.txt,32.725,4.083,55.089
