538P.txt,-18.809,26.262,-111.432
539P.txt,-18.252,24.969,-108.057
413P.txt,-45.094,-3.068,-110.077
406P.txt,-32.843,-15.419,-106.443
412P.txt,-45.147,-3.308,-115.74
548P.txt,1.211,5.593,-102.926
562P.txt,-33.072,23.976,-112.689
416P.txt,-46.966,2.373,-113.583
417P.txt,-45.558,4.082,-110.199
577P.txt,-25.67,-12.768,-120.287
588P.txt,-45.716,-15.229,-114.704
547P.txt,2.909,10.257,-102.541
579P.txt,-23.748,-21.165,-116.94
419P.txt,-44.393,9.672,-116.725
578P.txt,-24.712,-17.224,-116.932
544P.txt,-2.839,16.722,-102.904
540P.txt,-13.442,24.369,-110.7
420P.txt,-42.614,6.988,-119.502
543P.txt,-8.939,16.725,-102.759
423P.txt,-38.312,2.212,-122.88
581P.txt,-27.891,-18.36,-112.176
531P.txt,-20.072,17.08,-103.638
532P.txt,-23.905,14.802,-102.971
533P.txt,-24.88,18.164,-104.398
537P.txt,-22.884,26.602,-111.805
495P.txt,-32.763,21.805,-104.185
536P.txt,-22.438,27.694,-107.001
535P.txt,-22.547,22.924,-101.859
