262P.txt,-73.974,-14.382,-65.046
129P.txt,-66.569,-0.177,-31.717
261P.txt,-77.245,-10.795,-65.656
103P.txt,-43.94,-0.154,-37.489
248P.txt,-64.285,-17.028,-49.213
260P.txt,-74.951,-9.818,-62.731
258P.txt,-67.767,-7.882,-61.233
259P.txt,-71.739,-11.723,-63.766
272P.txt,-70.133,-22.641,-46.272
188P.txt,-57.079,-1.546,-48.248
62P.txt,-79.744,-11.047,-35.925
176P.txt,-72.065,-0.217,-52.048
61P.txt,-79.254,-14.945,-33.8
175P.txt,-73.313,-1.928,-55.266
58P.txt,-76.58,-10.425,-31.506
199P.txt,-41.334,-2.081,-43.195
143P.txt,-77.463,2.947,-49.947
180P.txt,-68.059,1.108,-48.888
183P.txt,-62.655,-3.684,-54.187
187P.txt,-58.611,-5.784,-49.88
144P.txt,-82.507,2.842,-51.074
179P.txt,-67.649,-2.147,-55.987
184P.txt,-62.502,-0.449,-49.389
257P.txt,-71.467,-7.294,-58.73
254P.txt,-66.824,-10.769,-56.467
269P.txt,-70.746,-23.145,-51.645
255P.txt,-68.114,-14.853,-59.484
296P.txt,-50.809,-21.083,-22.746
286P.txt,-59.063,-22.061,-29.437
251P.txt,-64.456,-14.791,-53.863
247P.txt,-61.335,-14.412,-49.205
290P.txt,-50.373,-23.08,-30.657
