316P.txt,-1.114,-1.882,-24.263
317P.txt,0.314,0.665,-28.35
301P.txt,23.419,4.659,-40.368
315P.txt,1.748,-3.399,-28.593
314P.txt,0.327,-6.957,-31.33
300P.txt,26.756,6.813,-38.147
298P.txt,24.864,12.972,-36.446
313P.txt,4.723,-8.585,-30.756
299P.txt,23.547,9.223,-33.658
349P.txt,5.399,5.538,-42.533
348P.txt,7.632,4.939,-46.565
370P.txt,1.503,1.457,-38.314
354P.txt,11.893,7.829,-32.952
355P.txt,15.194,8.582,-34.455
394P.txt,-5.705,-11.308,-38.186
395P.txt,-8.664,-7.997,-40.02
352P.txt,5.858,4.223,-34.57
353P.txt,10.293,4.294,-33.092
351P.txt,9.011,3.934,-37.979
350P.txt,3.435,1.703,-42.18
321P.txt,7.828,-4.672,-30.522
319P.txt,2.035,-1.38,-32.357
318P.txt,-1.194,-1.977,-31.713
