114P.txt,49.813,29.084,93.858
103P.txt,37.034,26.407,82.24
117P.txt,58.73,34.177,97.078
116P.txt,56.129,30.665,100.18
106P.txt,41.868,27.464,85.211
107P.txt,39.26,24.876,87.719
449P.txt,20.829,47.079,66.585
110P.txt,42.883,27.92,91.224
188P.txt,62.03,47.915,78.614
162P.txt,43.453,32.412,75.658
389P.txt,39.851,45.853,74.934
429P.txt,27.656,52.421,60.964
158P.txt,49.972,31.201,82.304
234P.txt,67.171,21.231,72.144
181P.txt,53.04,35.815,81.24
340P.txt,51.372,41.035,77.372
341P.txt,50.47,45.602,78.45
180P.txt,54.576,34.874,87.028
237P.txt,70.807,25.077,63.19
394P.txt,35.231,37.642,69.252
187P.txt,57.386,48.873,76.908
391P.txt,42.783,38.28,76.108
390P.txt,38.104,41.985,75.777
179P.txt,57.083,39.153,85.539
186P.txt,59.303,43.046,77.802
233P.txt,64.397,26.85,72.518
230P.txt,72.669,26.873,71.701
446P.txt,17.068,40.646,70.372
453P.txt,16.509,47.856,62.615
321P.txt,40.101,53.985,71.458
442P.txt,27.661,34.318,71.778
440P.txt,28.083,38.317,69.106
119P.txt,53.361,33.678,92.816
