114P.txt,30.631,4.205,84.403
128P.txt,7.153,-1.268,77.315
101P.txt,38.032,-12.118,70.806
103P.txt,38.652,-10.162,77.28
116P.txt,32.362,-5.033,85.803
102P.txt,38.312,-13.181,75.225
106P.txt,36.308,-6.114,79.811
112P.txt,36.895,-2.22,81.131
113P.txt,35.053,2.117,83.9
62P.txt,42.468,-5.996,66.88
61P.txt,45.277,-1.029,65.25
74P.txt,39.331,-5.653,58.782
71P.txt,47.786,-2.552,61.889
73P.txt,44.429,-7.47,63.128
72P.txt,44.968,-3.217,59.87
5P.txt,16.683,4.189,78.317
68P.txt,43.201,7.466,58.861
45P.txt,39.754,11.239,66.425
46P.txt,43.086,7.422,69.442
47P.txt,47.507,8.495,70.693
34P.txt,28.593,5.679,79.916
109P.txt,36.723,0.827,78.6
126P.txt,10.889,0.418,81.383
125P.txt,14.746,-0.832,84.622
