102P.txt,0.91,31.501,17.391
103P.txt,3.636,36.921,17.637
104P.txt,-2.424,35.687,19.709
105P.txt,-2.738,36.715,24.077
106P.txt,-3.73,32.399,25.405
109P.txt,-6.505,26.809,23.959
110P.txt,-8.15,28.138,20.435
111P.txt,-2.987,24.651,18.603
112P.txt,-5.324,20.039,17.424
34P.txt,8.258,41.119,27.268
35P.txt,4.624,41.369,23.597
36P.txt,2.776,36.942,24.145
37P.txt,-0.002,35.507,28.524
39P.txt,-2.393,27.317,28.06
51P.txt,-0.477,26.595,32.728
56P.txt,9.565,38.274,23.129
58P.txt,6.066,33.393,18.317
80P.txt,12.864,37.882,19.125
82P.txt,15.504,37.725,15.92
83P.txt,16.849,37.333,12.467
84P.txt,17.004,33.778,13.24
85P.txt,10.84,32.161,12.997
43.txt,9.712,22.351,30.374
60.txt,5.329,25.988,21.749
62.txt,5.128,20.032,20.19
64.txt,7.604,14.727,20.232
74.txt,3.96,20.295,24.395
77.txt,7.193,30.019,25.254
78.txt,9.104,30.15,20.582
79.txt,13.719,32.496,22.858
80.txt,12.864,37.882,19.125
81.txt,15.168,33.24,17.627
84.txt,17.004,33.778,13.24
86.txt,12.891,27.551,12.58
