13P.txt,-3.183,6.142,-44.01
12P.txt,-5.249,2.669,-42.984
10P.txt,-11.844,7.506,-40.096
11P.txt,-7.617,8.166,-42.289
160P.txt,3.07,-4.59,-22.044
161P.txt,7.007,-3.663,-20.163
159P.txt,0.665,-3.194,-19.198
8P.txt,-7.818,9.147,-37.745
5P.txt,-2.178,12.502,-30.973
142P.txt,-1.679,0.561,-22.534
143P.txt,-4.938,-1.514,-24.716
42P.txt,-1.65,4.464,-24.29
4P.txt,0.074,13.48,-27.971
6P.txt,-0.713,9.911,-33.423
7P.txt,-3.937,9.523,-35.784
178P.txt,-5.721,-6.667,-28.19
144P.txt,-7.517,2.778,-24.981
50P.txt,22.489,6.576,-17.166
34P.txt,-5.698,6.801,-33.211
20P.txt,7.415,3.37,-41.118
135P.txt,22.461,2.237,-21.024
36P.txt,-9.444,1.656,-40.447
22P.txt,7.41,7.938,-36.807
24P.txt,8.589,11.477,-29.918
