1A14,355,15.02,30.366,47.697
1A14,122,15.404,15.629,53.43
1A14,287,20.949,26.103,34.535
1A14,274,34.351,29.935,51.176
1A14,467,3.976,18.354,79.987
1A14,163,3.92,9.937,53.22
1A14,190,15.277,7.613,39.125
1A14,314,32.599,25.628,42.048
1A14,235,20.482,20.15,34.182
1A14,426,11.339,24.136,59.633
1A14,208,21.459,2.907,47.496
1A14,462,5.545,20.651,67.459
1A14,282,20.168,23.244,47.191
1A14,271,36.382,27.182,45.318
1A14,350,22.115,25.942,61.794
1A14,127,7.778,12.978,39.075
1A14,329,22.532,35.199,64.94
1A14,423,9.885,25.439,48.862
1A14,249,36.92,23.744,64.378
1A14,230,19.0,18.446,51.868
1A14,166,2.541,11.73,57.327
1A14,311,30.475,22.72,33.174
1A14,195,24.002,7.353,53.054
1A14,368,17.359,33.516,68.34
1A14,246,36.8,17.372,58.578
1A14,455,-0.921,35.226,51.964
1A14,169,5.502,5.447,60.986
1A14,367,13.777,34.846,65.718
1A14,394,7.949,39.414,56.05
1A14,110,3.832,9.869,69.206
1A14,91,12.243,30.274,37.104
1A14,207,25.955,6.444,45.764
1A14,414,9.369,17.092,38.538
1A14,128,4.625,10.773,41.071
1A14,151,24.172,10.897,70.943
1A14,326,23.919,30.802,61.25
1A14,94,7.253,36.215,42.372
1A14,362,11.719,36.305,50.757
1A14,115,6.459,7.745,65.729
1A14,391,14.746,44.011,55.604
1A14,450,5.703,30.506,47.187
1A14,429,14.235,20.349,67.578
1A14,243,30.166,15.153,49.837
1A14,154,24.202,5.385,65.119
1A14,323,20.535,39.989,57.388
1A14,411,11.743,23.451,44.117
1A14,288,22.55,28.482,38.4
1A14,202,36.96,4.586,58.487
1A14,468,0.832,15.475,77.774
1A14,251,40.445,24.208,57.962
1A14,228,23.528,18.449,51.253
1A14,442,12.894,14.463,67.887
1A14,86,14.529,17.788,34.827
1A14,309,25.191,21.728,35.876
1A14,107,5.955,14.848,68.635
1A14,383,21.63,39.665,49.646
1A14,370,21.262,31.976,70.876
1A14,210,16.55,2.51,40.514
1A14,403,12.458,25.281,71.322
1A14,269,38.071,21.069,44.771
1A14,348,28.041,26.317,66.352
1A14,331,23.357,41.368,67.129
1A14,146,14.53,7.13,73.19
1A14,386,23.811,44.768,49.074
1A14,102,3.31,21.023,55.452
1A14,375,12.731,30.13,60.624
1A14,188,13.174,12.195,36.164
1A14,83,10.161,8.971,33.767
1A14,447,6.371,23.035,54.889
1A14,254,34.812,20.669,50.547
1A14,334,25.137,48.249,58.885
1A14,143,10.724,4.031,73.546
1A14,406,19.165,21.525,60.91
1A14,215,28.971,4.389,43.814
1A14,135,18.272,10.777,59.607
1A14,342,30.239,39.346,60.482
1A14,409,15.797,23.856,49.983
1A14,263,27.881,6.346,37.26
1A14,290,21.919,27.991,44.416
1A14,470,7.077,13.068,82.021
1A14,389,21.046,44.383,52.525
1A14,303,28.118,29.965,52.964
1A14,187,16.94,12.274,37.41
1A14,174,10.321,4.321,51.067
1A14,222,40.666,8.807,57.633
1A14,448,5.868,27.043,53.935
1A14,431,14.13,17.977,73.525
1A14,266,33.899,16.333,37.615
1A14,295,30.996,28.74,58.324
1A14,130,6.043,14.929,47.262
1A14,347,33.385,26.421,66.667
1A14,149,18.224,10.156,70.616
1A14,434,17.23,23.624,74.948
1A14,227,26.27,15.63,53.141
1A14,89,13.848,25.329,32.042
1A14,182,21.67,12.532,53.757
1A14,306,26.072,30.66,42.443
1A14,171,3.848,0.386,61.358
1A14,108,0.342,16.696,68.836
1A14,129,5.085,11.248,45.648
1A14,327,22.112,29.88,65.373
1A14,150,21.317,14.025,71.707
1A14,206,26.56,4.384,49.585
1A14,415,4.985,21.456,38.254
1A14,90,10.956,26.628,34.747
1A14,168,7.624,9.394,60.973
1A14,111,1.895,10.525,73.325
1A14,395,6.079,35.274,56.709
1A14,366,16.742,31.757,63.822
1A14,247,37.337,20.274,60.918
1A14,454,1.206,40.184,49.086
1A14,410,11.315,21.829,48.886
1A14,289,22.557,24.489,41.185
1A14,203,33.595,6.949,56.621
1A14,469,6.239,12.637,76.059
1A14,322,23.632,42.817,57.006
1A14,155,25.546,1.619,64.433
1A14,451,2.55,33.187,47.041
1A14,428,9.971,21.782,64.594
1A14,242,28.219,19.307,48.726
1A14,390,18.749,45.659,56.02
1A14,114,4.17,3.252,66.697
1A14,363,16.969,35.472,53.781
1A14,95,8.648,35.162,46.64
1A14,234,19.184,17.369,38.924
1A14,427,14.267,20.517,62.392
1A14,315,31.338,29.77,42.463
1A14,191,15.108,9.79,44.21
1A14,162,8.039,10.506,56.091
1A14,275,36.981,30.528,53.947
1A14,286,16.55,30.613,34.443
1A14,466,7.43,17.754,77.095
1A14,123,11.155,17.834,51.422
1A14,354,18.506,31.002,50.49
1A14,194,23.741,9.763,49.15
1A14,310,26.65,21.776,31.921
1A14,167,3.709,10.607,60.522
1A14,369,21.097,35.724,68.545
1A14,422,9.69,28.246,46.446
1A14,248,34.293,21.786,62.544
1A14,231,16.639,18.377,47.593
1A14,126,9.332,12.036,42.992
1A14,351,20.763,23.113,57.389
1A14,328,24.888,30.779,67.088
1A14,209,20.042,5.762,39.905
1A14,463,2.521,21.047,69.734
1A14,270,35.759,24.486,47.783
1A14,283,17.973,27.282,44.534
1A14,223,36.997,14.196,60.51
1A14,449,5.483,27.155,49.457
1A14,430,10.069,19.332,71.112
1A14,388,24.611,48.614,53.002
1A14,175,14.66,2.474,54.156
1A14,186,13.85,12.095,40.69
1A14,302,24.265,30.77,56.089
1A14,408,15.427,23.935,53.721
1A14,291,23.986,26.17,47.466
1A14,262,25.462,7.044,40.369
1A14,343,32.743,37.922,62.823
1A14,134,14.752,11.609,57.694
1A14,170,7.298,1.653,62.053
1A14,307,26.718,24.55,40.855
1A14,183,21.375,13.477,49.829
1A14,109,0.794,11.846,66.419
1A14,88,16.977,23.422,35.709
1A14,435,12.803,20.223,75.809
1A14,226,30.761,16.306,57.101
1A14,346,33.695,30.606,66.566
1A14,131,7.864,10.704,50.098
1A14,148,20.163,9.032,73.416
1A14,294,26.688,24.73,59.399
1A14,267,36.95,15.162,42.902
1A14,349,25.43,26.084,63.926
1A14,147,17.731,7.091,76.396
1A14,330,26.128,38.052,65.921
1A14,211,15.081,2.051,45.776
1A14,402,8.018,27.927,69.775
1A14,268,35.312,20.41,41.58
1A14,308,27.445,25.008,35.583
1A14,371,18.818,29.563,70.274
1A14,382,20.068,42.444,45.991
1A14,106,5.099,13.834,64.981
1A14,87,16.085,19.966,32.039
1A14,250,38.436,24.371,60.576
1A14,229,21.623,16.501,55.921
1A14,443,11.688,16.11,64.497
1A14,407,16.46,24.902,57.372
1A14,214,26.006,2.227,42.044
1A14,142,6.229,7.19,74.766
1A14,335,28.245,46.248,56.892
1A14,446,6.912,22.994,58.953
1A14,255,35.963,16.205,47.686
1A14,374,12.41,30.378,65.737
1A14,103,2.513,20.32,60.133
1A14,387,27.458,45.348,51.872
1A14,189,14.99,8.979,34.071
1A14,404,13.553,25.554,65.685
1A14,217,32.862,7.716,48.213
1A14,141,9.226,8.905,70.71
1A14,336,28.85,42.949,55.699
1A14,138,15.74,3.163,65.638
1A14,445,8.241,18.488,59.467
1A14,256,31.625,19.628,44.386
1A14,377,11.317,34.094,55.781
1A14,100,0.871,25.73,54.672
1A14,384,24.518,37.366,47.075
1A14,179,22.858,6.318,58.113
1A14,144,12.515,1.653,77.151
1A14,333,25.305,44.305,61.158
1A14,212,19.084,-1.204,42.088
1A14,298,35.253,31.671,61.157
1A14,401,8.053,31.178,72.217
1A14,84,13.289,12.564,29.473
1A14,372,19.019,25.189,67.034
1A14,381,16.524,43.047,48.472
1A14,105,1.753,17.215,63.751
1A14,253,39.331,18.152,52.773
1A14,439,16.846,10.923,79.707
1A14,440,12.488,12.708,73.573
1A14,173,8.72,4.397,56.863
1A14,304,26.882,30.798,48.538
1A14,180,26.526,9.218,59.952
1A14,436,16.473,18.24,80.303
1A14,225,32.249,11.87,55.196
1A14,345,29.725,33.296,66.911
1A14,132,7.792,14.86,54.651
1A14,297,36.802,28.141,61.124
1A14,264,31.73,9.569,39.884
1A14,220,37.455,13.067,51.355
1A14,259,27.032,11.924,41.547
1A14,433,19.403,20.078,74.476
1A14,378,13.535,38.272,56.136
1A14,176,15.56,5.296,50.778
1A14,185,17.786,13.556,44.092
1A14,301,28.036,34.996,57.007
1A14,292,22.719,28.155,51.237
1A14,261,22.895,6.99,35.587
1A14,218,36.552,6.122,51.665
1A14,339,34.422,37.491,49.96
1A14,340,35.574,36.564,54.564
1A14,137,17.922,7.662,65.904
1A14,197,28.487,5.054,57.342
1A14,313,31.852,24.544,37.212
1A14,164,3.41,15.064,52.163
1A14,399,6.49,32.226,67.594
1A14,421,5.285,27.35,44.023
1A14,458,-1.642,30.373,62.08
1A14,232,19.847,17.027,45.531
1A14,125,9.936,15.865,44.743
1A14,352,20.106,26.514,55.954
1A14,460,2.068,26.856,61.0
1A14,273,35.62,33.159,49.118
1A14,280,24.381,22.45,51.518
1A14,419,7.467,29.153,37.46
1A14,237,21.481,13.955,35.084
1A14,424,10.449,26.824,53.718
1A14,99,1.784,28.192,50.687
1A14,118,13.626,11.825,63.677
1A14,316,32.406,30.527,46.517
1A14,192,20.604,10.078,43.88
1A14,161,10.64,8.07,53.108
1A14,276,33.768,25.492,56.962
1A14,285,17.454,29.062,38.526
1A14,465,1.776,19.704,75.879
1A14,159,17.32,8.059,54.579
1A14,120,18.74,15.491,60.721
1A14,357,16.123,35.997,42.333
1A14,279,24.665,21.125,56.772
1A14,413,12.415,21.13,40.474
1A14,200,34.362,9.625,63.397
1A14,321,23.619,40.792,54.106
1A14,156,21.658,1.634,65.996
1A14,358,17.432,39.642,43.664
1A14,452,1.946,35.441,43.841
1A14,238,24.061,16.195,36.267
1A14,241,26.616,16.391,45.931
1A14,96,4.813,38.235,47.128
1A14,393,8.204,41.609,52.881
1A14,117,13.168,9.001,66.687
1A14,360,12.674,37.237,44.348
1A14,319,25.04,35.982,52.084
1A14,324,23.544,37.803,60.109
1A14,153,27.854,10.354,64.622
1A14,205,29.561,6.801,50.777
1A14,416,1.992,22.158,35.631
1A14,198,30.675,5.198,60.386
1A14,112,-0.652,7.132,71.512
1A14,396,6.535,34.801,61.322
1A14,365,16.923,35.297,60.669
1A14,93,8.023,32.29,41.296
1A14,244,32.642,18.056,54.147
1A14,457,1.589,36.055,59.3
1A14,265,30.727,12.319,35.769
1A14,296,30.708,25.413,62.121
1A14,133,12.849,12.27,52.268
1A14,344,31.472,36.185,66.837
1A14,437,12.179,17.655,82.097
1A14,224,32.924,13.28,60.487
1A14,181,24.625,11.77,56.369
1A14,305,28.102,26.859,46.548
1A14,172,4.835,5.068,56.976
1A14,338,30.995,39.274,50.469
1A14,136,16.042,7.253,61.894
1A14,341,33.942,34.999,57.641
1A14,260,24.694,10.755,34.835
1A14,293,25.756,26.674,53.328
1A14,219,37.245,8.855,54.132
1A14,379,11.878,40.782,50.562
1A14,300,27.276,34.273,61.123
1A14,184,17.929,12.737,47.86
1A14,177,19.858,4.469,53.005
1A14,221,40.014,13.222,56.004
1A14,258,29.822,17.45,39.515
1A14,432,18.03,15.833,76.243
1A14,385,25.339,41.372,45.875
1A14,101,3.714,21.679,50.74
1A14,376,12.389,35.237,60.545
1A14,178,21.85,2.511,56.221
1A14,444,8.47,18.125,63.627
1A14,257,31.963,14.099,44.385
1A14,337,32.11,40.452,55.566
1A14,140,9.83,4.496,68.995
1A14,139,13.55,4.252,68.151
1A14,405,16.02,24.323,63.376
1A14,216,30.932,2.729,46.573
1A14,252,38.135,21.468,55.458
1A14,438,12.868,14.227,77.909
1A14,441,16.212,14.189,70.467
1A14,104,4.365,15.86,60.655
1A14,380,16.854,40.796,51.633
1A14,373,14.403,29.846,68.667
1A14,85,17.559,12.783,32.401
1A14,213,23.661,-0.327,45.25
1A14,299,30.224,32.134,60.28
1A14,400,11.453,33.287,69.84
1A14,332,22.056,42.188,62.584
1A14,145,15.805,1.511,72.651
1A14,361,15.946,37.741,47.859
1A14,116,10.351,6.462,63.899
1A14,392,11.581,44.963,52.234
1A14,318,30.678,33.916,52.807
1A14,97,4.026,35.038,50.416
1A14,453,-1.325,36.466,46.35
1A14,239,23.296,15.178,40.297
1A14,240,25.182,18.264,41.872
1A14,157,20.513,7.73,62.496
1A14,320,26.824,40.364,51.384
1A14,359,14.43,41.952,43.975
1A14,278,28.987,22.189,57.283
1A14,412,7.568,20.374,42.302
1A14,201,38.397,7.061,61.615
1A14,245,36.165,14.982,55.338
1A14,456,-1.394,35.686,55.778
1A14,92,12.353,31.459,40.981
1A14,199,33.651,5.263,61.898
1A14,364,16.276,32.43,56.585
1A14,397,7.274,30.661,60.002
1A14,113,1.947,6.462,67.975
1A14,204,31.386,5.467,53.814
1A14,417,3.93,26.027,34.646
1A14,152,24.595,13.027,65.859
1A14,325,21.19,33.703,58.476
1A14,461,3.781,25.317,66.323
1A14,281,20.648,24.203,51.11
1A14,272,36.723,30.403,46.58
1A14,418,5.29,29.367,32.935
1A14,353,16.601,28.546,53.466
1A14,124,11.922,15.417,47.895
1A14,420,11.066,25.919,38.697
1A14,459,2.221,30.498,64.461
1A14,233,19.515,19.621,42.258
1A14,165,2.026,15.532,56.102
1A14,312,30.795,19.761,35.613
1A14,196,27.513,8.924,55.094
1A14,398,8.23,29.698,64.309
1A14,158,18.304,5.791,58.459
1A14,356,19.788,34.032,46.344
1A14,121,14.587,16.973,58.404
1A14,284,17.003,25.39,40.769
1A14,277,31.17,24.308,53.395
1A14,464,3.908,19.204,71.9
1A14,119,17.678,15.993,63.992
1A14,160,13.318,7.535,56.556
1A14,193,19.976,8.13,47.524
1A14,317,29.973,34.447,47.729
1A14,98,7.023,31.96,51.773
1A14,236,20.704,16.43,31.405
1A14,425,13.221,21.913,55.577
