1FE8,1046,22.048,-1.478,13.836
1FE8,998,17.804,25.178,22.104
1FE8,1007,19.723,8.629,13.84
1FE8,953,7.423,19.731,29.999
1FE8,1043,23.465,6.502,9.934
1FE8,956,8.492,21.014,34.631
1FE8,1002,20.931,21.016,11.351
1FE8,1088,3.404,10.764,17.242
1FE8,959,11.532,14.499,40.853
1FE8,1074,11.492,-3.209,16.526
1FE8,1087,4.299,5.141,16.056
1FE8,992,13.124,25.883,31.417
1FE8,961,17.626,15.761,41.766
1FE8,1035,15.487,9.244,19.945
1FE8,1071,12.256,-0.495,11.269
1FE8,1082,7.55,-3.304,19.981
1FE8,1008,23.455,6.638,15.059
1FE8,925,15.139,5.164,40.346
1FE8,1030,18.82,4.778,35.676
1FE8,1049,21.455,0.084,19.581
1FE8,997,18.624,29.41,24.2
1FE8,964,15.811,12.181,42.309
1FE8,937,16.77,20.172,7.86
1FE8,1090,-0.468,16.211,14.874
1FE8,1063,7.773,9.057,15.859
1FE8,1103,2.018,7.634,30.526
1FE8,976,25.5,15.582,18.406
1FE8,985,21.738,24.371,39.048
1FE8,1022,30.533,12.003,31.27
1FE8,1095,3.954,18.328,23.209
1FE8,1066,4.747,10.255,6.994
1FE8,932,18.17,13.022,21.27
1FE8,1027,27.212,5.89,38.073
1FE8,973,22.578,16.225,12.74
1FE8,980,20.771,20.952,28.586
1FE8,1106,4.877,7.386,35.175
1FE8,1028,23.676,4.507,39.605
1FE8,1051,25.553,0.277,22.681
1FE8,1069,12.128,3.368,8.903
1FE8,1010,23.388,10.339,17.809
1FE8,944,13.86,22.334,17.397
1FE8,979,22.005,22.524,24.166
1FE8,1054,25.824,-2.995,26.244
1FE8,941,11.536,25.292,12.653
1FE8,938,13.439,17.621,7.737
1FE8,1015,25.337,5.932,24.929
1FE8,1034,14.064,10.257,24.54
1FE8,960,14.675,17.591,39.106
1FE8,993,16.842,28.947,30.215
1FE8,1086,5.941,6.233,20.385
1FE8,1075,16.436,-1.322,15.4
1FE8,958,10.485,16.146,36.581
1FE8,965,15.468,13.017,37.777
1FE8,996,14.006,28.818,25.845
1FE8,1031,21.445,5.529,32.509
1FE8,1048,24.034,2.329,18.68
1FE8,1083,7.217,-1.732,24.28
1FE8,1070,9.547,1.778,11.447
1FE8,1009,26.6,8.612,14.736
1FE8,952,10.181,23.679,28.3
1FE8,1006,23.77,11.348,10.872
1FE8,999,17.843,27.863,18.082
1FE8,1047,25.552,-0.075,16.572
1FE8,1003,20.879,18.694,8.829
1FE8,1089,-0.834,11.997,13.139
1FE8,957,5.835,17.424,35.415
1FE8,1042,21.89,8.95,6.777
1FE8,945,9.74,25.342,18.198
1FE8,1068,8.836,7.338,10.829
1FE8,1011,22.046,6.65,20.01
1FE8,1108,11.195,7.031,31.443
1FE8,1029,21.659,5.783,37.568
1FE8,1050,24.268,-3.187,20.657
1FE8,1014,24.115,9.519,24.01
1FE8,940,9.712,23.098,9.27
1FE8,939,9.957,18.289,8.621
1FE8,1055,26.274,0.512,27.899
1FE8,978,25.495,19.04,24.764
1FE8,1023,32.33,15.601,34.31
1FE8,1102,1.96,11.369,33.981
1FE8,984,23.052,21.968,35.619
1FE8,977,24.875,19.347,20.195
1FE8,1062,9.346,9.51,19.674
1FE8,1091,4.906,17.789,15.811
1FE8,936,17.04,17.959,11.144
1FE8,981,24.195,20.221,30.391
1FE8,972,19.369,14.263,15.602
1FE8,1107,7.34,4.249,29.5
1FE8,1026,23.296,10.217,38.625
1FE8,933,15.887,17.026,20.404
1FE8,1067,9.634,12.389,5.899
1FE8,1094,5.831,15.655,21.041
1FE8,982,24.221,15.05,32.251
1FE8,971,20.481,19.384,18.818
1FE8,1104,6.713,9.113,28.018
1FE8,1025,26.814,11.753,35.734
1FE8,930,19.398,12.005,27.167
1FE8,949,7.852,22.44,24.306
1FE8,1064,7.268,12.567,14.489
1FE8,1097,3.525,12.535,24.919
1FE8,1059,15.959,3.504,23.839
1FE8,1020,31.582,7.687,29.592
1FE8,1101,0.158,13.412,31.326
1FE8,987,16.042,26.288,39.651
1FE8,974,25.412,17.512,11.091
1FE8,1018,24.144,8.349,29.612
1FE8,1061,11.831,5.401,20.197
1FE8,1092,1.141,19.395,16.73
1FE8,935,17.851,18.972,14.168
1FE8,1017,26.596,13.127,28.075
1FE8,943,7.955,20.011,12.836
1FE8,1056,22.896,-1.56,32.23
1FE8,988,12.493,23.218,37.211
1FE8,946,6.338,21.82,19.135
1FE8,1098,4.359,15.534,28.441
1FE8,1012,26.104,7.073,20.52
1FE8,1053,22.59,-4.488,24.605
1FE8,1000,16.795,23.712,13.069
1FE8,1079,16.091,-4.88,24.132
1FE8,954,10.522,15.357,30.73
1FE8,1041,18.932,7.375,8.933
1FE8,1038,11.42,13.317,11.643
1FE8,928,20.66,9.865,34.403
1FE8,951,11.66,19.509,26.944
1FE8,1005,19.29,12.429,9.829
1FE8,969,18.72,18.575,26.186
1FE8,1044,23.536,2.411,10.609
1FE8,966,20.202,14.553,35.748
1FE8,995,15.57,24.767,26.407
1FE8,1032,17.676,7.072,29.362
1FE8,927,16.587,8.793,35.823
1FE8,1080,12.438,-3.335,24.633
1FE8,1073,11.749,3.599,15.365
1FE8,1037,12.584,10.162,14.609
1FE8,963,18.336,12.444,45.449
1FE8,990,19.118,27.389,35.056
1FE8,1085,7.991,2.435,20.064
1FE8,1076,16.548,2.767,17.858
1FE8,989,14.093,28.301,35.445
1FE8,1057,20.872,2.65,27.697
1FE8,942,8.031,24.711,13.793
1FE8,1016,29.653,8.221,23.603
1FE8,1052,22.659,0.86,24.443
1FE8,1099,1.114,18.359,28.624
1FE8,1013,27.245,12.032,21.673
1FE8,947,11.122,19.188,19.425
1FE8,1096,0.468,16.4,24.179
1FE8,1065,4.925,11.011,11.028
1FE8,931,15.584,14.72,26.191
1FE8,948,12.329,24.005,22.31
1FE8,1024,27.151,14.742,36.36
1FE8,970,21.191,16.305,23.401
1FE8,983,26.934,19.514,36.502
1FE8,1105,6.679,11.045,32.163
1FE8,934,15.23,15.983,15.043
1FE8,1019,27.833,5.483,30.053
1FE8,1093,0.635,14.849,18.925
1FE8,1060,12.137,5.2,25.671
1FE8,1100,-2.52,15.986,28.49
1FE8,975,26.999,17.291,14.729
1FE8,986,18.826,21.904,40.282
1FE8,1058,16.461,2.455,28.112
1FE8,1021,33.511,7.939,33.806
1FE8,1072,15.355,2.834,11.308
1FE8,1081,10.993,-2.824,21.838
1FE8,926,18.198,7.203,40.654
1FE8,1033,17.678,7.978,25.399
1FE8,994,19.545,26.241,29.234
1FE8,967,17.104,16.16,32.374
1FE8,1077,14.525,-0.104,21.225
1FE8,1084,10.013,1.285,24.521
1FE8,991,16.906,23.594,33.543
1FE8,962,20.38,15.071,43.762
1FE8,1036,12.89,12.845,18.875
1FE8,1040,15.299,8.096,7.006
1FE8,1039,13.775,11.364,8.266
1FE8,955,12.337,19.731,32.64
1FE8,1001,22.754,22.425,14.886
1FE8,1078,15.88,-2.939,21.319
1FE8,1045,20.802,2.57,13.768
1FE8,968,19.888,16.06,29.274
1FE8,1004,21.873,15.552,8.091
1FE8,929,17.123,11.496,31.063
1FE8,950,9.004,16.744,24.87
