2BDN,63,20.087,-15.524,17.176
2BDN,22,15.831,-12.875,21.193
2BDN,66,14.576,-16.312,16.581
2BDN,27,18.313,-7.494,12.256
2BDN,28,21.192,-11.413,10.44
2BDN,51,26.016,-5.218,18.322
2BDN,69,12.962,-19.076,12.138
2BDN,10,31.383,-2.397,7.092
2BDN,54,31.829,-14.746,17.034
2BDN,15,33.608,-10.122,17.774
2BDN,46,14.317,-3.178,19.257
2BDN,9,33.993,-0.484,4.075
2BDN,43,23.189,-9.302,15.779
2BDN,35,37.974,-5.148,2.146
2BDN,30,26.834,-13.346,7.925
2BDN,49,22.713,-0.683,19.24
2BDN,6,31.415,4.158,-4.875
2BDN,68,16.224,-16.702,9.636
2BDN,11,34.418,-3.75,9.384
2BDN,29,24.818,-5.913,8.038
2BDN,50,24.707,-1.648,14.337
2BDN,14,35.658,-6.272,19.148
2BDN,55,30.409,-15.873,13.628
2BDN,23,13.739,-10.398,23.645
2BDN,62,21.011,-20.016,18.116
2BDN,26,15.621,-6.976,14.52
2BDN,67,16.144,-13.244,13.366
2BDN,34,38.713,-9.305,2.119
2BDN,7,30.66,1.037,-1.588
2BDN,31,30.794,-8.894,7.448
2BDN,48,18.94,0.691,15.814
2BDN,70,11.163,-14.926,14.036
2BDN,8,30.1,1.355,1.754
2BDN,47,16.961,0.831,19.493
2BDN,42,26.333,-6.631,12.236
2BDN,41,27.512,-10.955,12.946
2BDN,38,37.607,-11.802,11.646
2BDN,44,19.766,-3.444,13.686
2BDN,32,32.131,-11.871,4.066
2BDN,37,39.775,-8.449,9.905
2BDN,25,17.556,-8.931,18.196
2BDN,64,21.548,-15.834,12.986
2BDN,59,25.028,-15.347,21.053
2BDN,20,21.936,-9.858,22.466
2BDN,18,27.741,-9.473,27.781
2BDN,61,25.245,-19.879,15.127
2BDN,17,31.986,-10.338,25.484
2BDN,56,33.331,-19.105,15.043
2BDN,12,33.957,-5.898,12.805
2BDN,53,29.24,-10.889,16.552
2BDN,33,35.034,-8.646,3.18
2BDN,5,33.206,0.964,-6.675
2BDN,36,37.707,-7.255,6.834
2BDN,40,30.974,-10.963,11.005
2BDN,39,33.974,-14.056,8.431
2BDN,45,18.808,-3.407,18.149
2BDN,57,29.727,-17.376,19.666
2BDN,16,29.905,-9.097,21.982
2BDN,52,29.853,-6.765,16.56
2BDN,13,37.988,-3.804,13.298
2BDN,65,18.556,-19.747,13.241
2BDN,24,17.454,-6.852,24.004
2BDN,19,23.093,-13.98,25.067
2BDN,60,25.458,-15.768,17.243
2BDN,58,25.215,-22.086,20.129
2BDN,21,18.01,-10.656,24.246
