2OZ4,437,-6.536,166.728,62.981
2OZ4,224,47.807,125.56,44.173
2OZ4,305,25.145,164.221,49.79
2OZ4,265,48.271,123.587,37.291
2OZ4,296,4.5,169.137,57.256
2OZ4,344,22.737,160.252,46.433
2OZ4,379,-26.663,169.486,50.055
2OZ4,300,11.748,174.524,53.006
2OZ4,221,46.069,117.599,39.786
2OZ4,258,47.316,145.973,43.819
2OZ4,432,-12.311,164.016,59.822
2OZ4,338,3.972,160.918,50.755
2OZ4,341,12.565,159.093,46.084
2OZ4,260,50.298,138.15,42.911
2OZ4,293,12.591,162.586,57.743
2OZ4,219,42.54,113.347,39.003
2OZ4,337,6.265,164.945,47.694
2OZ4,405,-22.983,159.818,62.383
2OZ4,216,46.746,111.849,31.731
2OZ4,385,-37.253,154.082,45.766
2OZ4,376,-18.156,166.213,51.019
2OZ4,444,-28.62,167.82,54.557
2OZ4,257,44.821,147.399,46.56
2OZ4,213,42.472,121.718,28.334
2OZ4,299,8.052,172.293,55.393
2OZ4,400,-8.334,160.51,57.298
2OZ4,332,7.222,174.247,49.326
2OZ4,252,39.274,143.177,54.138
2OZ4,438,-11.224,167.623,63.834
2OZ4,441,-18.821,169.533,55.765
2OZ4,380,-26.277,164.645,48.847
2OZ4,373,-18.69,171.714,49.34
2OZ4,359,21.538,156.227,49.291
2OZ4,278,42.737,142.185,41.731
2OZ4,412,-24.311,158.42,55.073
2OZ4,201,33.853,146.794,47.339
2OZ4,361,16.219,158.868,53.022
2OZ4,392,-17.773,161.616,51.678
2OZ4,239,36.767,116.202,32.37
2OZ4,240,37.552,115.136,28.045
2OZ4,204,32.675,142.422,48.946
2OZ4,417,-25.187,151.798,45.546
2OZ4,325,31.362,174.61,45.409
2OZ4,245,38.227,125.939,39.355
2OZ4,199,37.704,145.482,40.374
2OZ4,364,7.487,159.727,56.426
2OZ4,397,-0.758,161.425,55.583
2OZ4,420,-33.395,156.26,48.511
2OZ4,233,38.972,127.026,49.401
2OZ4,196,38.652,137.655,37.563
2OZ4,398,-2.453,160.19,58.332
2OZ4,281,36.67,149.185,45.349
2OZ4,272,51.881,125.092,34.118
2OZ4,418,-28.09,153.068,47.854
2OZ4,353,36.664,150.098,35.943
2OZ4,193,41.1,130.331,31.203
2OZ4,236,37.581,120.904,41.183
2OZ4,425,-34.884,162.412,55.699
2OZ4,356,28.723,153.918,38.744
2OZ4,284,32.444,155.316,50.497
2OZ4,277,45.912,142.262,38.92
2OZ4,445,-30.394,163.962,53.412
2OZ4,256,42.606,148.844,50.783
2OZ4,377,-21.123,167.147,49.258
2OZ4,384,-39.035,157.582,48.299
2OZ4,404,-21.109,160.242,58.466
2OZ4,217,46.35,112.425,35.278
2OZ4,336,1.731,165.645,45.83
2OZ4,372,-13.049,169.848,49.993
2OZ4,381,-32.202,166.208,47.035
2OZ4,253,40.693,146.91,54.527
2OZ4,439,-12.543,168.592,59.762
2OZ4,440,-16.631,169.152,61.226
2OZ4,333,6.633,170.211,50.712
2OZ4,212,43.762,123.596,32.008
2OZ4,298,5.225,173.39,53.582
2OZ4,401,-11.732,157.89,61.234
2OZ4,345,24.81,159.703,42.685
2OZ4,297,1.306,170.506,53.495
2OZ4,264,48.477,126.711,39.761
2OZ4,304,22.786,167.344,52.522
2OZ4,436,-1.876,166.034,61.521
2OZ4,225,43.298,129.465,43.424
2OZ4,292,12.546,167.235,59.201
2OZ4,261,44.822,136.247,41.093
2OZ4,218,42.806,115.714,35.738
2OZ4,339,6.958,158.622,48.908
2OZ4,340,7.6,161.98,45.374
2OZ4,220,46.631,112.469,40.0
2OZ4,259,46.33,142.321,45.957
2OZ4,433,-10.42,161.225,64.4
2OZ4,378,-23.717,169.285,52.123
2OZ4,301,13.003,170.151,52.27
2OZ4,185,53.025,113.853,33.781
2OZ4,352,40.0,152.575,34.462
2OZ4,273,51.811,130.237,37.517
2OZ4,280,41.108,145.887,46.608
2OZ4,419,-32.266,152.078,47.656
2OZ4,197,37.14,140.286,38.904
2OZ4,399,-6.366,157.908,55.67
2OZ4,421,-34.748,154.978,52.219
2OZ4,232,41.399,130.594,47.417
2OZ4,276,45.4,137.851,36.671
2OZ4,285,28.198,155.333,50.745
2OZ4,357,27.934,153.136,45.222
2OZ4,237,34.751,120.427,37.846
2OZ4,424,-31.269,158.004,54.326
2OZ4,192,46.071,128.457,33.335
2OZ4,238,37.843,116.89,37.726
2OZ4,241,41.525,115.134,29.5
2OZ4,393,-13.838,160.945,49.431
2OZ4,360,17.363,155.82,47.591
2OZ4,279,42.026,146.486,42.425
2OZ4,413,-24.532,155.106,52.958
2OZ4,200,36.855,143.33,44.585
2OZ4,358,22.987,154.663,44.563
2OZ4,198,40.951,142.458,35.577
2OZ4,396,-4.783,162.482,54.078
2OZ4,365,4.487,164.386,53.428
2OZ4,244,36.815,123.94,36.436
2OZ4,324,34.5,173.51,45.927
2OZ4,205,31.862,137.244,47.962
2OZ4,416,-22.442,152.155,49.501
2OZ4,395,-6.316,165.659,51.434
2OZ4,366,2.24,164.684,57.134
2OZ4,247,36.354,130.39,43.903
2OZ4,327,25.253,171.429,46.642
2OZ4,206,34.094,136.914,44.945
2OZ4,415,-19.544,154.713,48.267
2OZ4,428,-26.382,162.475,58.08
2OZ4,242,39.306,118.77,31.882
2OZ4,390,-23.508,158.229,48.896
2OZ4,363,9.88,162.519,52.04
2OZ4,410,-28.812,156.546,62.866
2OZ4,289,21.531,164.028,54.46
2OZ4,203,33.818,144.335,53.31
2OZ4,275,50.384,135.878,37.157
2OZ4,286,26.437,157.793,48.719
2OZ4,354,33.497,154.392,36.156
2OZ4,234,38.879,125.355,45.125
2OZ4,427,-28.648,166.045,59.745
2OZ4,191,49.036,129.369,30.742
2OZ4,351,41.525,150.681,37.141
2OZ4,328,22.118,171.971,49.589
2OZ4,209,37.081,130.573,37.343
2OZ4,270,55.884,119.719,35.196
2OZ4,283,32.571,153.872,46.539
2OZ4,194,42.294,133.193,35.505
2OZ4,369,-7.561,166.792,58.023
2OZ4,422,-38.392,158.929,53.887
2OZ4,248,34.846,132.366,46.585
2OZ4,231,46.647,131.163,51.313
2OZ4,408,-24.821,159.626,66.48
2OZ4,291,16.449,168.085,57.048
2OZ4,262,47.574,133.052,41.632
2OZ4,343,18.823,160.24,45.142
2OZ4,223,44.517,123.445,41.763
2OZ4,449,-42.006,161.907,47.21
2OZ4,430,-19.148,164.54,58.549
2OZ4,388,-28.565,157.761,44.421
2OZ4,302,17.303,170.388,52.71
2OZ4,186,50.569,115.258,30.042
2OZ4,346,28.438,158.244,42.869
2OZ4,294,7.936,162.526,59.138
2OZ4,267,50.939,117.145,37.16
2OZ4,307,30.792,160.427,52.549
2OZ4,435,-2.533,162.816,64.011
2OZ4,226,45.393,132.856,45.265
2OZ4,371,-14.058,167.432,54.243
2OZ4,382,-30.555,161.449,47.622
2OZ4,250,36.404,137.66,50.799
2OZ4,229,47.959,136.7,51.946
2OZ4,443,-24.53,166.384,55.47
2OZ4,349,38.338,155.789,38.294
2OZ4,330,16.312,173.612,48.325
2OZ4,211,40.599,126.483,33.455
2OZ4,402,-14.896,159.595,57.517
2OZ4,268,54.463,116.48,39.532
2OZ4,446,-33.608,166.353,51.562
2OZ4,255,43.205,143.287,51.42
2OZ4,374,-14.434,168.476,44.401
2OZ4,387,-29.282,154.799,42.153
2OZ4,189,53.387,124.732,28.308
2OZ4,407,-29.238,161.055,65.367
2OZ4,214,45.348,118.594,28.065
2OZ4,335,1.101,166.568,49.302
2OZ4,190,49.961,126.462,28.496
2OZ4,235,34.886,123.595,43.473
2OZ4,426,-31.213,164.18,57.488
2OZ4,355,32.857,152.129,40.064
2OZ4,287,24.822,158.478,52.824
2OZ4,274,48.175,132.426,35.587
2OZ4,423,-34.163,155.639,56.918
2OZ4,249,37.145,136.064,47.355
2OZ4,230,43.272,135.064,50.888
2OZ4,195,37.963,134.176,34.946
2OZ4,368,-4.403,167.399,56.88
2OZ4,208,37.858,133.013,40.862
2OZ4,282,36.927,151.879,49.44
2OZ4,271,54.068,124.202,37.082
2OZ4,350,39.133,151.749,40.093
2OZ4,329,17.68,170.042,46.442
2OZ4,207,33.871,134.669,41.697
2OZ4,414,-20.206,156.838,52.345
2OZ4,326,29.679,173.274,50.882
2OZ4,246,33.899,128.126,40.951
2OZ4,367,-1.599,165.064,53.326
2OZ4,394,-11.217,162.154,53.142
2OZ4,411,-24.827,155.488,59.247
2OZ4,288,20.599,160.641,51.641
2OZ4,202,36.082,146.432,50.853
2OZ4,362,10.897,157.003,50.97
2OZ4,391,-19.621,160.764,47.744
2OZ4,450,-42.006,159.202,44.86
2OZ4,429,-22.083,165.662,61.902
2OZ4,243,40.846,122.059,35.673
2OZ4,210,40.65,128.069,36.984
2OZ4,403,-17.4,158.086,61.658
2OZ4,269,58.106,117.548,39.523
2OZ4,348,35.361,155.609,42.166
2OZ4,331,11.881,171.094,48.199
2OZ4,251,38.232,141.52,50.62
2OZ4,228,47.612,137.071,47.761
2OZ4,442,-23.939,169.944,58.789
2OZ4,383,-35.694,160.813,44.804
2OZ4,370,-8.967,168.134,52.095
2OZ4,334,4.066,168.768,48.206
2OZ4,406,-28.711,160.517,61.52
2OZ4,215,45.51,117.897,31.716
2OZ4,386,-33.61,156.458,44.115
2OZ4,375,-14.246,165.842,48.493
2OZ4,188,50.603,121.286,28.898
2OZ4,447,-36.131,162.018,50.937
2OZ4,254,43.715,143.727,55.441
2OZ4,389,-23.616,156.905,45.272
2OZ4,187,51.284,119.62,32.344
2OZ4,303,18.559,167.226,49.899
2OZ4,222,47.387,119.505,43.197
2OZ4,448,-38.076,164.267,47.502
2OZ4,431,-15.587,163.472,63.284
2OZ4,342,14.684,162.874,47.641
2OZ4,409,-25.984,156.348,65.669
2OZ4,263,46.434,129.709,38.875
2OZ4,290,16.661,164.028,54.631
2OZ4,434,-5.954,162.924,62.138
2OZ4,227,43.957,137.223,46.183
2OZ4,306,27.292,163.872,53.989
2OZ4,266,50.864,121.154,40.132
2OZ4,295,7.644,166.904,56.875
2OZ4,347,31.475,158.24,40.534
