3HI6,142,49.749,-1.868,28.483
3HI6,214,33.106,8.578,23.307
3HI6,189,35.051,17.479,42.682
3HI6,255,44.017,20.402,17.67
3HI6,211,37.605,6.716,20.32
3HI6,268,59.754,4.297,10.039
3HI6,147,47.611,1.944,32.703
3HI6,250,34.021,14.334,13.513
3HI6,229,34.925,30.015,23.739
3HI6,308,53.671,34.499,31.59
3HI6,226,32.391,22.386,27.309
3HI6,170,39.609,11.629,30.618
3HI6,307,56.944,30.98,28.088
3HI6,183,35.785,19.211,30.345
3HI6,294,61.694,8.566,26.928
3HI6,267,58.698,0.036,11.877
3HI6,131,38.73,22.578,26.231
3HI6,148,50.529,4.072,36.829
3HI6,175,37.152,-2.676,22.929
3HI6,186,39.611,20.059,36.262
3HI6,302,55.554,20.745,28.209
3HI6,223,25.719,19.352,27.903
3HI6,134,44.573,13.646,28.531
3HI6,291,60.605,4.033,26.335
3HI6,262,57.213,1.435,21.62
3HI6,248,38.469,10.923,12.076
3HI6,231,40.792,25.56,21.501
3HI6,194,40.88,12.017,42.678
3HI6,167,38.803,22.984,30.987
3HI6,209,39.51,4.9,13.486
3HI6,270,54.351,1.627,12.398
3HI6,283,56.231,16.663,12.011
3HI6,191,42.43,16.241,42.813
3HI6,162,46.908,24.266,37.986
3HI6,234,42.765,14.892,21.253
3HI6,275,51.119,9.982,10.253
3HI6,286,53.438,12.538,15.534
3HI6,155,48.416,12.584,37.708
3HI6,289,57.979,7.906,22.951
3HI6,203,43.183,-5.587,29.971
3HI6,242,44.324,0.08,15.12
3HI6,206,43.255,-0.721,19.998
3HI6,129,39.876,29.375,26.676
3HI6,150,50.014,6.522,30.729
3HI6,247,35.74,8.225,9.398
3HI6,168,42.425,19.27,31.808
3HI6,130,42.401,25.053,26.042
3HI6,149,54.879,4.941,33.593
3HI6,266,60.367,-1.07,15.416
3HI6,295,56.336,9.966,29.123
3HI6,182,33.684,15.523,32.839
3HI6,306,55.516,27.03,30.449
3HI6,171,38.835,8.999,27.635
3HI6,227,35.629,26.261,27.781
3HI6,263,57.184,-3.172,20.983
3HI6,290,61.733,4.513,22.87
3HI6,135,42.285,9.283,24.135
3HI6,222,27.531,23.337,26.645
3HI6,303,57.964,21.857,32.127
3HI6,187,35.735,22.641,37.452
3HI6,174,40.211,-0.638,24.386
3HI6,254,39.549,18.318,17.209
3HI6,188,32.859,20.06,40.746
3HI6,215,35.823,12.382,22.142
3HI6,143,52.691,-4.847,31.748
3HI6,309,51.385,35.57,27.766
3HI6,251,37.557,15.441,14.446
3HI6,228,31.583,27.23,23.681
3HI6,146,53.813,-0.01,30.665
3HI6,210,36.027,5.108,17.932
3HI6,269,55.702,0.027,8.455
3HI6,243,41.878,-2.995,16.149
3HI6,288,57.384,8.24,18.276
3HI6,202,39.712,-1.554,29.792
3HI6,154,47.616,12.051,32.503
3HI6,169,39.315,15.375,30.047
3HI6,246,37.455,4.406,9.334
3HI6,128,42.867,31.338,25.413
3HI6,151,47.798,7.356,34.852
3HI6,207,38.923,0.042,18.811
3HI6,208,41.645,4.402,17.743
3HI6,282,52.945,14.871,11.377
3HI6,271,56.294,5.395,12.958
3HI6,166,45.204,25.174,29.63
3HI6,195,39.73,13.184,38.961
3HI6,249,35.375,13.157,9.044
3HI6,230,37.398,26.677,23.219
3HI6,287,55.16,13.335,19.449
3HI6,274,49.988,6.952,14.16
3HI6,235,46.439,14.335,24.01
3HI6,163,44.856,27.202,38.97
3HI6,190,40.026,21.708,40.54
3HI6,284,54.581,19.716,13.975
3HI6,277,44.663,8.481,13.915
3HI6,158,46.252,17.921,35.226
3HI6,236,45.951,10.211,21.155
3HI6,160,52.973,22.583,35.946
3HI6,193,45.537,12.367,42.499
3HI6,281,52.125,18.914,10.218
3HI6,272,53.79,5.988,8.095
3HI6,165,42.848,28.572,30.808
3HI6,196,42.628,9.434,37.582
3HI6,233,43.074,19.745,22.321
3HI6,199,41.256,4.05,36.668
3HI6,245,37.959,0.908,10.812
3HI6,152,51.891,9.219,36.57
3HI6,204,40.482,-5.682,25.862
3HI6,239,50.805,0.424,22.855
3HI6,240,49.256,0.756,18.968
3HI6,278,47.039,13.58,13.179
3HI6,201,44.155,-1.87,32.392
3HI6,157,50.195,17.877,32.605
3HI6,252,38.201,18.45,10.199
3HI6,145,54.656,-0.68,34.612
3HI6,213,34.324,9.217,16.492
3HI6,299,56.529,17.08,32.187
3HI6,257,49.18,17.148,19.606
3HI6,178,35.192,4.924,31.053
3HI6,216,33.711,14.288,19.307
3HI6,140,46.011,-6.949,25.893
3HI6,139,45.677,-2.294,25.897
3HI6,260,53.788,6.658,20.508
3HI6,293,61.709,5.247,30.975
3HI6,219,33.466,14.49,25.64
3HI6,136,43.751,6.663,28.847
3HI6,221,27.962,16.978,24.89
3HI6,258,49.568,10.765,18.321
3HI6,300,61.118,18.187,30.485
3HI6,184,32.346,19.133,35.103
3HI6,177,35.09,3.48,23.453
3HI6,133,40.81,15.262,25.827
3HI6,265,54.822,2.363,17.247
3HI6,296,61.047,12.514,32.378
3HI6,181,38.248,13.315,34.114
3HI6,305,57.968,24.881,25.741
3HI6,172,40.208,3.947,29.35
3HI6,224,29.703,17.13,29.856
3HI6,205,41.641,-4.876,21.675
3HI6,153,52.2,12.553,30.938
3HI6,244,39.247,0.132,14.468
3HI6,198,38.39,4.993,41.648
3HI6,156,52.674,15.335,36.073
3HI6,279,47.026,17.151,13.006
3HI6,200,39.516,-1.346,35.891
3HI6,238,48.964,4.597,21.723
3HI6,241,48.839,-0.627,14.715
3HI6,192,44.439,15.268,39.692
3HI6,161,48.664,23.417,33.466
3HI6,237,48.372,8.276,25.03
3HI6,159,49.521,18.213,39.347
3HI6,276,45.675,7.775,9.816
3HI6,285,50.521,17.864,15.447
3HI6,232,38.009,21.466,20.38
3HI6,197,41.292,6.864,43.486
3HI6,164,45.084,27.492,34.179
3HI6,273,49.763,4.06,11.068
3HI6,280,47.791,17.982,8.361
3HI6,176,35.259,0.257,24.892
3HI6,185,34.072,16.187,36.839
3HI6,301,59.855,19.112,25.371
3HI6,220,34.94,18.047,23.041
3HI6,259,51.868,10.164,22.246
3HI6,137,45.926,2.563,25.395
3HI6,292,56.031,3.498,28.344
3HI6,261,54.601,4.538,23.574
3HI6,218,29.478,11.605,23.439
3HI6,225,31.77,21.618,30.24
3HI6,173,41.509,3.793,23.868
3HI6,304,61.791,23.958,28.554
3HI6,180,37.616,7.635,33.616
3HI6,297,62.183,13.085,28.652
3HI6,264,54.098,-2.595,18.95
3HI6,132,43.053,18.87,26.996
3HI6,212,38.723,9.679,17.808
3HI6,298,57.433,14.723,26.506
3HI6,144,51.053,-3.046,35.005
3HI6,253,37.034,20.553,14.898
3HI6,141,49.788,-4.485,25.541
3HI6,138,43.955,-0.044,27.691
3HI6,217,30.21,12.91,19.698
3HI6,179,34.369,9.129,30.514
3HI6,256,43.844,15.669,15.542
