3ZKM,23,0.085,-38.972,15.606
3ZKM,348,10.545,-51.55,11.461
3ZKM,146,-15.753,-59.154,-2.05
3ZKM,331,15.282,-51.152,27.298
3ZKM,210,-2.48,-60.451,-2.987
3ZKM,91,-10.904,-60.172,14.641
3ZKM,62,-10.894,-50.299,26.731
3ZKM,309,16.629,-52.081,-5.546
3ZKM,370,14.891,-37.13,5.501
3ZKM,383,21.963,-48.863,-2.916
3ZKM,107,-8.349,-33.826,-0.093
3ZKM,251,10.573,-70.088,11.086
3ZKM,228,18.581,-69.199,2.395
3ZKM,215,10.927,-60.046,-6.784
3ZKM,143,-11.837,-57.256,0.168
3ZKM,334,15.356,-59.163,17.548
3ZKM,26,6.492,-48.933,15.488
3ZKM,254,13.749,-65.797,12.291
3ZKM,375,21.418,-37.923,15.553
3ZKM,102,-13.517,-35.36,5.798
3ZKM,386,23.229,-54.26,-7.572
3ZKM,188,0.784,-38.48,0.389
3ZKM,94,-19.602,-55.558,10.927
3ZKM,67,-18.622,-44.742,19.943
3ZKM,222,26.65,-58.237,6.884
3ZKM,174,12.583,-44.278,18.178
3ZKM,187,-0.586,-40.386,4.151
3ZKM,303,11.175,-50.873,-12.983
3ZKM,68,-19.113,-43.892,13.987
3ZKM,290,22.081,-49.1,17.921
3ZKM,263,29.049,-66.802,14.176
3ZKM,342,4.791,-64.46,4.928
3ZKM,135,-7.454,-47.173,6.162
3ZKM,50,-2.393,-55.167,4.555
3ZKM,29,1.22,-47.212,14.874
3ZKM,171,9.395,-40.23,11.372
3ZKM,306,18.872,-56.962,-15.56
3ZKM,182,4.281,-39.798,19.612
3ZKM,108,-10.853,-29.567,2.891
3ZKM,227,23.136,-70.401,2.08
3ZKM,55,-13.072,-49.797,9.821
3ZKM,347,7.067,-50.382,9.887
3ZKM,130,-2.648,-43.575,20.526
3ZKM,149,-16.291,-53.496,-0.58
3ZKM,295,24.692,-52.887,7.94
3ZKM,235,7.303,-68.379,-0.305
3ZKM,314,21.078,-49.827,9.766
3ZKM,190,-1.796,-38.674,-5.121
3ZKM,163,-3.486,-39.688,-8.902
3ZKM,274,16.386,-60.604,22.424
3ZKM,287,26.677,-47.924,26.528
3ZKM,47,-2.49,-46.418,8.05
3ZKM,122,-12.34,-60.832,19.183
3ZKM,355,7.074,-45.812,0.802
3ZKM,195,10.011,-32.761,1.15
3ZKM,311,16.323,-51.856,1.03
3ZKM,166,-0.486,-44.786,-1.298
3ZKM,368,15.689,-41.652,1.658
3ZKM,89,-3.223,-59.343,15.75
3ZKM,249,11.228,-63.363,8.344
3ZKM,230,15.664,-66.816,-3.794
3ZKM,127,-2.872,-52.616,24.618
3ZKM,350,8.076,-48.658,6.126
3ZKM,329,17.327,-47.262,32.25
3ZKM,42,-12.415,-36.36,16.413
3ZKM,208,-0.333,-60.517,-6.998
3ZKM,271,16.047,-71.02,20.94
3ZKM,282,19.085,-53.24,29.006
3ZKM,128,-1.863,-48.45,23.35
3ZKM,151,-11.091,-49.277,-1.464
3ZKM,34,-10.588,-39.802,9.303
3ZKM,207,5.271,-59.796,-9.115
3ZKM,169,7.222,-39.885,6.03
3ZKM,110,-16.915,-34.797,1.01
3ZKM,394,11.248,-66.091,-11.157
3ZKM,367,13.639,-43.484,-0.565
3ZKM,75,-24.782,-39.092,6.146
3ZKM,86,-10.302,-63.545,10.3
3ZKM,246,7.974,-56.187,13.486
3ZKM,288,25.134,-47.865,21.471
3ZKM,202,16.685,-47.283,-6.809
3ZKM,48,-3.205,-51.363,6.852
3ZKM,31,-2.611,-42.182,14.619
3ZKM,154,-10.166,-47.301,-4.996
3ZKM,243,0.367,-52.854,10.153
3ZKM,70,-24.481,-44.917,13.421
3ZKM,83,-18.131,-58.334,7.603
3ZKM,115,-17.978,-47.795,6.761
3ZKM,362,1.979,-52.95,-11.082
3ZKM,51,-5.63,-54.186,4.667
3ZKM,28,0.895,-51.033,19.652
3ZKM,134,-8.4,-50.025,10.084
3ZKM,343,8.449,-61.633,4.046
3ZKM,262,24.419,-64.569,16.36
3ZKM,291,27.68,-51.395,16.901
3ZKM,69,-22.882,-43.002,17.065
3ZKM,388,20.191,-60.664,-12.138
3ZKM,302,14.768,-52.499,-11.063
3ZKM,186,3.475,-38.254,6.186
3ZKM,175,10.99,-44.347,22.186
3ZKM,223,27.805,-58.865,3.826
3ZKM,294,24.259,-56.53,11.632
3ZKM,131,-5.725,-47.875,16.577
3ZKM,346,7.148,-53.486,8.091
3ZKM,148,-17.486,-54.983,-4.578
3ZKM,54,-12.753,-47.654,6.399
3ZKM,226,21.43,-65.506,3.572
3ZKM,183,6.893,-37.288,16.658
3ZKM,307,19.474,-52.435,-13.801
3ZKM,170,6.865,-43.957,8.766
3ZKM,109,-13.693,-32.653,0.232
3ZKM,250,9.957,-66.753,6.554
3ZKM,229,16.886,-70.488,-2.446
3ZKM,308,19.024,-54.828,-8.53
3ZKM,106,-5.729,-32.033,1.744
3ZKM,382,19.004,-46.765,-1.101
3ZKM,371,12.914,-38.231,9.158
3ZKM,63,-7.47,-51.187,25.447
3ZKM,90,-7.2,-60.294,15.009
3ZKM,211,-1.605,-59.075,0.308
3ZKM,349,11.537,-51.752,7.351
3ZKM,330,16.928,-47.001,26.945
3ZKM,147,-14.1,-57.39,-5.11
3ZKM,22,0.378,-39.6,9.983
3ZKM,66,-13.548,-42.38,20.363
3ZKM,95,-23.052,-53.208,11.571
3ZKM,387,23.513,-58.499,-11.575
3ZKM,103,-9.097,-36.183,5.235
3ZKM,374,18.51,-41.276,15.33
3ZKM,189,-3.376,-39.334,-0.361
3ZKM,255,15.956,-69.668,12.072
3ZKM,27,4.388,-50.419,17.896
3ZKM,335,12.668,-56.653,15.364
3ZKM,142,-7.272,-58.363,0.161
3ZKM,214,7.648,-57.049,-3.348
3ZKM,247,10.901,-57.881,9.561
3ZKM,87,-6.983,-58.31,10.168
3ZKM,74,-27.407,-38.274,8.728
3ZKM,168,3.724,-43.831,3.907
3ZKM,366,11.462,-48.401,-1.64
3ZKM,395,12.031,-65.856,-7.123
3ZKM,111,-14.292,-37.989,-0.262
3ZKM,206,3.382,-54.706,-7.775
3ZKM,35,-13.786,-35.958,10.006
3ZKM,129,-4.473,-48.472,20.742
3ZKM,150,-15.049,-48.834,-3.706
3ZKM,327,14.924,-41.56,31.137
3ZKM,363,6.128,-47.972,-9.798
3ZKM,114,-17.935,-48.46,1.572
3ZKM,82,-22.941,-58.136,8.935
3ZKM,71,-27.863,-43.715,16.304
3ZKM,242,1.592,-50.419,7.532
3ZKM,155,-13.129,-43.905,-3.748
3ZKM,322,9.969,-50.497,24.24
3ZKM,49,-0.567,-51.403,3.544
3ZKM,30,2.663,-44.73,12.152
3ZKM,289,23.596,-51.664,20.972
3ZKM,203,10.095,-46.746,-8.556
3ZKM,354,8.632,-41.274,0.789
3ZKM,123,-7.11,-60.067,20.134
3ZKM,46,-4.307,-47.77,11.504
3ZKM,286,25.822,-44.562,27.015
3ZKM,275,17.524,-63.571,19.571
3ZKM,162,-6.544,-38.433,-7.239
3ZKM,191,1.483,-38.954,-4.319
3ZKM,315,21.086,-51.73,13.651
3ZKM,234,9.479,-64.801,-2.4
3ZKM,209,-2.634,-55.908,-8.626
3ZKM,283,22.28,-52.102,26.246
3ZKM,270,19.017,-71.721,18.261
3ZKM,43,-12.514,-41.033,14.351
3ZKM,351,10.239,-46.327,10.517
3ZKM,126,-4.219,-54.175,21.122
3ZKM,328,20.578,-42.709,32.398
3ZKM,248,5.996,-61.538,10.028
3ZKM,231,12.199,-70.673,-4.5
3ZKM,88,-2.179,-61.761,11.566
3ZKM,167,3.005,-41.755,-0.086
3ZKM,310,21.577,-52.378,-1.211
3ZKM,194,9.349,-33.761,-2.927
3ZKM,369,13.898,-40.474,5.122
3ZKM,280,13.878,-56.616,26.849
3ZKM,273,14.108,-64.876,24.332
3ZKM,352,13.69,-45.612,6.85
3ZKM,125,-9.613,-52.631,19.266
3ZKM,39,-22.481,-34.665,12.408
3ZKM,40,-18.466,-34.499,12.086
3ZKM,232,12.426,-70.149,0.764
3ZKM,164,-3.728,-44.909,-8.334
3ZKM,313,17.652,-52.148,7.798
3ZKM,197,12.283,-37.593,-1.992
3ZKM,78,-27.003,-49.777,6.048
3ZKM,45,-7.975,-44.105,11.215
3ZKM,159,-15.027,-39.391,-5.392
3ZKM,357,2.541,-47.637,-1.782
3ZKM,120,-17.845,-58.953,17.192
3ZKM,285,21.357,-44.024,27.583
3ZKM,276,11.574,-65.099,21.145
3ZKM,118,-16.394,-52.998,14.676
3ZKM,161,-9.549,-37.195,-11.053
3ZKM,192,5.331,-37.944,-4.592
3ZKM,316,19.886,-48.244,14.271
3ZKM,237,2.858,-63.902,0.786
3ZKM,81,-23.476,-56.58,4.426
3ZKM,72,-24.811,-39.053,17.848
3ZKM,360,-0.514,-47.087,-11.985
3ZKM,117,-19.621,-50.547,11.983
3ZKM,393,14.991,-65.894,-13.816
3ZKM,319,17.577,-53.067,17.817
3ZKM,238,6.642,-60.279,-0.086
3ZKM,241,2.098,-54.279,6.389
3ZKM,33,-7.544,-36.688,12.502
3ZKM,156,-10.224,-40.861,-2.742
3ZKM,321,13.762,-48.785,21.981
3ZKM,358,2.729,-46.344,-8.447
3ZKM,279,14.262,-61.472,27.579
3ZKM,200,17.768,-41.805,-6.058
3ZKM,244,3.039,-55.337,10.342
3ZKM,198,17.402,-37.742,1.007
3ZKM,365,8.952,-47.019,-3.736
3ZKM,396,7.648,-65.675,-7.439
3ZKM,112,-19.573,-41.702,-0.47
3ZKM,84,-15.832,-61.108,9.497
3ZKM,77,-28.215,-46.324,5.294
3ZKM,205,8.058,-54.445,-9.402
3ZKM,153,-6.73,-44.589,-2.528
3ZKM,36,-16.689,-40.097,10.091
3ZKM,384,22.457,-48.932,-6.899
3ZKM,100,-19.858,-38.601,3.931
3ZKM,377,22.166,-39.939,11.228
3ZKM,65,-10.781,-43.329,24.529
3ZKM,96,-21.34,-52.977,5.675
3ZKM,256,19.176,-67.905,9.257
3ZKM,336,13.239,-59.64,13.556
3ZKM,141,-8.102,-58.8,-4.069
3ZKM,138,-5.003,-52.489,-0.358
3ZKM,24,3.11,-42.454,15.633
3ZKM,217,16.251,-60.981,-5.422
3ZKM,253,14.358,-67.241,6.59
3ZKM,60,-17.936,-49.377,23.198
3ZKM,93,-17.767,-58.383,13.128
3ZKM,19,2.788,-33.058,5.709
3ZKM,105,-4.439,-32.695,7.08
3ZKM,381,22.014,-47.682,3.391
3ZKM,372,15.291,-41.041,9.159
3ZKM,212,0.622,-53.02,-1.717
3ZKM,298,16.192,-56.211,1.497
3ZKM,21,-1.21,-36.558,8.011
3ZKM,58,-19.374,-48.771,17.016
3ZKM,333,11.411,-54.925,20.393
3ZKM,144,-13.281,-59.219,2.907
3ZKM,264,28.34,-61.592,15.08
3ZKM,297,20.359,-56.015,3.031
3ZKM,57,-15.642,-48.403,16.411
3ZKM,132,-10.624,-45.45,16.692
3ZKM,345,8.418,-55.214,4.608
3ZKM,225,24.896,-63.455,1.6
3ZKM,16,-0.152,-30.723,0.172
3ZKM,304,15.422,-53.581,-15.219
3ZKM,173,12.665,-44.108,14.884
3ZKM,339,6.389,-66.163,9.502
3ZKM,137,-4.405,-48.338,1.802
3ZKM,340,3.958,-69.222,8.669
3ZKM,52,-8.376,-53.702,1.807
3ZKM,261,22.628,-61.959,13.806
3ZKM,292,28.069,-54.415,19.947
3ZKM,218,20.144,-61.183,-1.858
3ZKM,378,21.72,-42.402,8.611
3ZKM,301,14.079,-57.972,-9.937
3ZKM,185,3.922,-38.454,9.749
3ZKM,176,7.915,-46.885,21.765
3ZKM,99,-20.849,-42.034,5.824
3ZKM,220,23.635,-58.994,2.193
3ZKM,259,21.912,-68.831,12.728
3ZKM,278,10.72,-62.995,26.06
3ZKM,201,13.084,-42.992,-6.356
3ZKM,320,12.48,-51.85,18.4
3ZKM,157,-8.951,-42.237,-7.247
3ZKM,359,-2.695,-48.571,-6.596
3ZKM,32,-5.252,-40.2,9.667
3ZKM,239,4.025,-58.064,2.076
3ZKM,240,4.617,-53.543,2.014
3ZKM,392,17.68,-65.569,-10.793
3ZKM,116,-17.171,-50.914,8.936
3ZKM,361,3.499,-47.069,-13.247
3ZKM,318,17.557,-54.887,13.627
3ZKM,73,-24.697,-39.988,11.063
3ZKM,80,-27.384,-55.129,5.374
3ZKM,37,-20.274,-37.888,9.05
3ZKM,152,-11.09,-44.522,1.849
3ZKM,204,9.942,-52.817,-6.989
3ZKM,76,-24.46,-45.011,8.177
3ZKM,85,-11.964,-59.129,8.991
3ZKM,199,17.299,-38.446,-3.97
3ZKM,113,-16.781,-44.196,1.791
3ZKM,397,6.396,-69.173,-6.231
3ZKM,364,6.99,-50.195,-4.534
3ZKM,245,5.186,-53.579,13.851
3ZKM,79,-24.643,-51.911,1.9
3ZKM,196,8.853,-36.251,2.533
3ZKM,312,19.994,-51.177,4.06
3ZKM,165,-0.462,-42.582,-6.027
3ZKM,233,14.506,-64.957,0.491
3ZKM,38,-23.609,-35.802,9.105
3ZKM,41,-18.142,-38.863,14.593
3ZKM,124,-8.429,-54.969,15.925
3ZKM,353,13.337,-46.52,3.77
3ZKM,272,16.515,-68.57,23.949
3ZKM,281,18.069,-55.504,26.285
3ZKM,236,3.221,-67.368,-0.044
3ZKM,119,-20.865,-55.936,15.938
3ZKM,317,15.476,-49.494,12.084
3ZKM,193,5.727,-33.963,-1.26
3ZKM,160,-10.675,-36.663,-6.791
3ZKM,277,10.702,-61.442,22.906
3ZKM,284,23.835,-47.6,29.969
3ZKM,158,-13.104,-42.354,-8.688
3ZKM,121,-13.347,-57.259,18.943
3ZKM,356,6.274,-44.633,-3.32
3ZKM,44,-8.004,-40.876,15.355
3ZKM,172,9.284,-43.173,14.324
3ZKM,305,15.096,-57.862,-15.139
3ZKM,181,6.07,-37.806,22.417
3ZKM,17,-1.577,-30.435,3.901
3ZKM,224,27.742,-62.289,5.783
3ZKM,344,6.075,-58.804,6.482
3ZKM,133,-9.467,-47.7,13.471
3ZKM,56,-14.929,-47.938,12.536
3ZKM,296,19.725,-56.279,7.438
3ZKM,265,28.09,-62.434,18.698
3ZKM,221,23.156,-60.633,7.165
3ZKM,258,18.871,-65.521,14.033
3ZKM,98,-22.349,-45.696,2.418
3ZKM,379,18.911,-45.053,9.995
3ZKM,184,5.311,-38.852,13.026
3ZKM,300,14.318,-55.47,-4.037
3ZKM,293,23.653,-56.008,16.543
3ZKM,260,23.782,-64.431,11.352
3ZKM,219,18.543,-61.314,2.688
3ZKM,53,-11.235,-53.659,4.717
3ZKM,338,8.714,-65.476,13.359
3ZKM,341,2.93,-67.405,5.247
3ZKM,136,-7.354,-49.869,3.784
3ZKM,216,12.595,-60.45,-1.996
3ZKM,25,4.596,-45.68,17.375
3ZKM,140,-9.605,-55.19,-3.937
3ZKM,337,9.318,-61.996,13.745
3ZKM,139,-3.975,-53.635,-4.784
3ZKM,257,18.491,-64.202,9.965
3ZKM,97,-21.752,-49.212,5.302
3ZKM,64,-10.982,-47.373,22.303
3ZKM,376,21.49,-36.898,12.187
3ZKM,101,-15.158,-39.231,4.915
3ZKM,385,22.792,-50.735,-9.716
3ZKM,145,-17.246,-59.651,1.417
3ZKM,332,17.33,-51.262,23.442
3ZKM,20,3.114,-34.153,9.805
3ZKM,59,-19.25,-50.403,19.992
3ZKM,213,3.627,-59.567,-3.75
3ZKM,299,20.082,-57.05,-2.208
3ZKM,373,18.159,-38.511,10.257
3ZKM,380,18.816,-45.908,6.08
3ZKM,104,-8.794,-32.626,7.637
3ZKM,92,-13.541,-56.484,11.772
3ZKM,61,-12.843,-51.499,23.639
3ZKM,18,-1.217,-34.42,2.806
3ZKM,252,13.113,-72.543,8.588
