4KUC,245,17.623,-15.176,28.443
4KUC,54,44.866,-6.265,14.59
4KUC,199,14.248,-23.067,2.423
4KUC,113,42.238,-6.74,-9.196
4KUC,15,31.964,-34.127,2.116
4KUC,204,15.398,-19.151,10.281
4KUC,152,36.7,-18.599,-8.986
4KUC,116,33.571,-1.536,-4.19
4KUC,28,33.945,-19.28,13.25
4KUC,239,3.455,-15.028,15.529
4KUC,51,38.646,-3.125,17.922
4KUC,240,7.354,-17.62,19.948
4KUC,157,32.619,-13.292,-15.875
4KUC,69,38.81,-21.119,-3.477
4KUC,201,11.739,-22.026,8.555
4KUC,10,40.073,-23.713,6.348
4KUC,158,30.506,-16.014,-15.321
4KUC,121,24.636,-6.843,2.559
4KUC,95,30.761,0.878,2.83
4KUC,66,35.443,-27.923,-8.174
4KUC,119,25.851,-4.225,-3.804
4KUC,160,24.595,-13.194,-14.4
4KUC,193,22.625,-35.482,9.985
4KUC,27,36.035,-22.196,14.767
4KUC,236,4.079,-23.19,11.908
4KUC,90,38.627,-8.229,-4.307
4KUC,63,36.567,-25.379,-0.792
4KUC,124,16.408,-5.95,2.001
4KUC,233,7.691,-16.694,13.357
4KUC,22,30.009,-28.635,13.91
4KUC,165,23.134,-12.522,-4.603
4KUC,196,17.18,-33.962,1.178
4KUC,136,11.84,-18.484,-2.14
4KUC,71,38.516,-16.09,1.113
4KUC,260,27.975,-1.82,28.804
4KUC,82,32.699,-7.511,4.426
4KUC,219,23.089,-6.782,26.361
4KUC,184,20.536,-21.203,12.147
4KUC,177,22.94,-15.915,10.579
4KUC,221,17.924,-7.535,30.965
4KUC,30,36.382,-18.636,18.344
4KUC,258,23.878,-3.554,21.678
4KUC,49,34.577,1.365,20.011
4KUC,74,33.82,-12.554,8.71
4KUC,87,42.237,-14.866,-6.563
4KUC,133,12.313,-13.71,-0.917
4KUC,35,35.882,-11.545,23.861
4KUC,224,16.826,-11.667,31.978
4KUC,181,21.352,-17.578,15.691
4KUC,172,25.462,-14.536,4.867
4KUC,43,28.752,-15.07,23.978
4KUC,252,21.74,-16.812,20.838
4KUC,104,37.909,-2.562,4.049
4KUC,213,15.078,-5.466,18.838
4KUC,88,44.224,-12.329,-8.666
4KUC,145,29.517,-26.755,-4.042
4KUC,101,36.482,2.051,4.761
4KUC,178,25.319,-20.212,12.167
4KUC,257,28.76,-3.81,22.816
4KUC,46,33.819,-7.594,19.95
4KUC,140,22.874,-26.326,1.817
4KUC,139,19.731,-23.147,2.447
4KUC,216,19.335,-5.05,22.974
4KUC,237,4.459,-19.182,11.652
4KUC,26,31.373,-24.361,17.994
4KUC,118,27.146,-0.418,-5.077
4KUC,192,24.553,-31.428,5.953
4KUC,161,25.02,-9.606,-10.128
4KUC,67,38.997,-28.586,-6.548
4KUC,94,28.777,0.814,0.025
4KUC,159,28.648,-14.9,-12.42
4KUC,120,25.165,-4.02,0.226
4KUC,197,19.144,-28.429,-2.063
4KUC,164,26.743,-12.874,-6.786
4KUC,23,34.291,-28.904,13.829
4KUC,232,10.069,-14.944,17.6
4KUC,125,20.906,-3.383,-0.646
4KUC,62,34.959,-21.45,1.426
4KUC,91,35.158,-8.782,-5.765
4KUC,153,33.666,-19.475,-12.315
4KUC,205,13.607,-15.642,8.306
4KUC,14,33.303,-31.643,-0.21
4KUC,198,15.692,-26.286,2.204
4KUC,112,46.514,-7.64,-9.092
4KUC,55,41.924,-7.416,17.072
4KUC,244,13.728,-14.846,29.755
4KUC,68,36.773,-23.743,-7.072
4KUC,11,33.973,-25.873,5.102
4KUC,200,14.616,-20.674,4.944
4KUC,156,36.093,-14.866,-14.434
4KUC,238,3.247,-19.605,14.67
4KUC,29,30.562,-20.071,17.155
4KUC,241,6.328,-14.452,23.078
4KUC,50,38.703,0.224,20.33
4KUC,117,30.119,-4.845,-4.727
4KUC,144,27.642,-23.658,0.056
4KUC,212,19.565,-7.089,17.551
4KUC,89,40.023,-10.516,-7.294
4KUC,105,41.941,-0.839,3.358
4KUC,253,25.844,-17.939,20.299
4KUC,42,24.982,-15.418,25.623
4KUC,217,17.074,-7.483,25.271
4KUC,141,26.432,-28.87,0.934
4KUC,138,16.978,-24.227,-1.915
4KUC,47,32.868,-2.514,21.013
4KUC,256,25.757,-7.354,18.927
4KUC,100,33.556,0.363,7.785
4KUC,179,27.556,-18.437,14.308
4KUC,31,39.869,-17.554,15.878
4KUC,220,19.607,-3.571,28.267
4KUC,48,32.803,-0.793,15.581
4KUC,259,26.19,-1.306,26.011
4KUC,5,47.405,-9.967,9.54
4KUC,176,27.149,-15.605,9.703
4KUC,185,24.747,-24.873,13.914
4KUC,83,33.806,-9.903,1.622
4KUC,261,28.351,-4.579,30.787
4KUC,70,36.317,-18.508,-2.01
4KUC,218,19.786,-10.316,26.259
4KUC,137,16.896,-18.92,-1.43
4KUC,173,21.668,-17.735,5.701
4KUC,180,24.79,-14.144,14.08
4KUC,225,14.062,-9.989,32.208
4KUC,34,38.227,-14.02,23.228
4KUC,132,14.249,-14.773,-5.086
4KUC,86,38.932,-14.71,-6.058
4KUC,75,33.064,-7.736,11.221
4KUC,170,23.544,-19.349,0.358
4KUC,183,17.081,-22.986,15.388
4KUC,109,46.642,-6.013,0.844
4KUC,37,31.459,-10.303,27.42
4KUC,226,13.335,-9.852,27.803
4KUC,131,14.635,-12.231,-7.216
4KUC,148,31.858,-21.671,-3.618
4KUC,85,40.847,-14.34,-2.21
4KUC,76,34.765,-9.619,14.701
4KUC,223,17.791,-9.987,37.02
4KUC,32,34.162,-14.217,16.09
4KUC,6,43.385,-10.117,9.367
4KUC,175,28.941,-18.894,7.558
4KUC,186,21.017,-27.02,13.062
4KUC,80,27.168,-9.898,7.746
4KUC,73,35.452,-11.412,5.162
4KUC,262,25.596,-4.122,33.71
4KUC,134,15.68,-14.358,3.581
4KUC,214,17.302,-10.836,20.442
4KUC,142,24.695,-27.573,-2.504
4KUC,255,25.244,-11.16,21.783
4KUC,44,29.309,-10.324,23.649
4KUC,9,38.573,-20.562,9.434
4KUC,103,38.95,-1.331,7.83
4KUC,189,23.892,-30.238,12.483
4KUC,147,28.034,-20.453,-4.147
4KUC,211,22.198,-10.687,16.008
4KUC,79,29.608,-12.076,11.989
4KUC,106,43.984,-2.74,6.648
4KUC,41,25.103,-18.736,29.937
4KUC,250,19.489,-22.873,23.451
4KUC,38,29.723,-13.905,28.866
4KUC,229,7.822,-8.973,24.807
4KUC,98,34.154,7.399,6.64
4KUC,203,12.196,-19.914,12.424
4KUC,12,35.472,-28.434,2.309
4KUC,155,36.632,-13.364,-10.841
4KUC,53,42.35,-2.953,12.196
4KUC,242,10.578,-14.154,24.089
4KUC,114,41.141,-3.937,-3.716
4KUC,129,20.286,-8.072,-6.69
4KUC,150,29.586,-18.289,-8.304
4KUC,17,29.928,-34.014,7.695
4KUC,206,12.269,-14.466,12.497
4KUC,168,27.107,-12.884,-1.429
4KUC,111,44.858,-8.401,-4.256
4KUC,247,13.968,-19.774,25.925
4KUC,56,36.928,-4.942,12.566
4KUC,194,19.172,-36.304,7.025
4KUC,167,25.602,-16.756,-3.506
4KUC,248,17.175,-17.245,23.814
4KUC,59,39.984,-14.769,6.818
4KUC,231,6.423,-11.527,17.989
4KUC,20,32.762,-30.916,9.254
4KUC,126,21.266,-9.225,-1.38
4KUC,18,27.239,-32.955,10.962
4KUC,209,14.935,-10.44,10.731
4KUC,61,39.047,-21.373,2.565
4KUC,92,35.538,-5.319,-0.523
4KUC,25,30.499,-23.019,12.881
4KUC,234,6.276,-21.848,16.777
4KUC,191,18.993,-28.208,5.667
4KUC,162,21.541,-12.443,-9.991
4KUC,64,34.246,-26.645,-4.222
4KUC,97,30.981,3.511,8.572
4KUC,123,19.601,-10.831,4.393
4KUC,102,40.206,2.66,7.59
4KUC,188,21.976,-25.734,8.137
4KUC,45,30.603,-10.023,19.459
4KUC,254,27.299,-14.98,18.996
4KUC,8,42.591,-18.372,7.965
4KUC,143,23.305,-24.828,-2.153
4KUC,215,21.251,-8.532,21.508
4KUC,251,18.569,-20.43,20.24
4KUC,40,22.741,-13.498,31.033
4KUC,228,9.439,-5.988,26.2
4KUC,39,26.558,-9.485,28.246
4KUC,107,40.844,-6.867,3.938
4KUC,210,15.559,-10.491,15.503
4KUC,78,28.801,-8.185,12.748
4KUC,146,25.768,-24.494,-6.32
4KUC,77,31.794,-6.568,15.403
4KUC,84,34.52,-12.392,-2.76
4KUC,130,18.087,-12.219,-6.71
4KUC,149,31.364,-21.762,-8.046
4KUC,227,10.407,-5.489,29.612
4KUC,36,35.51,-12.425,27.327
4KUC,182,23.082,-22.413,18.785
4KUC,171,27.164,-17.834,2.4
4KUC,108,41.656,-9.634,0.968
4KUC,135,11.529,-16.889,2.178
4KUC,263,27.9,-3.755,37.119
4KUC,72,34.475,-15.166,2.979
4KUC,81,30.13,-11.028,4.908
4KUC,187,17.84,-25.84,10.542
4KUC,174,25.239,-21.858,5.579
4KUC,33,35.086,-14.971,20.663
4KUC,222,16.001,-6.761,35.109
4KUC,7,42.567,-14.972,11.361
4KUC,208,18.005,-14.272,10.062
4KUC,19,31.535,-33.439,13.274
4KUC,93,29.299,-6.138,0.447
4KUC,60,36.227,-18.01,5.802
4KUC,127,16.053,-10.483,-0.94
4KUC,58,37.743,-13.62,10.668
4KUC,249,20.82,-19.996,26.4
4KUC,21,28.522,-26.821,9.409
4KUC,230,10.902,-10.309,21.396
4KUC,166,20.303,-17.701,-4.999
4KUC,195,21.955,-34.437,0.839
4KUC,122,21.382,-5.479,3.194
4KUC,96,27.626,2.013,5.92
4KUC,65,33.52,-31.793,-6.074
4KUC,163,23.743,-15.898,-9.251
4KUC,190,19.499,-31.292,9.448
4KUC,235,10.097,-25.233,12.208
4KUC,24,33.248,-23.931,9.739
4KUC,115,37.009,-4.735,-8.396
4KUC,243,7.684,-13.049,27.843
4KUC,52,42.237,-3.184,17.496
4KUC,154,31.714,-11.509,-10.324
4KUC,99,35.276,2.862,11.418
4KUC,13,31.469,-28.251,0.586
4KUC,202,9.505,-19.09,9.308
4KUC,57,38.357,-7.899,9.714
4KUC,246,16.149,-18.769,29.324
4KUC,169,21.614,-14.951,0.438
4KUC,110,47.817,-9.53,-1.96
4KUC,207,16.014,-15.908,14.626
4KUC,16,30.309,-32.523,4.181
4KUC,128,16.613,-6.21,-4.983
4KUC,151,31.403,-16.192,-5.348
