4LU5,98,-4.531,2.24,4.919
4LU5,174,-38.924,-5.962,3.293
4LU5,135,-27.08,6.047,11.318
4LU5,182,-16.145,-1.153,13.18
4LU5,171,-40.655,-3.03,5.835
4LU5,108,-15.954,5.105,9.806
4LU5,130,-18.314,-5.115,16.826
4LU5,149,-29.672,3.945,-1.979
4LU5,146,-25.209,6.732,-3.976
4LU5,107,-13.61,7.178,10.747
4LU5,143,-19.032,8.949,-0.566
4LU5,102,-14.565,-0.041,1.737
4LU5,128,-21.272,-9.783,15.988
4LU5,151,-29.38,-0.67,2.756
4LU5,169,-44.153,0.76,4.408
4LU5,110,-19.751,2.715,6.308
4LU5,154,-30.569,1.848,12.633
4LU5,115,-26.359,-11.242,3.038
4LU5,163,-37.29,12.377,4.788
4LU5,122,-28.712,-7.606,10.1
4LU5,127,-23.903,-6.784,17.022
4LU5,106,-16.253,11.147,8.903
4LU5,147,-22.066,3.265,-2.649
4LU5,103,-17.468,2.578,2.102
4LU5,142,-22.826,11.526,1.681
4LU5,134,-26.051,2.359,8.794
4LU5,175,-35.145,-9.074,2.373
4LU5,99,-7.502,-1.407,6.79
4LU5,131,-20.857,-3.351,14.333
4LU5,148,-26.451,3.098,1.673
4LU5,170,-45.105,-3.527,5.699
4LU5,183,-14.663,3.195,14.484
4LU5,109,-15.592,1.184,7.897
4LU5,123,-28.565,-6.309,13.332
4LU5,162,-36.273,10.706,1.213
4LU5,126,-23.554,-5.956,12.753
4LU5,111,-18.08,-3.501,5.515
4LU5,129,-18.996,-8.131,12.705
4LU5,150,-32.444,0.389,-0.934
4LU5,114,-24.299,-9.456,-0.112
4LU5,155,-34.634,2.863,11.582
4LU5,117,-30.702,-11.083,5.796
4LU5,156,-35.735,-0.555,10.298
4LU5,112,-21.199,-4.795,1.495
4LU5,153,-31.121,0.806,8.998
4LU5,125,-25.254,-10.251,11.587
4LU5,164,-40.211,9.093,4.382
4LU5,159,-31.285,4.048,3.924
4LU5,120,-33.407,-8.56,12.94
4LU5,118,-35.025,-9.988,7.805
4LU5,161,-31.689,9.827,-1.843
4LU5,132,-23.621,-0.513,13.823
4LU5,173,-42.238,-9.578,6.083
4LU5,180,-21.497,-3.24,8.931
4LU5,137,-28.527,11.141,9.714
4LU5,176,-33.8,-4.488,1.793
4LU5,185,-7.969,4.254,14.431
4LU5,100,-11.119,-0.114,4.651
4LU5,179,-23.215,-1.269,4.111
4LU5,141,-26.125,15.076,2.617
4LU5,138,-24.559,9.698,9.667
4LU5,105,-18.023,9.559,6.008
4LU5,144,-21.784,7.039,1.612
4LU5,165,-43.766,8.297,7.043
4LU5,124,-27.177,-9.23,14.726
4LU5,119,-33.571,-4.886,10.966
4LU5,160,-34.058,6.778,1.711
4LU5,158,-35.022,1.111,4.271
4LU5,121,-31.262,-11.378,11.009
4LU5,157,-36.578,1.646,7.947
4LU5,116,-30.677,-9.908,-0.285
4LU5,152,-32.513,-3.293,6.421
4LU5,113,-22.421,-7.613,4.933
4LU5,139,-25.568,8.704,5.069
4LU5,101,-11.615,-3.766,2.58
4LU5,178,-26.195,-6.253,5.869
4LU5,145,-26.729,7.947,-0.221
4LU5,104,-12.623,5.923,5.853
4LU5,181,-20.539,0.658,10.723
4LU5,172,-41.53,-6.489,8.315
4LU5,133,-26.896,-0.94,10.899
4LU5,184,-11.017,2.987,11.965
4LU5,177,-27.958,-6.057,0.284
4LU5,136,-31.524,8.456,7.229
