4O58,54,-20.307,68.456,111.254
4O58,424,-12.162,64.186,140.523
4O58,237,14.147,65.328,106.042
4O58,161,21.091,47.674,90.857
4O58,316,-25.986,67.47,140.437
4O58,192,19.862,37.449,90.363
4O58,118,-2.062,61.812,102.146
4O58,15,-42.579,79.833,157.255
4O58,465,-42.816,76.89,161.736
4O58,496,-48.172,93.124,174.536
4O58,285,-19.747,54.209,120.005
4O58,276,-26.001,64.737,107.922
4O58,357,-56.599,85.29,158.641
4O58,120,3.583,62.699,97.3
4O58,159,22.667,43.44,82.731
4O58,500,-47.756,89.124,178.122
4O58,399,-3.797,48.095,122.242
4O58,164,22.388,53.595,93.683
4O58,197,24.033,42.33,92.91
4O58,313,-24.913,57.401,137.254
4O58,232,7.562,49.852,104.564
4O58,458,-46.348,91.466,167.882
4O58,421,-10.535,63.53,135.621
4O58,51,-19.723,59.671,113.009
4O58,28,-24.099,63.108,150.149
4O58,352,-43.214,80.236,152.109
4O58,125,14.752,61.078,93.596
4O58,419,-9.051,55.616,138.241
4O58,280,-17.992,69.632,118.685
4O58,273,-22.523,55.198,110.596
4O58,460,-45.21,83.611,170.794
4O58,493,-50.539,98.169,172.437
4O58,10,-55.178,85.495,166.589
4O58,69,-3.467,55.386,101.31
4O58,153,9.822,46.739,91.998
4O58,324,-42.932,64.306,151.54
4O58,416,-4.022,56.352,136.085
4O58,205,20.829,58.62,105.312
4O58,66,-3.805,55.845,106.683
4O58,95,-4.797,44.729,101.352
4O58,365,-44.455,82.549,147.4
4O58,112,0.245,60.184,108.934
4O58,396,-3.951,54.22,120.322
4O58,198,23.14,38.037,95.673
4O58,457,-42.411,91.321,171.336
4O58,244,21.905,59.63,101.358
4O58,27,-24.374,59.667,146.073
4O58,63,-12.314,49.101,101.625
4O58,90,-14.593,51.948,108.7
4O58,200,21.595,43.6,99.138
4O58,499,-47.385,87.834,174.298
4O58,413,-1.346,56.187,131.414
4O58,279,-21.033,66.725,117.024
4O58,358,-59.808,87.203,159.588
4O58,156,18.32,44.476,85.688
4O58,321,-34.13,68.304,152.471
4O58,22,-41.422,63.165,141.485
4O58,241,19.049,67.42,106.37
4O58,238,14.695,68.44,110.125
4O58,452,-38.02,84.909,164.827
4O58,319,-32.583,70.694,144.893
4O58,360,-58.609,82.868,156.138
4O58,393,-3.349,62.188,118.102
4O58,117,-1.96,65.293,104.912
4O58,144,-2.119,47.305,83.628
4O58,82,-7.792,63.591,100.664
4O58,71,1.834,52.929,100.482
4O58,401,-1.189,43.266,117.999
4O58,298,-15.304,55.125,124.484
4O58,212,20.978,49.742,107.086
4O58,478,-50.287,88.573,156.095
4O58,381,-25.343,73.859,136.965
4O58,105,1.21,49.92,110.92
4O58,372,-31.324,82.674,146.113
4O58,49,-24.37,55.866,116.182
4O58,30,-23.507,61.95,154.926
4O58,440,-31.589,74.774,150.418
4O58,439,-27.94,76.252,149.854
4O58,253,11.871,54.146,95.937
4O58,217,15.978,35.408,99.901
4O58,404,4.382,44.798,126.38
4O58,87,-8.715,58.179,108.351
4O58,74,-4.531,50.39,93.602
4O58,138,-0.312,41.523,92.767
4O58,336,-47.61,73.589,159.28
4O58,141,-2.986,50.73,89.175
4O58,256,8.804,61.621,97.351
4O58,445,-33.406,78.63,158.473
4O58,35,-35.774,62.129,148.263
4O58,179,7.628,56.413,102.606
4O58,100,2.267,45.929,103.401
4O58,384,-20.419,71.644,135.896
4O58,377,-28.338,75.64,142.159
4O58,433,-25.139,67.07,146.24
4O58,259,3.649,68.998,103.432
4O58,220,7.844,37.543,104.043
4O58,43,-22.786,60.53,132.982
4O58,185,13.33,38.209,97.207
4O58,301,-12.511,60.707,122.474
4O58,176,10.745,66.615,103.252
4O58,378,-28.146,78.083,138.181
4O58,218,12.413,33.699,101.553
4O58,481,-45.341,90.114,157.081
4O58,472,-57.38,91.631,163.222
4O58,261,0.453,70.292,107.073
4O58,292,-23.665,65.664,130.116
4O58,88,-12.738,56.683,109.966
4O58,137,0.921,38.694,89.57
4O58,340,-44.275,69.258,160.766
4O58,339,-40.061,71.779,161.673
4O58,9,-57.82,87.938,167.574
4O58,304,-15.396,68.487,122.588
4O58,180,12.682,53.546,103.003
4O58,173,10.061,75.982,105.764
4O58,46,-25.938,57.865,125.043
4O58,225,0.902,34.486,95.082
4O58,436,-27.337,71.981,147.37
4O58,132,12.377,53.95,86.958
4O58,345,-48.842,72.776,146.812
4O58,264,-7.785,69.174,114.698
4O58,297,-19.564,55.932,125.73
4O58,484,-41.318,94.068,154.634
4O58,477,-51.086,92.416,157.602
4O58,26,-28.761,62.129,145.605
4O58,456,-39.802,93.745,167.567
4O58,245,19.294,56.8,98.786
4O58,397,-7.027,54.41,124.524
4O58,113,-2.799,60.938,111.508
4O58,364,-47.419,82.452,149.408
4O58,199,23.254,40.578,98.31
4O58,94,-9.422,45.204,101.198
4O58,67,-0.632,52.755,105.792
4O58,417,-6.796,59.884,132.626
4O58,204,18.194,55.661,104.098
4O58,325,-47.658,67.512,152.734
4O58,152,10.209,53.574,92.142
4O58,318,-31.13,70.687,140.961
4O58,116,-3.756,65.255,107.981
4O58,392,-7.985,67.354,118.998
4O58,361,-56.528,80.157,154.357
4O58,240,18.91,71.391,105.857
4O58,239,14.762,71.799,107.617
4O58,453,-35.932,88.717,164.867
4O58,23,-38.187,62.096,143.744
4O58,359,-59.686,87.787,155.396
4O58,320,-35.01,71.378,148.343
4O58,157,19.858,48.478,83.434
4O58,201,23.22,48.146,100.953
4O58,498,-53.649,89.236,173.451
4O58,412,-0.371,52.36,134.978
4O58,278,-23.494,68.716,114.369
4O58,91,-13.078,46.398,110.038
4O58,62,-14.659,53.753,102.535
4O58,121,5.46,66.715,96.703
4O58,356,-55.251,80.279,159.827
4O58,158,21.452,47.563,79.951
4O58,497,-53.578,92.645,175.969
4O58,464,-44.639,74.381,163.94
4O58,277,-24.884,65.821,111.821
4O58,284,-15.89,54.845,118.503
4O58,14,-46.654,79.084,158.408
4O58,193,16.68,37.72,87.426
4O58,317,-28.61,68.346,143.002
4O58,160,23.824,46.328,85.418
4O58,119,0.284,67.347,100.352
4O58,425,-16.628,62.947,139.881
4O58,236,11.408,62.695,108.926
4O58,55,-17.635,70.351,113.004
4O58,11,-52.828,84.672,163.567
4O58,68,-2.955,50.727,102.228
4O58,418,-9.942,56.658,133.804
4O58,272,-19.884,54.035,112.523
4O58,281,-17.907,64.463,120.473
4O58,492,-45.446,96.36,171.093
4O58,461,-41.858,80.057,167.75
4O58,124,13.711,64.141,90.94
4O58,353,-45.053,83.047,153.727
4O58,50,-25.542,59.095,112.742
4O58,29,-20.169,63.764,152.084
4O58,233,11.707,50.419,106.578
4O58,459,-45.166,86.907,168.071
4O58,420,-7.363,60.294,139.119
4O58,501,-53.516,87.016,179.261
4O58,398,-8.777,49.583,121.849
4O58,312,-23.381,54.292,134.939
4O58,196,22.729,41.263,89.511
4O58,165,24.968,58.125,95.746
4O58,341,-43.816,68.605,156.335
4O58,136,2.944,42.957,90.013
4O58,338,-39.471,74.572,158.558
4O58,89,-9.082,52.914,110.172
4O58,219,11.578,35.851,104.304
4O58,473,-53.652,89.663,160.687
4O58,480,-46.902,93.478,155.374
4O58,293,-19.342,66.772,132.575
4O58,260,4.859,66.869,107.931
4O58,177,7.382,61.669,105.28
4O58,300,-11.65,56.099,122.241
4O58,184,12.332,40.931,101.488
4O58,379,-23.737,78.328,139.418
4O58,42,-23.245,64.936,135.498
4O58,432,-21.515,70.541,144.759
4O58,258,3.953,61.971,102.026
4O58,221,4.922,34.657,103.864
4O58,296,-19.613,55.486,130.441
4O58,265,-5.399,65.666,112.954
4O58,476,-52.804,93.37,154.254
4O58,485,-43.769,96.628,155.025
4O58,344,-46.768,68.012,147.874
4O58,133,8.381,52.201,87.03
4O58,224,-2.166,38.892,98.115
4O58,437,-28.881,69.822,150.963
4O58,47,-24.894,57.276,121.089
4O58,172,11.815,73.565,101.833
4O58,181,11.866,50.045,100.673
4O58,305,-15.257,65.632,124.926
4O58,441,-31.665,73.669,154.577
4O58,438,-26.325,72.595,153.489
4O58,252,11.324,49.951,97.105
4O58,48,-26.845,58.359,117.912
4O58,31,-26.555,59.734,152.638
4O58,373,-31.433,79.174,145.661
4O58,104,6.905,51.048,114.206
4O58,380,-23.366,74.593,141.736
4O58,400,-4.647,43.897,118.163
4O58,299,-11.364,54.668,126.584
4O58,213,17.679,47.319,105.717
4O58,479,-48.442,91.274,153.208
4O58,70,0.702,56.492,102.645
4O58,83,-7.868,67.415,103.726
4O58,145,0.983,44.338,85.84
4O58,178,11.31,61.358,101.991
4O58,376,-26.709,79.579,145.362
4O58,385,-22.803,72.297,132.396
4O58,101,6.371,44.471,106.416
4O58,34,-30.741,62.194,150.191
4O58,257,7.782,65.882,99.815
4O58,444,-36.397,78.034,155.25
4O58,139,-0.619,45.408,91.883
4O58,140,-3.471,44.264,88.376
4O58,337,-44.204,73.878,158.878
4O58,75,-8.298,49.635,96.998
4O58,86,-11.17,61.911,112.243
4O58,216,16.257,38.525,103.823
4O58,405,8.838,48.215,128.811
4O58,188,18.431,33.107,95.042
4O58,375,-29.316,82.326,141.571
4O58,386,-17.988,75.53,131.859
4O58,102,5.338,48.249,108.657
4O58,254,11.302,57.285,97.158
4O58,447,-37.689,83.346,155.397
4O58,37,-36.802,68.143,144.42
4O58,143,-5.502,46.274,82.905
4O58,334,-54.238,72.76,159.928
4O58,215,17.842,42.141,101.902
4O58,406,5.514,50.469,125.327
4O58,76,-6.624,53.462,97.739
4O58,85,-9.888,66.896,110.975
4O58,32,-25.519,56.233,149.33
4O58,442,-30.01,78.389,154.87
4O58,228,7.406,38.054,98.265
4O58,251,15.629,50.462,96.594
4O58,370,-36.891,81.039,145.492
4O58,107,4.596,55.14,114.747
4O58,383,-18.467,75.313,138.795
4O58,309,-16.043,58.272,133.92
4O58,73,-3.507,49.918,97.288
4O58,80,-3.933,60.311,95.426
4O58,269,-8.95,51.738,115.253
4O58,403,3.039,45.088,122.055
4O58,489,-44.867,100.037,166.668
4O58,210,22.308,55.004,109.012
4O58,146,1.334,47.936,89.116
4O58,348,-45.621,79.35,143.392
4O58,295,-17.886,59.859,128.761
4O58,266,-6.579,61.903,114.3
4O58,475,-55.297,89.392,153.722
4O58,486,-45.454,94.017,160.672
4O58,149,1.62,55.093,93.811
4O58,347,-46.769,74.838,142.306
4O58,130,18.332,51.804,87.458
4O58,44,-23.643,61.128,128.004
4O58,227,6.623,33.981,98.547
4O58,434,-24.018,68.135,151.706
4O58,108,3.895,55.517,109.94
4O58,171,16.237,73.417,100.196
4O58,182,13.249,46.505,101.358
4O58,306,-17.22,64.528,127.685
4O58,342,-43.419,69.796,153.116
4O58,135,5.763,45.284,88.661
4O58,470,-50.393,86.521,170.379
4O58,483,-43.553,93.436,151.206
4O58,290,-20.732,68.44,124.681
4O58,263,-2.623,69.765,114.371
4O58,409,3.265,52.702,129.943
4O58,79,-8.255,57.889,99.976
4O58,174,8.424,71.897,104.565
4O58,303,-12.876,66.688,120.768
4O58,187,14.003,33.041,94.733
4O58,389,-12.008,68.461,127.264
4O58,431,-18.586,68.089,147.978
4O58,448,-38.648,81.34,160.956
4O58,222,0.88,32.246,99.043
4O58,38,-34.49,68.142,140.604
4O58,41,-26.905,62.483,134.687
4O58,271,-17.498,49.99,112.066
4O58,282,-16.214,61.914,117.588
4O58,491,-50.478,95.798,164.434
4O58,462,-46.168,77.675,167.382
4O58,208,19.762,64.844,112.221
4O58,12,-51.329,81.325,162.076
4O58,98,4.337,42.974,96.357
4O58,127,16.664,56.676,90.971
4O58,350,-37.328,76.207,145.156
4O58,230,7.672,45.327,100.457
4O58,249,19.664,46.51,96.009
4O58,423,-11.655,60.887,143.882
4O58,53,-20.64,65.49,108.629
4O58,368,-35.449,87.325,148.395
4O58,502,-52.063,85.909,184.4
4O58,311,-18.758,56.624,137.33
4O58,195,17.423,43.331,92.444
4O58,166,20.693,59.209,95.321
4O58,122,6.209,64.106,92.924
4O58,355,-52.666,82.711,155.724
4O58,17,-40.034,73.275,152.301
4O58,494,-53.819,94.073,169.637
4O58,467,-44.237,82.82,163.644
4O58,274,-20.664,58.961,108.474
4O58,287,-21.442,61.246,118.012
4O58,190,13.039,37.157,92.244
4O58,314,-22.782,60.881,138.611
4O58,163,26.416,51.423,93.87
4O58,56,-14.869,67.891,113.472
4O58,426,-18.096,60.068,143.16
4O58,235,12.972,59.072,106.628
4O58,115,-0.429,65.4,109.621
4O58,391,-8.145,66.777,124.102
4O58,362,-53.141,80.658,152.624
4O58,20,-41.981,66.612,145.052
4O58,59,-11.691,60.683,105.45
4O58,243,17.36,61.819,101.609
4O58,429,-21.368,64.929,143.009
4O58,450,-36.88,88.325,157.37
4O58,323,-39.998,66.492,152.987
4O58,154,14.359,50.592,91.394
4O58,92,-14.611,47.08,105.528
4O58,61,-11.827,54.649,104.479
4O58,18,-40.614,72.83,147.211
4O58,468,-49.86,82.738,168.203
4O58,202,18.732,49.525,101.601
4O58,288,-21.279,62.062,122.342
4O58,411,-2.991,49.285,128.729
4O58,455,-43.27,89.65,164.055
4O58,246,23.585,53.69,99.237
4O58,25,-32.35,59.013,145.306
4O58,394,-5.32,61.372,122.276
4O58,110,0.542,58.309,114.49
4O58,367,-39.486,85.851,144.498
4O58,169,17.94,68.392,98.974
4O58,414,-6.044,55.924,129.894
4O58,207,23.055,65.628,108.207
4O58,97,-0.875,45.201,96.505
4O58,64,-8.75,51.942,102.951
4O58,151,6.63,53.173,96.234
4O58,128,20.835,57.241,86.2
4O58,109,-2.14,54.578,112.456
4O58,307,-13.754,64.604,131.356
4O58,183,11.985,42.914,97.173
4O58,170,14.866,70.046,102.948
4O58,226,3.685,36.487,95.859
4O58,435,-23.234,73.679,149.202
4O58,45,-24.726,56.941,128.642
4O58,148,2.45,49.998,96.529
4O58,131,14.9,50.163,85.487
4O58,346,-45.504,75.567,147.2
4O58,267,-6.87,57.791,113.382
4O58,294,-18.273,63.831,133.862
4O58,487,-45.38,98.892,161.752
4O58,474,-55.747,91.742,157.419
4O58,39,-31.693,66.068,139.432
4O58,40,-28.801,66.654,136.619
4O58,430,-20.801,64.707,147.098
4O58,449,-34.881,83.893,161.939
4O58,223,0.518,36.682,100.293
4O58,186,11.193,34.058,96.798
4O58,302,-11.444,64.311,117.489
4O58,175,9.547,68.435,108.349
4O58,388,-14.367,72.618,126.948
4O58,78,-8.786,58.36,95.958
4O58,482,-46.2,88.328,151.808
4O58,471,-52.075,91.042,165.508
4O58,262,1.111,70.787,112.74
4O58,291,-24.417,68.454,127.79
4O58,408,2.26,47.376,129.74
4O58,134,7.972,48.221,88.77
4O58,343,-45.699,73.932,152.582
4O58,84,-6.724,63.332,107.603
4O58,77,-5.765,55.497,93.771
4O58,214,20.223,43.444,104.799
4O58,407,0.519,47.571,125.26
4O58,335,-51.45,75.447,159.078
4O58,142,-6.452,47.635,86.022
4O58,36,-33.694,65.597,146.072
4O58,255,7.674,57.719,92.751
4O58,446,-31.806,83.067,155.682
4O58,189,15.633,32.913,89.31
4O58,103,8.534,47.837,110.625
4O58,387,-15.865,71.366,131.992
4O58,374,-32.654,79.149,141.754
4O58,147,4.296,48.727,93.205
4O58,349,-42.098,77.982,144.853
4O58,268,-11.321,56.843,115.341
4O58,402,0.665,40.815,122.369
4O58,488,-43.454,96.807,165.702
4O58,211,17.254,53.896,108.235
4O58,81,-3.302,64.415,97.692
4O58,72,-0.982,53.22,96.951
4O58,382,-22.952,77.574,135.043
4O58,106,2.077,52.466,114.886
4O58,371,-34.402,83.531,142.415
4O58,308,-14.346,57.165,130.354
4O58,443,-32.262,80.592,151.973
4O58,229,8.098,41.279,99.921
4O58,250,16.671,44.847,97.01
4O58,33,-29.861,56.506,148.861
4O58,469,-49.723,86.671,164.843
4O58,203,21.362,52.783,103.153
4O58,289,-23.844,64.584,123.577
4O58,410,0.358,52.798,125.945
4O58,60,-14.832,56.826,105.31
4O58,93,-10.118,46.867,105.455
4O58,19,-42.57,69.195,147.738
4O58,155,13.981,46.94,87.075
4O58,322,-38.345,65.641,148.997
4O58,242,20.296,65.467,102.817
4O58,428,-17.782,67.438,142.278
4O58,451,-40.405,86.568,159.779
4O58,21,-44.477,63.673,144.286
4O58,58,-15.019,63.099,108.799
4O58,363,-49.919,78.841,149.634
4O58,390,-11.016,70.723,122.306
4O58,114,-1.243,63.943,113.39
4O58,150,2.653,58.078,95.969
4O58,129,21.235,52.738,86.01
4O58,65,-5.719,51.323,105.725
4O58,96,-5.369,43.997,96.508
4O58,415,-6.364,52.749,134.368
4O58,206,20.034,61.824,107.58
4O58,366,-40.489,84.275,149.11
4O58,111,3.367,60.306,111.87
4O58,395,-2.754,57.448,123.557
4O58,168,16.629,65.004,97.494
4O58,24,-34.378,62.093,142.88
4O58,454,-40.766,91.633,160.257
4O58,247,21.614,50.659,96.889
4O58,369,-35.898,82.825,148.863
4O58,167,20.862,63.07,97.048
4O58,194,15.176,41.822,89.871
4O58,310,-15.044,54.013,136.352
4O58,52,-21.456,63.766,112.994
4O58,231,9.801,46.041,104.091
4O58,248,23.732,46.91,96.004
4O58,422,-13.644,58.749,138.411
4O58,351,-38.013,78.546,149.939
4O58,126,19.416,60.441,89.344
4O58,13,-47.376,83.064,159.522
4O58,99,3.041,41.665,99.606
4O58,283,-17.109,58.145,119.947
4O58,270,-15.289,53.005,113.561
4O58,463,-42.146,75.057,166.836
4O58,490,-49.428,99.485,164.53
4O58,209,19.894,59.197,110.375
4O58,427,-15.534,64.466,145.672
4O58,234,9.49,56.586,109.544
4O58,57,-12.553,67.678,106.462
4O58,162,24.428,50.198,90.08
4O58,315,-28.07,61.756,139.681
4O58,191,18.018,38.858,94.241
4O58,466,-45.358,78.451,162.962
4O58,495,-50.188,91.961,171.273
4O58,286,-20.284,57.922,118.082
4O58,275,-23.65,61.767,109.141
4O58,16,-41.969,76.961,153.94
4O58,354,-49.281,77.113,154.071
4O58,123,11.12,64.916,94.806
