4RGM,111,37.455,50.45,65.846
4RGM,168,12.614,36.986,75.396
4RGM,23,23.877,49.316,79.098
4RGM,150,20.59,27.437,62.176
4RGM,129,17.725,28.016,57.849
4RGM,62,34.371,49.581,58.862
4RGM,91,30.543,52.606,74.877
4RGM,206,26.393,51.452,89.891
4RGM,26,22.19,46.94,73.348
4RGM,114,33.258,40.066,68.978
4RGM,203,25.885,42.133,88.515
4RGM,67,38.863,38.573,72.59
4RGM,94,42.257,50.256,71.203
4RGM,155,25.865,26.464,66.542
4RGM,68,39.319,33.903,70.406
4RGM,11,20.93,33.344,89.923
4RGM,123,31.172,22.087,55.892
4RGM,234,12.343,33.851,83.55
4RGM,5,21.418,23.432,87.879
4RGM,29,17.992,45.149,70.232
4RGM,50,41.118,41.86,63.087
4RGM,162,21.182,37.785,69.554
4RGM,191,24.107,18.371,73.184
4RGM,126,22.599,23.346,56.285
4RGM,14,17.36,42.559,88.829
4RGM,209,31.314,45.427,82.184
4RGM,167,10.881,35.996,70.702
4RGM,194,26.366,17.567,77.524
4RGM,55,27.302,48.31,59.595
4RGM,231,15.331,24.841,78.867
4RGM,134,12.963,27.92,72.992
4RGM,223,26.388,23.206,69.851
4RGM,186,18.508,29.504,84.14
4RGM,175,17.06,42.375,78.969
4RGM,47,44.362,37.243,72.906
4RGM,89,32.688,45.294,73.027
4RGM,148,15.659,29.362,66.961
4RGM,131,14.615,24.131,64.306
4RGM,42,45.274,41.983,61.382
4RGM,109,36.703,54.711,59.734
4RGM,183,14.485,38.977,90.436
4RGM,170,11.393,42.439,70.869
4RGM,226,21.917,17.042,65.166
4RGM,34,26.668,38.778,60.696
4RGM,106,44.534,47.286,60.363
4RGM,229,16.187,21.898,74.149
4RGM,86,27.585,38.422,67.606
4RGM,75,46.327,30.022,66.118
4RGM,147,11.17,27.915,66.715
4RGM,211,33.461,43.439,78.189
4RGM,189,22.419,26.007,76.048
4RGM,103,52.725,46.862,66.302
4RGM,31,21.788,45.954,66.5
4RGM,48,43.064,38.957,68.521
4RGM,214,30.08,39.852,76.162
4RGM,142,5.908,25.815,79.406
4RGM,83,30.739,31.734,59.345
4RGM,70,43.41,30.563,73.726
4RGM,190,20.045,20.33,76.741
4RGM,163,18.737,34.034,68.281
4RGM,28,21.366,40.36,73.943
4RGM,51,37.56,38.852,61.157
4RGM,4,26.227,22.388,88.395
4RGM,235,11.695,34.533,88.393
4RGM,122,34.419,25.565,55.171
4RGM,69,39.789,31.204,76.518
4RGM,10,24.171,30.655,91.971
4RGM,230,17.082,26.303,74.276
4RGM,1,21.43,17.075,81.603
4RGM,54,30.558,47.058,56.007
4RGM,195,24.476,20.915,80.551
4RGM,166,16.037,39.399,69.502
4RGM,208,26.653,45.848,82.451
4RGM,15,16.868,44.182,92.125
4RGM,127,19.8,24.18,51.791
4RGM,207,26.91,50.25,85.802
4RGM,90,30.534,49.705,70.005
4RGM,63,37.115,46.928,60.914
4RGM,151,22.414,27.571,58.114
4RGM,128,16.774,22.677,54.39
4RGM,22,19.425,50.269,77.38
4RGM,110,33.404,54.199,61.653
4RGM,169,13.67,41.675,74.285
4RGM,154,28.632,22.184,64.408
4RGM,95,41.227,47.485,67.395
4RGM,66,37.265,38.25,67.342
4RGM,202,22.923,41.976,85.732
4RGM,115,34.613,38.767,73.717
4RGM,27,24.227,43.485,74.062
4RGM,210,28.988,45.961,77.703
4RGM,146,10.815,30.596,71.064
4RGM,74,43.35,32.2,67.206
4RGM,87,27.604,40.368,70.604
4RGM,228,20.356,21.63,70.95
4RGM,107,42.192,49.227,61.495
4RGM,35,29.359,37.203,58.647
4RGM,71,47.932,31.332,70.577
4RGM,82,34.918,31.901,59.087
4RGM,143,3.471,29.926,80.159
4RGM,215,34.857,37.871,78.501
4RGM,30,17.381,44.429,66.404
4RGM,49,41.398,37.291,64.922
4RGM,188,19.623,24.63,80.502
4RGM,102,56.128,47.142,66.291
4RGM,46,48.38,36.011,72.577
4RGM,174,14.206,40.216,79.346
4RGM,187,20.075,30.103,78.764
4RGM,222,30.859,25.103,69.159
4RGM,135,10.746,24.082,76.72
4RGM,227,21.618,17.24,69.314
4RGM,108,42.029,52.393,58.499
4RGM,171,7.62,39.207,72.637
4RGM,182,11.287,38.806,84.253
4RGM,43,46.54,39.289,65.024
4RGM,149,15.523,29.302,62.492
4RGM,130,19.243,22.061,62.045
4RGM,88,28.676,44.211,69.188
4RGM,224,24.984,19.668,67.138
4RGM,40,41.572,36.883,59.072
4RGM,39,40.274,35.86,55.879
4RGM,172,7.996,38.208,77.573
4RGM,181,10.125,42.205,84.394
4RGM,78,44.746,33.588,61.092
4RGM,133,12.979,24.217,70.487
4RGM,177,16.186,52.817,79.833
4RGM,184,15.845,35.536,88.069
4RGM,45,46.5,40.977,70.935
4RGM,221,30.788,26.228,73.848
4RGM,136,9.984,29.915,78.209
4RGM,219,34.49,29.482,75.002
4RGM,139,7.44,31.547,88.212
4RGM,140,7.485,26.953,86.255
4RGM,72,45.046,27.554,70.892
4RGM,81,37.813,31.781,54.036
4RGM,216,30.513,34.485,78.727
4RGM,178,14.777,51.517,83.928
4RGM,101,57.231,49.318,63.431
4RGM,33,28.096,40.775,64.205
4RGM,213,27.522,39.284,80.263
4RGM,77,39.169,29.542,63.855
4RGM,84,30.859,35.702,62.16
4RGM,145,7.24,27.877,72.985
4RGM,36,28.827,34.324,55.42
4RGM,104,50.415,44.127,64.925
4RGM,96,45.529,48.262,66.292
4RGM,65,39.309,42.552,69.267
4RGM,157,26.076,29.362,72.132
4RGM,201,20.021,39.041,84.837
4RGM,24,21.948,43.961,79.135
4RGM,116,33.791,34.868,69.441
4RGM,239,3.335,42.802,91.026
4RGM,8,17.931,29.502,93.926
4RGM,204,25.458,43.164,91.656
4RGM,152,25.452,27.211,61.299
4RGM,19,22.097,50.632,86.165
4RGM,93,36.74,48.864,72.097
4RGM,60,28.239,52.189,63.164
4RGM,113,34.622,44.495,69.837
4RGM,199,23.106,34.754,84.506
4RGM,58,23.56,52.26,60.833
4RGM,21,18.866,46.947,82.207
4RGM,2,26.406,18.124,83.871
4RGM,233,14.336,27.659,83.588
4RGM,196,25.873,24.804,78.519
4RGM,165,19.438,36.623,75.898
4RGM,57,21.865,48.197,58.409
4RGM,124,29.222,23.892,59.157
4RGM,16,20.459,43.529,94.286
4RGM,52,36.758,42.679,57.302
4RGM,193,26.051,14.646,80.229
4RGM,160,21.735,29.603,70.051
4RGM,119,32.107,28.726,62.694
4RGM,236,8.574,37.246,88.6
4RGM,7,20.838,27.621,94.554
4RGM,99,50.43,49.75,60.819
4RGM,13,18.961,39.035,92.411
4RGM,121,31.405,28.558,55.208
4RGM,158,27.475,33.97,71.014
4RGM,32,23.63,41.236,64.871
4RGM,179,13.168,47.715,84.0
4RGM,100,53.361,49.495,63.103
4RGM,217,29.471,34.772,74.751
4RGM,80,40.624,29.011,58.638
4RGM,73,40.804,29.403,69.804
4RGM,138,7.076,32.324,83.023
4RGM,141,4.437,28.386,85.217
4RGM,105,48.526,46.886,63.215
4RGM,37,33.026,33.223,53.385
4RGM,144,6.485,30.671,75.57
4RGM,85,25.867,35.59,65.138
4RGM,76,41.636,26.79,65.576
4RGM,212,34.518,41.832,81.779
4RGM,132,16.618,25.205,67.855
4RGM,79,44.571,32.543,57.737
4RGM,180,13.318,43.704,84.556
4RGM,173,9.265,43.668,77.34
4RGM,41,42.435,41.225,57.817
4RGM,38,34.905,35.917,56.594
4RGM,225,21.912,22.01,65.545
4RGM,218,36.229,33.636,75.471
4RGM,137,10.007,27.06,81.9
4RGM,220,34.053,29.619,70.355
4RGM,44,46.007,44.263,68.915
4RGM,185,17.502,34.09,84.8
4RGM,176,12.598,47.236,80.365
4RGM,17,21.712,46.656,87.885
4RGM,125,26.843,25.624,55.654
4RGM,56,25.323,46.546,55.963
4RGM,164,16.779,33.253,72.645
4RGM,197,24.13,27.953,84.25
4RGM,232,14.391,30.028,79.745
4RGM,3,26.685,23.19,84.706
4RGM,120,35.036,25.932,59.846
4RGM,159,24.071,32.051,66.842
4RGM,98,48.185,51.637,63.214
4RGM,12,23.252,37.646,89.114
4RGM,6,20.927,27.02,89.029
4RGM,237,10.937,41.823,89.531
4RGM,161,22.099,33.378,73.953
4RGM,192,23.275,14.666,75.261
4RGM,118,34.061,31.715,65.02
4RGM,53,32.918,42.804,59.355
4RGM,9,20.499,32.201,96.54
4RGM,238,8.761,39.715,93.364
4RGM,117,31.696,33.442,66.958
4RGM,25,18.225,46.525,75.439
4RGM,200,19.794,36.084,81.248
4RGM,156,27.883,29.383,68.52
4RGM,64,35.372,43.118,63.78
4RGM,97,46.915,51.936,67.48
4RGM,59,27.934,52.361,59.521
4RGM,20,20.888,51.959,82.416
4RGM,112,33.466,46.61,66.898
4RGM,198,25.448,30.927,79.461
4RGM,18,21.124,50.241,90.571
4RGM,61,30.226,47.528,62.048
4RGM,92,34.444,48.88,77.147
4RGM,153,26.417,20.914,60.465
4RGM,205,25.18,47.49,90.949
