4XWG,318,56.975,45.057,49.152
4XWG,361,62.969,35.06,25.064
4XWG,392,46.746,51.024,29.327
4XWG,116,24.264,42.571,43.888
4XWG,32,36.447,31.155,46.345
4XWG,239,32.368,37.437,58.927
4XWG,359,56.838,33.354,30.297
4XWG,157,40.116,24.217,29.812
4XWG,320,55.592,41.912,54.52
4XWG,73,29.875,22.283,59.674
4XWG,80,32.288,16.266,50.503
4XWG,201,42.494,33.686,13.618
4XWG,278,53.999,18.66,49.775
4XWG,245,36.705,28.306,54.578
4XWG,37,23.685,27.322,40.988
4XWG,364,58.232,35.494,19.895
4XWG,113,25.884,37.741,46.515
4XWG,397,49.874,51.577,25.265
4XWG,199,47.664,31.043,20.43
4XWG,204,45.498,40.429,21.533
4XWG,76,31.962,21.397,54.403
4XWG,85,43.423,6.66,45.873
4XWG,152,38.52,17.228,36.624
4XWG,325,53.058,30.453,58.438
4XWG,281,50.911,19.208,55.073
4XWG,272,60.24,21.042,60.245
4XWG,79,31.023,21.707,48.585
4XWG,353,54.805,36.346,41.239
4XWG,124,37.516,45.28,36.531
4XWG,233,35.242,40.92,49.47
4XWG,38,23.113,23.727,44.135
4XWG,41,18.426,14.066,46.4
4XWG,398,52.343,48.654,27.489
4XWG,165,36.259,30.421,18.384
4XWG,196,50.866,29.279,18.098
4XWG,312,50.554,42.539,29.112
4XWG,356,56.772,35.553,34.126
4XWG,121,35.52,41.203,39.161
4XWG,158,35.447,21.764,24.842
4XWG,284,49.256,14.698,58.956
4XWG,277,57.61,16.654,53.514
4XWG,160,37.463,29.333,27.029
4XWG,317,55.969,44.067,45.25
4XWG,193,45.41,21.817,26.201
4XWG,119,32.421,42.154,45.704
4XWG,44,22.698,10.94,55.671
4XWG,236,29.576,47.045,53.75
4XWG,265,57.135,25.945,53.254
4XWG,296,47.726,13.911,38.703
4XWG,133,35.103,47.411,27.292
4XWG,344,55.472,40.704,48.572
4XWG,56,15.418,23.959,41.615
4XWG,224,45.913,24.068,58.855
4XWG,305,55.794,26.573,29.741
4XWG,181,45.317,33.789,40.917
4XWG,172,36.554,40.919,14.51
4XWG,136,27.098,40.312,29.082
4XWG,341,57.71,37.936,57.667
4XWG,338,55.173,32.393,64.178
4XWG,219,47.594,27.067,50.089
4XWG,260,64.518,25.705,47.863
4XWG,293,44.239,16.215,43.649
4XWG,98,27.592,21.315,41.889
4XWG,184,46.372,32.668,35.636
4XWG,300,50.087,20.476,33.944
4XWG,177,42.777,36.318,27.963
4XWG,379,43.44,45.828,47.14
4XWG,258,60.438,29.164,43.951
4XWG,221,47.789,28.643,56.287
4XWG,53,14.922,16.812,48.892
4XWG,178,41.977,39.191,32.23
4XWG,101,26.459,29.94,37.101
4XWG,385,48.2,51.034,40.318
4XWG,376,47.387,44.872,50.06
4XWG,257,60.248,26.692,39.642
4XWG,25,37.782,41.149,27.633
4XWG,139,33.163,42.359,28.944
4XWG,337,53.232,31.247,67.464
4XWG,140,31.701,37.948,26.952
4XWG,216,51.332,29.904,47.41
4XWG,97,22.999,18.02,41.1
4XWG,64,26.112,35.584,53.374
4XWG,20,40.022,53.522,19.094
4XWG,59,23.059,30.091,45.492
4XWG,252,48.168,27.326,44.355
4XWG,380,45.552,42.886,43.079
4XWG,104,29.605,34.871,29.573
4XWG,373,55.947,49.062,45.926
4XWG,92,29.906,15.834,43.664
4XWG,61,30.763,30.838,47.575
4XWG,299,53.847,17.597,35.498
4XWG,213,52.759,32.098,37.098
4XWG,332,46.32,21.458,63.606
4XWG,145,33.92,23.861,39.547
4XWG,399,50.616,46.97,21.277
4XWG,313,52.893,40.15,34.704
4XWG,197,47.518,29.234,14.753
4XWG,164,37.517,33.017,22.12
4XWG,39,19.549,20.066,42.88
4XWG,40,20.455,19.187,47.697
4XWG,232,38.827,38.44,47.585
4XWG,125,33.34,45.161,34.903
4XWG,352,56.271,32.972,42.474
4XWG,78,26.824,20.086,50.305
4XWG,273,55.506,19.719,57.607
4XWG,280,53.528,13.428,57.497
4XWG,237,29.751,43.506,55.233
4XWG,45,22.459,14.721,57.132
4XWG,192,50.315,25.656,26.896
4XWG,316,52.857,42.251,43.999
4XWG,161,37.46,28.246,22.996
4XWG,118,29.992,40.375,47.715
4XWG,276,62.05,16.878,50.068
4XWG,285,46.028,18.275,57.625
4XWG,120,36.165,39.126,42.55
4XWG,357,60.213,36.584,33.285
4XWG,159,32.501,25.993,27.715
4XWG,200,48.763,33.601,16.331
4XWG,279,53.002,11.848,51.237
4XWG,81,35.43,16.605,46.768
4XWG,72,30.078,26.084,57.659
4XWG,358,61.857,33.069,32.926
4XWG,321,55.166,37.659,52.535
4XWG,156,36.568,26.332,31.513
4XWG,238,33.944,41.549,56.484
4XWG,33,35.27,33.761,42.306
4XWG,319,54.315,43.987,51.233
4XWG,117,26.321,42.566,49.536
4XWG,393,47.302,47.059,28.662
4XWG,360,61.641,38.455,29.062
4XWG,324,58.101,30.151,57.624
4XWG,153,37.981,21.906,34.076
4XWG,84,38.705,7.058,42.538
4XWG,77,28.604,17.45,53.206
4XWG,205,46.179,38.79,25.27
4XWG,396,47.407,50.113,23.29
4XWG,112,30.405,36.26,45.271
4XWG,365,55.238,36.372,21.326
4XWG,198,43.082,29.257,18.933
4XWG,36,28.836,27.738,42.842
4XWG,244,38.622,30.009,59.966
4XWG,65,22.654,32.894,55.955
4XWG,96,25.12,16.793,45.417
4XWG,217,52.542,29.645,51.763
4XWG,138,32.841,43.826,24.757
4XWG,141,32.949,35.712,31.863
4XWG,336,50.11,30.489,63.842
4XWG,24,37.704,42.021,22.956
4XWG,256,61.291,21.276,43.627
4XWG,179,43.604,36.915,35.384
4XWG,377,46.346,38.81,47.181
4XWG,384,43.228,53.152,41.125
4XWG,100,28.95,26.917,36.935
4XWG,144,36.781,28.316,37.397
4XWG,333,42.793,23.789,68.162
4XWG,298,54.31,17.326,40.23
4XWG,212,50.562,31.804,41.492
4XWG,60,26.241,26.788,47.55
4XWG,93,28.269,14.465,47.303
4XWG,372,52.21,46.576,41.469
4XWG,105,26.581,36.212,31.17
4XWG,381,41.076,43.236,41.908
4XWG,253,50.574,23.271,47.733
4XWG,21,36.845,50.124,17.169
4XWG,58,20.813,26.188,46.439
4XWG,173,38.995,42.61,17.113
4XWG,180,42.761,36.845,40.455
4XWG,304,56.48,28.046,33.581
4XWG,225,44.236,26.966,59.982
4XWG,57,19.876,23.848,40.67
4XWG,345,51.179,40.197,47.736
4XWG,132,33.53,51.178,26.437
4XWG,297,48.974,19.002,38.927
4XWG,264,60.761,25.056,56.231
4XWG,52,17.485,15.115,53.896
4XWG,259,59.441,28.722,47.399
4XWG,220,50.554,24.853,53.074
4XWG,176,43.305,41.171,25.721
4XWG,301,52.493,24.578,34.765
4XWG,185,47.496,28.7,36.732
4XWG,378,43.079,40.904,49.657
4XWG,99,24.161,24.586,37.742
4XWG,218,47.045,31.129,51.493
4XWG,292,47.048,10.332,45.67
4XWG,261,64.287,20.974,47.152
4XWG,340,59.854,33.722,59.365
4XWG,137,28.124,42.505,24.686
4XWG,339,55.741,34.55,61.011
4XWG,223,44.914,22.511,54.768
4XWG,51,17.784,22.446,53.756
4XWG,28,39.536,33.926,34.399
4XWG,175,40.377,37.944,22.644
4XWG,302,56.469,22.005,34.297
4XWG,186,42.91,27.134,35.017
4XWG,388,45.84,53.337,36.258
4XWG,291,50.536,13.111,47.451
4XWG,262,65.897,22.56,51.976
4XWG,69,24.798,28.416,63.717
4XWG,343,59.22,40.444,48.942
4XWG,134,29.354,46.222,26.795
4XWG,109,32.44,37.47,38.371
4XWG,170,31.264,38.943,16.81
4XWG,183,43.251,31.693,36.442
4XWG,307,52.45,31.453,26.709
4XWG,54,16.442,20.744,46.924
4XWG,226,42.445,28.995,57.746
4XWG,148,37.281,20.828,40.077
4XWG,346,50.226,40.02,51.932
4XWG,131,37.064,52.911,29.606
4XWG,294,51.453,17.776,44.064
4XWG,267,57.53,24.826,61.893
4XWG,147,34.573,22.037,43.641
4XWG,330,48.838,22.426,68.513
4XWG,349,55.945,35.519,46.771
4XWG,63,24.091,31.96,51.011
4XWG,90,36.186,14.14,40.923
4XWG,268,56.052,21.678,63.89
4XWG,211,50.263,35.0,39.436
4XWG,371,56.225,45.499,39.333
4XWG,106,29.698,39.672,34.184
4XWG,382,39.419,45.767,44.716
4XWG,308,52.446,32.502,23.032
4XWG,22,36.84,48.139,22.28
4XWG,229,41.149,36.477,56.407
4XWG,250,46.34,21.556,45.454
4XWG,214,55.31,28.931,42.042
4XWG,66,27.487,29.793,55.04
4XWG,95,23.166,13.788,45.77
4XWG,142,34.906,32.345,32.401
4XWG,335,46.332,29.679,65.128
4XWG,255,57.49,25.176,43.328
4XWG,27,37.017,38.086,32.959
4XWG,189,46.778,23.336,30.864
4XWG,374,52.106,47.88,47.969
4XWG,387,42.201,49.48,37.251
4XWG,103,30.33,30.515,30.283
4XWG,327,51.936,26.277,63.341
4XWG,150,43.088,20.916,35.669
4XWG,129,31.732,49.817,31.148
4XWG,206,47.747,36.246,29.743
4XWG,87,39.738,6.853,38.14
4XWG,74,26.359,21.851,56.092
4XWG,395,43.335,51.721,25.615
4XWG,111,28.31,41.891,42.837
4XWG,366,55.951,40.499,23.86
4XWG,168,37.328,36.515,16.139
4XWG,247,38.317,25.299,50.579
4XWG,35,27.825,32.869,41.582
4XWG,82,34.643,12.2,46.303
4XWG,71,26.436,25.906,58.221
4XWG,203,44.639,35.233,21.527
4XWG,289,41.519,12.953,48.669
4XWG,322,54.365,34.774,54.645
4XWG,155,33.419,20.966,28.584
4XWG,49,20.257,23.414,60.569
4XWG,30,39.491,32.736,41.266
4XWG,242,35.697,35.107,63.858
4XWG,114,21.713,37.294,45.479
4XWG,390,44.117,46.831,33.11
4XWG,363,57.612,34.096,23.807
4XWG,46,25.938,16.577,59.347
4XWG,234,34.835,45.708,47.85
4XWG,191,47.081,29.457,26.189
4XWG,315,54.63,41.151,40.104
4XWG,162,34.297,29.096,22.026
4XWG,275,58.585,20.044,49.754
4XWG,286,42.868,13.98,58.404
4XWG,123,35.411,47.524,40.374
4XWG,354,59.462,36.946,39.734
4XWG,369,57.264,42.14,34.132
4XWG,310,51.502,40.449,24.188
4XWG,194,44.962,25.62,22.401
4XWG,167,34.106,37.134,21.655
4XWG,231,37.412,36.0,50.407
4XWG,248,42.669,24.32,49.013
4XWG,43,21.217,10.31,51.717
4XWG,328,52.024,25.687,69.085
4XWG,126,31.65,49.775,35.954
4XWG,351,61.063,33.229,45.708
4XWG,270,57.052,17.496,65.624
4XWG,283,47.79,13.122,55.802
4XWG,209,45.863,39.893,37.853
4XWG,88,41.033,9.964,38.575
4XWG,228,38.235,34.482,57.609
4XWG,251,47.348,23.899,39.526
4XWG,23,41.861,45.719,21.678
4XWG,383,43.838,49.156,42.77
4XWG,107,25.745,36.915,36.886
4XWG,370,53.697,45.307,35.498
4XWG,309,50.836,35.194,23.973
4XWG,269,57.584,21.096,67.399
4XWG,210,48.628,37.465,40.893
4XWG,91,32.66,13.04,42.716
4XWG,62,28.444,33.663,48.859
4XWG,331,49.802,21.174,63.528
4XWG,146,35.472,27.214,43.347
4XWG,348,52.037,35.519,46.65
4XWG,188,49.462,29.055,31.272
4XWG,102,27.303,32.665,33.863
4XWG,386,45.707,47.51,38.838
4XWG,375,49.52,46.53,45.906
4XWG,26,37.697,36.725,28.425
4XWG,254,54.737,25.267,47.192
4XWG,334,46.81,26.015,67.455
4XWG,143,32.847,30.988,34.852
4XWG,94,26.299,11.83,48.268
4XWG,67,29.207,32.225,57.294
4XWG,215,53.26,29.369,44.104
4XWG,135,28.204,45.09,32.171
4XWG,342,59.511,36.015,51.621
4XWG,68,24.188,31.028,60.642
4XWG,263,62.023,26.622,52.444
4XWG,290,45.501,15.939,47.629
4XWG,187,44.329,31.228,31.222
4XWG,303,58.754,24.589,33.016
4XWG,174,41.589,40.033,18.68
4XWG,389,49.04,49.552,34.816
4XWG,50,20.929,20.207,57.273
4XWG,29,38.07,33.746,37.932
4XWG,222,44.101,27.246,54.42
4XWG,266,54.634,24.486,58.006
4XWG,295,50.885,13.561,42.11
4XWG,149,42.467,20.258,39.972
4XWG,130,33.244,53.512,32.703
4XWG,347,49.96,36.094,50.121
4XWG,227,41.29,32.246,54.984
4XWG,55,12.372,20.717,44.93
4XWG,108,29.133,35.433,38.16
4XWG,306,55.588,29.822,27.065
4XWG,182,43.516,29.618,40.134
4XWG,171,32.494,41.685,18.869
4XWG,355,58.727,32.672,37.668
4XWG,122,31.14,45.954,40.155
4XWG,287,42.926,16.699,51.501
4XWG,274,59.783,20.494,53.355
4XWG,163,33.711,32.473,24.635
4XWG,314,49.98,42.658,36.826
4XWG,190,43.292,27.47,27.065
4XWG,235,31.935,45.158,51.195
4XWG,47,23.438,18.931,61.272
4XWG,89,37.825,10.794,37.843
4XWG,282,48.248,16.929,51.517
4XWG,271,57.926,17.217,60.601
4XWG,208,48.601,38.424,35.111
4XWG,329,53.971,21.63,70.945
4XWG,350,58.184,38.06,44.516
4XWG,127,37.113,50.38,34.896
4XWG,42,21.717,14.688,50.811
4XWG,230,40.465,35.567,52.482
4XWG,249,44.041,24.473,45.071
4XWG,368,55.383,43.585,28.88
4XWG,166,31.06,33.571,20.458
4XWG,195,47.1,25.488,18.743
4XWG,311,52.554,38.59,28.675
4XWG,34,32.665,31.827,40.642
4XWG,246,39.567,24.727,54.753
4XWG,367,56.997,39.521,28.292
4XWG,110,30.162,41.859,38.693
4XWG,394,42.872,46.986,27.292
4XWG,169,32.988,36.179,15.225
4XWG,75,30.05,25.245,52.073
4XWG,86,41.569,4.138,40.597
4XWG,207,46.25,40.487,31.587
4XWG,151,41.416,17.321,34.715
4XWG,326,56.788,29.236,63.52
4XWG,128,36.358,47.784,31.613
4XWG,362,62.393,31.224,27.436
4XWG,391,42.666,50.832,31.476
4XWG,115,22.458,40.424,47.703
4XWG,243,32.769,31.219,60.735
4XWG,48,19.997,20.442,64.32
4XWG,31,39.695,30.567,44.496
4XWG,154,38.766,18.592,28.77
4XWG,323,60.649,32.917,55.188
4XWG,202,41.124,33.049,17.412
4XWG,288,45.777,10.811,51.844
4XWG,70,25.904,24.084,62.751
4XWG,83,40.493,11.239,43.814
