5D70,14,9.57,11.656,-23.028
5D70,100,14.062,6.042,7.386
5D70,9,7.409,0.789,-27.546
5D70,55,9.0,0.247,-10.248
5D70,68,15.56,21.348,-3.095
5D70,11,12.208,5.072,-30.445
5D70,29,23.189,18.845,-6.322
5D70,50,16.517,-11.269,-12.98
5D70,105,21.784,8.424,1.316
5D70,26,21.393,14.17,-9.008
5D70,94,2.327,-5.851,-2.338
5D70,67,13.484,17.154,0.467
5D70,6,8.902,7.806,-32.956
5D70,23,22.623,10.632,-14.718
5D70,91,5.701,-4.355,-10.931
5D70,62,13.101,7.583,-5.297
5D70,31,22.018,20.491,-0.76
5D70,48,17.126,-7.016,-9.654
5D70,70,16.836,17.271,-6.077
5D70,83,8.278,3.76,-20.079
5D70,118,15.301,-0.075,-18.034
5D70,34,20.036,21.015,6.601
5D70,120,12.793,-0.319,-23.298
5D70,75,9.134,14.992,-13.75
5D70,86,2.463,3.638,-20.566
5D70,89,5.426,-5.468,-17.464
5D70,117,16.673,2.172,-14.849
5D70,42,13.537,4.482,0.778
5D70,47,15.386,-2.442,-9.574
5D70,112,22.834,3.653,-7.538
5D70,66,12.417,15.309,-3.897
5D70,95,6.065,-6.736,-0.266
5D70,27,25.593,15.392,-10.655
5D70,63,8.116,11.994,-6.748
5D70,90,2.913,-5.237,-14.33
5D70,22,18.164,13.279,-13.646
5D70,7,6.763,4.5,-31.221
5D70,54,8.27,-2.076,-5.76
5D70,8,6.633,4.925,-27.29
5D70,101,17.595,7.15,4.501
5D70,15,12.509,6.746,-20.034
5D70,104,24.403,12.482,2.072
5D70,28,24.579,20.36,-10.739
5D70,51,13.077,-10.535,-8.84
5D70,69,17.821,21.052,-5.954
5D70,10,10.378,1.173,-29.948
5D70,43,11.811,0.915,-1.203
5D70,116,19.966,0.147,-13.165
5D70,88,6.097,-2.207,-19.066
5D70,113,16.655,3.78,-9.711
5D70,46,18.356,-2.511,-3.741
5D70,124,14.594,-11.408,-19.485
5D70,82,4.658,6.733,-17.283
5D70,71,12.327,19.653,-6.436
5D70,30,25.645,23.08,-4.389
5D70,49,15.99,-5.771,-14.177
5D70,87,5.246,1.49,-22.644
5D70,74,8.485,15.607,-8.966
5D70,121,11.597,-3.252,-20.327
5D70,35,18.251,20.266,2.996
5D70,119,16.981,3.119,-21.991
5D70,84,9.184,1.735,-16.649
5D70,77,10.948,10.776,-11.327
5D70,122,10.705,-5.153,-16.849
5D70,36,22.16,16.744,3.665
5D70,81,6.566,6.138,-14.316
5D70,72,14.787,20.832,-10.675
5D70,33,23.378,20.81,6.487
5D70,110,18.232,8.437,-6.929
5D70,45,15.571,-4.362,-0.612
5D70,40,14.024,10.133,3.427
5D70,39,14.848,11.802,7.238
5D70,115,23.195,3.801,-13.186
5D70,78,6.633,11.502,-13.474
5D70,107,21.63,12.706,-3.145
5D70,52,11.207,-6.693,-11.059
5D70,99,15.136,2.146,4.742
5D70,13,14.076,9.45,-28.125
5D70,57,6.378,2.113,-4.76
5D70,102,20.296,10.472,5.119
5D70,16,15.862,8.217,-22.426
5D70,19,17.223,8.753,-17.452
5D70,60,5.457,7.307,-5.346
5D70,93,3.697,-2.453,-6.261
5D70,4,12.368,12.878,-32.932
5D70,58,11.784,1.755,-5.783
5D70,21,17.668,16.321,-17.08
5D70,65,12.001,13.04,-1.099
5D70,96,6.931,-2.826,-0.44
5D70,108,24.185,8.444,-3.607
5D70,24,21.836,17.995,-15.921
5D70,44,14.487,-1.526,1.483
5D70,111,23.737,7.746,-8.125
5D70,79,8.563,11.435,-17.517
5D70,114,19.012,6.726,-12.412
5D70,41,10.072,6.28,3.311
5D70,38,16.009,16.221,5.888
5D70,37,20.503,16.607,8.933
5D70,123,10.26,-10.199,-17.837
5D70,76,11.715,13.648,-14.59
5D70,85,1.782,2.505,-15.719
5D70,32,22.354,22.595,3.164
5D70,73,14.456,15.231,-10.114
5D70,80,11.079,7.669,-15.246
5D70,59,9.437,5.894,-8.921
5D70,20,20.324,12.417,-19.874
5D70,5,7.99,10.358,-35.68
5D70,18,14.576,11.737,-18.112
5D70,92,5.18,-6.554,-7.692
5D70,61,8.943,6.736,-1.89
5D70,25,19.478,18.116,-12.465
5D70,109,19.277,5.089,-3.471
5D70,97,9.685,-2.518,2.493
5D70,64,7.056,11.575,-1.27
5D70,98,10.27,0.947,3.947
5D70,12,11.631,5.435,-25.295
5D70,53,9.847,-5.373,-7.006
5D70,106,17.166,10.195,-1.671
5D70,17,15.421,12.535,-22.634
5D70,103,18.847,14.444,1.226
5D70,56,5.36,2.558,-9.935
