5D93,39,13.958,-49.598,55.938
5D93,40,19.175,-51.936,53.855
5D93,177,-13.633,-68.676,26.143
5D93,184,-3.378,-72.02,20.458
5D93,300,21.48,-29.599,82.844
5D93,379,15.586,-17.421,51.426
5D93,513,15.899,-33.595,94.71
5D93,258,-1.751,-73.678,50.507
5D93,432,-4.984,-10.796,81.03
5D93,221,-11.586,-70.53,38.613
5D93,78,7.977,-50.354,64.292
5D93,341,8.687,-13.691,68.416
5D93,136,-0.642,-41.77,43.968
5D93,338,4.148,-15.223,67.182
5D93,473,0.89,-18.795,82.637
5D93,480,3.926,-29.51,78.514
5D93,219,-5.954,-67.498,34.635
5D93,293,27.819,-34.793,71.585
5D93,260,3.078,-72.57,50.074
5D93,224,-19.5,-69.272,40.756
5D93,437,-0.216,-17.761,74.211
5D93,516,11.688,-36.307,93.531
5D93,172,-9.22,-61.532,35.106
5D93,305,21.864,-25.642,68.803
5D93,181,-6.776,-73.155,23.483
5D93,45,13.542,-52.792,49.588
5D93,296,30.799,-36.095,75.97
5D93,265,3.588,-79.373,42.498
5D93,476,1.173,-24.329,81.255
5D93,485,6.534,-37.287,82.27
5D93,344,13.41,-18.247,70.575
5D93,133,2.068,-36.956,36.336
5D93,299,21.283,-35.878,80.461
5D93,400,21.988,-44.603,66.835
5D93,479,-0.952,-29.831,79.769
5D93,213,9.418,-69.286,37.627
5D93,145,-1.655,-58.108,58.528
5D93,332,-0.99,-22.144,62.831
5D93,521,11.562,-46.24,94.487
5D93,81,9.629,-55.114,60.758
5D93,72,11.448,-37.779,63.033
5D93,441,0.365,-23.078,69.432
5D93,252,-2.169,-80.782,42.579
5D93,438,2.252,-21.554,74.202
5D93,373,5.399,-15.989,48.925
5D93,380,15.116,-12.713,52.082
5D93,104,10.999,-37.474,54.23
5D93,519,10.729,-42.238,99.846
5D93,84,12.041,-55.401,56.687
5D93,77,11.884,-48.522,64.384
5D93,524,6.857,-40.495,91.353
5D93,139,-2.115,-48.627,50.092
5D93,140,-5.09,-49.588,52.226
5D93,337,5.748,-17.397,64.2
5D93,216,4.252,-71.666,34.428
5D93,405,16.354,-35.142,67.868
5D93,36,18.282,-44.86,57.808
5D93,178,-9.56,-67.683,28.786
5D93,376,11.587,-16.372,49.64
5D93,101,11.903,-47.013,51.191
5D93,385,22.626,-17.375,58.275
5D93,257,-5.091,-77.44,49.254
5D93,444,-2.282,-26.096,66.174
5D93,417,7.749,-21.218,74.262
5D93,204,-5.676,-63.056,43.239
5D93,65,5.365,-49.546,46.743
5D93,96,5.606,-56.363,38.609
5D93,325,0.746,-22.612,53.529
5D93,152,-5.272,-54.282,50.254
5D93,536,10.581,-20.942,86.404
5D93,456,-0.092,-36.299,66.616
5D93,245,1.384,-77.265,25.285
5D93,113,7.2,-34.526,51.008
5D93,397,23.25,-36.391,69.491
5D93,364,1.123,-11.853,53.607
5D93,199,-13.06,-64.792,49.78
5D93,359,5.809,-8.514,60.849
5D93,533,10.609,-23.355,90.913
5D93,320,7.634,-28.182,53.498
5D93,157,-1.511,-54.876,40.769
5D93,60,7.862,-47.756,35.359
5D93,93,4.366,-60.673,44.011
5D93,498,18.459,-44.232,73.167
5D93,201,-6.906,-62.05,47.685
5D93,412,13.273,-28.244,74.528
5D93,318,7.774,-30.34,59.891
5D93,392,23.853,-29.222,65.03
5D93,116,5.38,-37.247,45.419
5D93,361,3.276,-14.339,58.037
5D93,58,7.378,-41.54,37.518
5D93,240,-4.948,-77.189,41.791
5D93,453,0.145,-37.25,62.224
5D93,239,-8.329,-76.41,44.041
5D93,317,11.224,-29.957,56.747
5D93,193,-6.483,-73.986,36.683
5D93,160,-3.194,-51.436,36.738
5D93,504,12.722,-41.405,82.849
5D93,119,1.504,-34.723,55.344
5D93,57,8.174,-44.245,40.478
5D93,425,3.215,-12.298,82.507
5D93,236,-12.406,-79.598,46.52
5D93,121,5.701,-38.947,58.012
5D93,356,11.102,-10.178,60.055
5D93,158,-6.739,-56.335,40.194
5D93,545,24.962,-23.233,75.966
5D93,497,13.993,-46.466,74.594
5D93,464,-8.794,-32.691,74.415
5D93,459,-0.323,-33.221,71.914
5D93,233,-14.837,-81.633,38.472
5D93,420,10.128,-17.273,78.09
5D93,52,15.515,-41.533,42.694
5D93,398,22.113,-39.702,69.766
5D93,501,19.565,-41.028,76.043
5D93,196,-10.475,-69.467,44.464
5D93,312,16.399,-25.22,59.669
5D93,165,2.2,-54.477,34.748
5D93,272,10.778,-74.528,35.491
5D93,418,5.865,-22.622,78.523
5D93,492,9.089,-47.067,78.508
5D93,461,-5.796,-38.19,72.486
5D93,99,8.228,-52.799,47.6
5D93,540,16.233,-20.178,81.142
5D93,124,1.966,-46.067,51.441
5D93,353,14.731,-14.545,61.136
5D93,539,13.046,-25.095,80.304
5D93,105,13.841,-36.848,57.166
5D93,381,14.239,-12.352,55.772
5D93,372,7.984,-20.692,47.122
5D93,518,9.196,-39.692,95.982
5D93,440,-3.838,-23.908,71.813
5D93,253,-0.372,-83.327,44.891
5D93,439,-0.284,-24.868,75.462
5D93,73,9.232,-41.84,63.929
5D93,80,10.239,-52.119,59.584
5D93,333,2.526,-21.012,60.386
5D93,144,-2.325,-54.033,58.783
5D93,520,14.031,-45.43,97.475
5D93,298,24.787,-31.101,80.814
5D93,401,21.035,-41.862,63.648
5D93,478,3.035,-27.752,85.328
5D93,212,10.364,-64.753,38.056
5D93,256,-1.953,-78.036,52.596
5D93,445,3.482,-27.227,64.616
5D93,179,-9.094,-72.455,29.557
5D93,384,21.169,-20.088,55.924
5D93,100,10.042,-48.828,48.446
5D93,377,10.927,-14.94,52.798
5D93,37,19.601,-48.485,59.693
5D93,217,0.567,-70.655,33.684
5D93,404,17.357,-37.982,71.514
5D93,525,4.965,-38.156,95.161
5D93,138,-3.654,-44.233,49.627
5D93,336,4.932,-21.584,66.131
5D93,141,-2.938,-49.834,55.806
5D93,76,9.233,-46.275,62.025
5D93,85,7.541,-59.841,56.865
5D93,481,6.197,-32.029,84.402
5D93,472,-2.223,-20.094,84.037
5D93,218,-1.493,-69.214,36.758
5D93,261,1.836,-76.932,50.092
5D93,292,30.077,-38.551,70.281
5D93,137,-2.43,-44.463,45.702
5D93,340,8.64,-18.176,67.758
5D93,339,5.021,-17.653,70.158
5D93,79,5.776,-50.487,59.345
5D93,259,1.128,-68.445,48.89
5D93,433,-2.655,-14.34,81.284
5D93,220,-8.786,-66.225,39.932
5D93,301,22.965,-26.938,80.597
5D93,185,-4.723,-68.618,22.676
5D93,176,-14.765,-71.719,28.776
5D93,378,12.648,-17.962,54.902
5D93,512,15.093,-32.029,91.15
5D93,38,15.265,-48.554,59.673
5D93,41,21.09,-53.12,50.805
5D93,132,3.019,-38.155,32.952
5D93,345,15.403,-17.848,73.349
5D93,264,6.565,-75.466,45.956
5D93,297,26.018,-33.35,76.927
5D93,484,7.379,-34.934,77.972
5D93,477,4.941,-24.438,82.768
5D93,44,13.938,-56.993,49.84
5D93,517,7.805,-35.262,97.866
5D93,180,-10.573,-73.567,24.643
5D93,304,20.935,-21.967,71.202
5D93,173,-11.482,-64.113,37.041
5D93,225,-17.607,-69.878,36.239
5D93,436,-4.952,-21.439,76.465
5D93,465,-8.806,-33.769,77.713
5D93,496,11.748,-45.416,70.321
5D93,276,16.313,-62.547,37.465
5D93,357,9.223,-14.052,59.288
5D93,120,2.911,-37.553,56.838
5D93,159,-6.218,-50.838,39.684
5D93,544,21.022,-21.239,77.074
5D93,424,5.597,-11.19,78.683
5D93,237,-13.832,-75.142,46.036
5D93,56,12.339,-44.914,39.959
5D93,161,-8.261,-50.262,34.89
5D93,192,-2.445,-73.565,36.654
5D93,316,13.685,-24.063,55.138
5D93,505,8.797,-40.102,84.824
5D93,118,3.539,-36.61,51.689
5D93,541,17.982,-17.626,79.268
5D93,352,16.006,-9.256,63.571
5D93,125,1.193,-42.583,48.259
5D93,538,16.123,-26.68,82.369
5D93,98,9.031,-53.06,42.852
5D93,273,13.814,-71.174,34.207
5D93,419,8.753,-20.507,80.827
5D93,460,-5.471,-33.515,69.881
5D93,493,10.542,-49.856,75.947
5D93,399,23.28,-43.318,69.978
5D93,500,22.857,-44.983,75.676
5D93,164,-1.473,-54.834,33.529
5D93,313,13.225,-30.423,60.489
5D93,197,-14.931,-70.579,48.065
5D93,53,11.572,-40.608,43.106
5D93,458,-1.428,-40.312,71.196
5D93,232,-11.585,-79.032,34.677
5D93,421,5.194,-16.823,78.998
5D93,365,-3.147,-10.139,52.285
5D93,396,19.0,-33.511,71.173
5D93,112,9.851,-35.402,47.874
5D93,198,-16.113,-64.035,45.654
5D93,457,-3.073,-38.553,66.654
5D93,244,0.378,-80.702,30.989
5D93,153,-0.276,-54.878,47.085
5D93,324,-0.555,-24.77,49.794
5D93,537,15.709,-22.793,85.688
5D93,97,5.346,-55.054,42.615
5D93,64,7.845,-48.977,41.954
5D93,416,12.571,-22.081,76.851
5D93,205,-1.246,-65.108,46.523
5D93,241,-7.544,-79.289,39.133
5D93,452,4.772,-38.272,63.589
5D93,238,-9.127,-74.5,47.982
5D93,59,7.353,-44.513,34.017
5D93,319,6.427,-26.124,56.821
5D93,360,6.003,-12.45,54.859
5D93,117,1.063,-34.26,47.953
5D93,393,20.071,-32.135,66.371
5D93,499,19.668,-47.526,74.473
5D93,200,-9.528,-65.981,47.526
5D93,413,11.176,-24.958,71.489
5D93,92,9.582,-63.675,43.738
5D93,61,7.562,-51.324,33.846
5D93,358,5.78,-12.43,62.527
5D93,532,6.978,-24.202,88.68
5D93,156,-3.474,-52.387,43.202
5D93,321,5.655,-31.605,54.903
5D93,428,3.856,-7.527,81.08
5D93,242,-1.384,-79.471,35.992
5D93,451,4.865,-35.844,61.221
5D93,509,15.748,-38.394,93.699
5D93,363,2.269,-7.983,54.946
5D93,114,7.168,-29.829,48.676
5D93,390,22.513,-29.242,56.907
5D93,203,-4.737,-67.443,43.103
5D93,469,-8.935,-27.981,82.674
5D93,410,9.543,-29.926,69.117
5D93,289,31.605,-41.385,61.189
5D93,531,8.699,-28.655,89.775
5D93,155,-6.557,-55.058,45.387
5D93,322,2.374,-28.964,53.826
5D93,548,32.747,-22.013,71.395
5D93,91,11.23,-61.971,46.697
5D93,62,7.188,-51.391,37.583
5D93,366,-2.031,-13.461,50.119
5D93,395,21.425,-32.352,73.482
5D93,111,10.734,-31.64,48.543
5D93,168,1.618,-58.8,35.554
5D93,454,1.164,-42.15,66.097
5D93,247,-3.608,-82.682,27.539
5D93,94,11.22,-58.126,42.445
5D93,67,7.501,-46.482,53.427
5D93,150,-0.292,-60.549,50.812
5D93,327,-6.219,-22.344,56.356
5D93,129,2.528,-48.676,35.165
5D93,534,13.899,-27.752,87.465
5D93,415,8.788,-27.633,77.787
5D93,206,0.154,-68.836,43.074
5D93,68,6.635,-41.767,50.959
5D93,328,-7.459,-24.817,59.958
5D93,542,20.715,-18.796,82.001
5D93,351,14.262,-12.513,68.011
5D93,126,0.154,-48.516,43.682
5D93,270,9.728,-80.553,34.92
5D93,209,4.452,-66.639,43.86
5D93,463,-5.484,-31.486,74.503
5D93,490,3.068,-43.929,75.462
5D93,50,15.017,-36.935,45.629
5D93,503,11.952,-42.518,77.772
5D93,369,1.264,-18.566,51.595
5D93,167,5.441,-58.893,34.389
5D93,310,14.569,-26.658,65.596
5D93,194,-6.678,-71.832,41.288
5D93,231,-14.357,-78.466,31.616
5D93,422,5.404,-17.156,83.386
5D93,248,-2.686,-83.875,30.442
5D93,466,-6.8,-31.303,79.824
5D93,495,11.309,-50.078,69.401
5D93,275,13.735,-64.065,34.728
5D93,354,11.982,-14.586,64.558
5D93,123,2.674,-42.409,53.654
5D93,547,29.756,-22.131,69.672
5D93,427,6.308,-8.172,83.525
5D93,234,-14.307,-79.005,40.819
5D93,162,-5.067,-47.128,30.986
5D93,191,-2.362,-74.061,32.84
5D93,315,10.83,-22.963,59.117
5D93,506,12.814,-34.209,83.357
5D93,55,13.308,-41.451,38.136
5D93,148,-3.801,-57.052,54.92
5D93,131,2.697,-43.062,36.01
5D93,346,17.047,-15.058,70.894
5D93,267,9.066,-72.64,42.297
5D93,294,26.021,-39.886,72.738
5D93,487,4.882,-39.656,76.594
5D93,474,2.017,-21.371,85.832
5D93,109,14.85,-36.017,50.755
5D93,514,13.177,-31.097,95.485
5D93,183,-1.694,-74.835,25.691
5D93,307,16.791,-24.051,70.484
5D93,170,-3.284,-62.347,33.95
5D93,47,16.737,-47.686,49.194
5D93,226,-20.474,-73.201,35.725
5D93,435,-2.599,-20.145,79.186
5D93,482,2.4,-33.779,83.107
5D93,471,-8.212,-21.189,83.053
5D93,408,14.262,-33.465,71.472
5D93,262,-1.435,-74.751,45.454
5D93,291,28.044,-38.889,66.087
5D93,89,5.865,-62.28,51.004
5D93,529,6.678,-26.184,93.324
5D93,134,1.672,-38.126,40.612
5D93,343,6.845,-15.612,74.346
5D93,430,-1.468,-4.622,82.368
5D93,223,-17.27,-71.444,43.136
5D93,449,2.817,-27.926,60.192
5D93,42,20.212,-56.223,53.062
5D93,302,19.075,-25.812,77.229
5D93,186,-0.328,-69.19,25.443
5D93,175,-14.514,-66.844,31.871
5D93,511,18.497,-33.001,87.503
5D93,388,21.72,-23.634,60.364
5D93,255,0.201,-82.0,52.794
5D93,446,1.293,-30.979,66.336
5D93,189,4.825,-75.869,28.67
5D93,387,19.583,-20.405,62.086
5D93,103,13.863,-40.908,54.986
5D93,374,7.718,-19.1,54.135
5D93,214,8.032,-66.657,31.965
5D93,407,11.824,-35.137,68.291
5D93,75,6.051,-44.726,62.996
5D93,86,5.446,-57.333,52.649
5D93,526,6.846,-35.292,90.393
5D93,335,-1.428,-18.474,66.16
5D93,142,-3.05,-49.385,58.814
5D93,106,17.034,-36.716,55.516
5D93,382,20.568,-14.777,54.508
5D93,371,7.789,-23.716,51.075
5D93,308,19.248,-22.227,66.312
5D93,48,13.947,-44.172,46.769
5D93,229,-16.774,-75.921,38.026
5D93,443,-4.346,-28.362,70.149
5D93,250,-3.645,-83.478,37.075
5D93,330,-1.908,-20.225,57.332
5D93,147,-2.67,-61.574,54.891
5D93,523,5.798,-43.842,92.461
5D93,349,20.848,-11.516,64.581
5D93,70,10.601,-40.786,59.134
5D93,83,7.055,-52.288,53.734
5D93,402,17.416,-44.333,64.773
5D93,268,9.185,-78.117,40.292
5D93,211,6.06,-64.101,37.653
5D93,488,8.304,-40.243,78.971
5D93,230,-18.96,-79.115,35.097
5D93,423,10.522,-15.033,82.386
5D93,249,-5.581,-83.264,33.277
5D93,502,16.353,-44.021,79.332
5D93,368,-3.864,-20.262,48.709
5D93,195,-10.838,-74.29,40.598
5D93,311,13.577,-22.818,64.662
5D93,166,4.736,-55.674,31.569
5D93,51,17.938,-37.268,43.174
5D93,271,11.515,-77.015,33.004
5D93,208,2.2,-62.838,41.478
5D93,491,7.622,-44.157,74.712
5D93,462,-2.952,-35.228,75.873
5D93,329,-1.885,-26.331,57.537
5D93,543,20.236,-23.22,81.415
5D93,127,3.298,-44.904,42.303
5D93,350,17.524,-15.045,65.772
5D93,69,10.533,-43.368,56.051
5D93,54,9.871,-37.549,39.042
5D93,314,10.018,-26.291,62.208
5D93,190,4.174,-76.822,32.865
5D93,163,-1.318,-48.967,32.209
5D93,507,12.937,-34.44,86.855
5D93,426,5.857,-12.731,86.307
5D93,235,-15.731,-80.764,44.459
5D93,122,3.425,-43.402,57.969
5D93,355,10.371,-9.923,65.544
5D93,546,26.511,-20.641,73.053
5D93,494,10.192,-48.889,73.098
5D93,467,-5.234,-27.795,76.781
5D93,274,13.805,-67.687,39.463
5D93,63,4.707,-51.193,40.011
5D93,90,6.376,-59.692,47.537
5D93,530,9.683,-27.454,93.313
5D93,323,2.677,-26.864,48.38
5D93,154,-3.276,-58.136,44.844
5D93,202,-4.84,-68.861,47.065
5D93,468,-10.29,-27.51,78.515
5D93,411,8.36,-32.478,73.943
5D93,508,15.819,-37.111,87.455
5D93,391,20.364,-29.985,61.375
5D93,115,6.244,-32.782,44.01
5D93,362,0.876,-11.285,60.561
5D93,429,1.128,-7.709,85.706
5D93,243,-3.787,-78.04,32.391
5D93,450,4.791,-33.822,64.485
5D93,414,6.878,-26.126,72.137
5D93,207,0.034,-66.005,39.713
5D93,326,-4.762,-23.881,53.418
5D93,151,-5.167,-58.81,50.397
5D93,128,-0.79,-47.339,38.202
5D93,535,10.457,-26.266,85.006
5D93,66,6.531,-45.955,48.085
5D93,95,9.451,-56.96,37.603
5D93,455,2.703,-38.879,67.771
5D93,246,0.199,-83.334,26.757
5D93,110,12.03,-31.94,51.912
5D93,394,24.062,-30.957,71.081
5D93,367,-6.528,-16.866,50.798
5D93,169,0.443,-62.058,35.283
5D93,527,6.816,-30.443,95.088
5D93,143,-3.084,-52.09,61.212
5D93,334,0.437,-16.629,60.884
5D93,87,9.226,-57.639,50.934
5D93,74,8.354,-44.713,66.04
5D93,215,6.745,-71.984,31.53
5D93,406,12.486,-32.24,65.316
5D93,188,3.106,-72.323,28.095
5D93,375,12.16,-20.621,50.003
5D93,102,11.582,-41.922,50.613
5D93,386,20.097,-16.471,61.183
5D93,254,-0.943,-80.687,48.397
5D93,447,-3.456,-30.694,63.92
5D93,403,17.764,-43.29,68.672
5D93,269,7.161,-78.144,37.24
5D93,210,5.092,-68.783,39.555
5D93,489,5.555,-43.786,80.207
5D93,82,5.743,-55.284,58.797
5D93,71,13.991,-41.96,60.743
5D93,146,1.907,-58.974,56.065
5D93,331,-3.866,-19.791,61.442
5D93,522,8.467,-44.424,96.487
5D93,348,20.639,-10.516,68.691
5D93,228,-14.428,-73.831,34.078
5D93,442,2.126,-27.281,70.81
5D93,251,-6.501,-82.272,42.459
5D93,49,16.719,-40.259,46.563
5D93,370,2.926,-20.347,48.307
5D93,383,17.358,-19.599,57.6
5D93,107,16.766,-30.249,54.585
5D93,309,18.321,-26.869,64.673
5D93,227,-18.898,-73.234,32.003
5D93,434,-5.617,-17.546,79.258
5D93,46,14.111,-49.673,46.214
5D93,108,17.939,-33.4,51.136
5D93,515,10.968,-32.246,92.688
5D93,171,-4.639,-61.183,38.443
5D93,306,19.484,-28.249,69.947
5D93,182,-3.624,-71.533,27.289
5D93,295,29.283,-40.06,74.628
5D93,266,3.793,-75.001,40.237
5D93,475,-0.934,-24.079,85.408
5D93,486,0.3,-39.749,80.181
5D93,149,-0.263,-54.932,53.571
5D93,347,21.162,-14.99,69.767
5D93,130,4.147,-47.479,31.942
5D93,174,-11.187,-67.347,34.22
5D93,187,4.835,-69.411,24.045
5D93,303,23.271,-27.519,74.873
5D93,510,19.97,-37.452,90.082
5D93,389,23.815,-24.473,56.065
5D93,43,16.526,-55.049,52.999
5D93,431,-0.972,-7.994,79.743
5D93,222,-14.588,-67.993,40.764
5D93,448,-2.645,-28.295,61.072
5D93,528,3.751,-29.24,91.693
5D93,342,5.541,-12.739,72.455
5D93,135,0.408,-38.837,44.242
5D93,88,11.108,-60.812,51.976
5D93,470,-4.967,-24.37,81.537
5D93,483,2.036,-34.317,79.329
5D93,409,13.995,-30.036,69.685
5D93,290,29.054,-41.793,64.768
5D93,263,4.063,-72.263,44.83
