5HYS,428,79.597,35.885,39.046
5HYS,451,33.249,12.089,41.862
5HYS,363,67.406,40.716,35.131
5HYS,390,59.795,37.142,28.482
5HYS,509,43.676,15.963,33.778
5HYS,469,59.712,9.234,43.215
5HYS,410,73.292,14.14,32.677
5HYS,531,61.831,2.406,35.917
5HYS,366,67.984,48.057,29.564
5HYS,395,59.814,44.44,34.98
5HYS,454,27.431,19.326,41.814
5HYS,534,61.51,1.601,29.765
5HYS,415,79.5,18.45,35.356
5HYS,542,38.14,5.55,34.142
5HYS,351,62.69,13.628,22.953
5HYS,463,44.247,12.27,39.629
5HYS,490,49.363,18.234,32.967
5HYS,369,73.402,42.016,27.556
5HYS,503,61.052,12.179,46.598
5HYS,422,76.061,42.545,33.764
5HYS,466,53.46,9.663,41.344
5HYS,495,59.074,17.044,43.9
5HYS,354,68.962,15.452,26.481
5HYS,427,80.06,38.687,43.753
5HYS,506,49.683,14.794,43.963
5HYS,346,59.981,12.468,27.716
5HYS,487,52.32,18.952,28.7
5HYS,474,59.464,12.466,37.678
5HYS,514,33.505,14.6,25.099
5HYS,435,74.225,11.613,37.412
5HYS,482,47.169,4.59,24.378
5HYS,471,65.869,10.111,42.163
5HYS,408,78.077,7.681,26.322
5HYS,343,67.712,16.498,32.365
5HYS,529,66.491,7.095,36.975
5HYS,430,78.945,29.872,39.135
5HYS,449,38.231,9.846,39.445
5HYS,388,63.875,32.215,25.599
5HYS,511,38.276,15.917,31.739
5HYS,446,48.881,4.8,43.259
5HYS,387,69.928,34.239,25.262
5HYS,374,75.708,26.504,29.238
5HYS,407,72.458,10.747,26.428
5HYS,526,55.803,7.912,34.635
5HYS,335,67.516,39.538,43.704
5HYS,382,79.39,22.989,24.647
5HYS,371,76.94,37.061,29.154
5HYS,443,57.697,4.956,40.508
5HYS,349,65.576,8.128,30.107
5HYS,523,47.15,6.629,30.769
5HYS,402,68.467,25.53,26.455
5HYS,488,48.871,22.283,29.388
5HYS,423,79.228,44.494,33.589
5HYS,368,72.328,45.226,29.209
5HYS,502,61.074,9.512,49.05
5HYS,491,48.967,20.263,36.932
5HYS,462,41.501,12.803,36.069
5HYS,543,35.077,8.616,34.861
5HYS,350,61.612,8.666,25.975
5HYS,507,48.74,15.095,38.461
5HYS,426,78.378,42.056,41.5
5HYS,355,67.933,19.647,27.614
5HYS,494,57.153,20.668,42.4
5HYS,467,54.095,7.27,46.111
5HYS,530,64.063,3.44,38.392
5HYS,468,57.681,5.936,47.224
5HYS,411,73.747,8.655,31.762
5HYS,391,60.606,42.662,29.01
5HYS,362,64.654,39.305,39.277
5HYS,508,44.111,19.037,38.294
5HYS,429,75.93,34.01,39.034
5HYS,450,36.348,13.094,40.208
5HYS,414,79.767,15.839,32.446
5HYS,535,63.046,4.11,31.945
5HYS,455,27.082,21.56,38.168
5HYS,394,57.342,41.884,37.101
5HYS,367,70.7,47.603,33.149
5HYS,527,59.374,9.029,33.057
5HYS,334,66.491,43.952,41.517
5HYS,406,74.501,13.984,26.012
5HYS,375,80.861,24.697,30.963
5HYS,386,68.636,28.384,22.891
5HYS,447,44.699,6.835,39.338
5HYS,403,72.744,23.015,26.597
5HYS,489,44.536,19.15,29.216
5HYS,348,67.297,11.399,29.293
5HYS,522,41.651,8.992,30.369
5HYS,442,60.393,3.088,41.611
5HYS,370,73.146,38.789,30.499
5HYS,383,76.179,21.585,22.022
5HYS,434,75.331,16.27,37.747
5HYS,515,37.586,14.082,26.386
5HYS,475,58.324,12.753,33.877
5HYS,486,48.652,18.473,25.655
5HYS,347,63.736,14.914,27.2
5HYS,389,65.783,37.718,26.059
5HYS,510,40.563,19.903,34.226
5HYS,431,74.263,28.548,39.738
5HYS,448,42.708,8.142,41.978
5HYS,342,68.524,17.908,37.273
5HYS,528,62.185,7.449,37.611
5HYS,470,64.626,7.207,45.138
5HYS,483,47.315,9.735,22.589
5HYS,409,78.078,12.705,27.994
5HYS,513,30.122,14.289,29.656
5HYS,379,86.187,20.468,28.711
5HYS,432,76.278,23.249,38.756
5HYS,341,67.978,22.224,34.905
5HYS,338,70.07,31.338,39.192
5HYS,473,64.618,13.639,38.569
5HYS,480,42.204,9.993,25.621
5HYS,437,73.378,9.987,43.203
5HYS,516,33.686,11.567,30.212
5HYS,476,54.105,13.357,34.498
5HYS,485,47.284,14.818,26.332
5HYS,344,63.535,15.463,31.225
5HYS,400,66.523,31.189,29.186
5HYS,479,48.017,9.115,27.683
5HYS,521,41.397,4.78,28.753
5HYS,441,63.231,4.133,43.472
5HYS,438,72.195,7.433,44.853
5HYS,519,37.625,5.574,25.166
5HYS,373,78.693,30.793,29.661
5HYS,380,84.755,17.194,26.241
5HYS,524,49.164,8.345,34.534
5HYS,337,68.241,34.52,40.659
5HYS,405,73.125,17.253,26.663
5HYS,376,81.624,19.434,29.029
5HYS,385,72.72,27.447,23.129
5HYS,444,54.341,3.785,44.093
5HYS,417,79.244,25.95,34.978
5HYS,536,57.794,3.661,31.928
5HYS,456,30.159,20.872,36.352
5HYS,397,64.61,40.472,32.005
5HYS,364,67.251,44.976,34.667
5HYS,533,61.307,-1.756,31.771
5HYS,359,66.171,30.599,34.847
5HYS,498,58.063,10.818,51.463
5HYS,412,78.895,8.473,31.281
5HYS,392,58.277,39.4,32.833
5HYS,361,65.097,35.826,37.54
5HYS,453,30.857,18.587,43.543
5HYS,504,54.882,13.35,47.256
5HYS,425,76.25,42.082,38.214
5HYS,356,70.559,21.642,30.576
5HYS,545,33.415,2.05,37.439
5HYS,497,60.873,13.953,51.155
5HYS,464,48.114,11.122,39.789
5HYS,459,34.153,19.693,33.535
5HYS,420,75.86,34.592,34.904
5HYS,501,63.619,8.151,51.34
5HYS,398,63.425,36.326,32.209
5HYS,418,75.86,28.301,34.14
5HYS,492,52.502,18.333,38.013
5HYS,461,39.105,15.827,37.891
5HYS,540,44.608,3.402,34.334
5HYS,539,48.092,2.794,37.239
5HYS,353,66.752,14.814,23.447
5HYS,518,35.693,9.534,22.688
5HYS,381,82.947,20.294,23.648
5HYS,372,74.249,32.773,29.946
5HYS,440,68.102,4.16,40.697
5HYS,439,69.78,5.61,46.292
5HYS,520,36.427,6.181,30.034
5HYS,401,70.02,28.845,28.216
5HYS,478,47.419,12.435,32.692
5HYS,445,51.358,5.092,39.602
5HYS,384,75.64,25.612,19.139
5HYS,377,84.215,19.695,33.852
5HYS,404,71.892,20.738,23.995
5HYS,525,52.975,7.322,30.523
5HYS,336,69.589,38.441,40.326
5HYS,481,42.614,6.874,23.333
5HYS,472,63.873,14.824,42.967
5HYS,340,70.99,24.652,36.372
5HYS,339,66.944,29.452,39.527
5HYS,433,74.24,20.195,36.641
5HYS,512,35.554,16.852,28.683
5HYS,378,85.644,17.74,30.911
5HYS,345,63.157,12.245,32.665
5HYS,484,51.246,12.686,25.015
5HYS,477,53.176,11.654,30.372
5HYS,517,30.96,10.343,26.55
5HYS,436,71.25,12.455,40.495
5HYS,465,49.912,9.562,43.844
5HYS,496,56.144,17.855,49.095
5HYS,357,67.669,25.162,31.514
5HYS,544,32.882,5.366,34.555
5HYS,424,75.306,47.006,36.372
5HYS,505,54.031,13.8,42.54
5HYS,541,41.778,6.202,34.97
5HYS,538,51.32,3.299,32.513
5HYS,352,67.075,8.911,23.736
5HYS,419,80.291,32.415,34.61
5HYS,460,33.898,14.123,35.868
5HYS,493,53.262,18.551,42.074
5HYS,500,60.688,8.806,53.862
5HYS,399,67.298,35.071,30.619
5HYS,458,29.685,18.37,31.279
5HYS,421,78.303,37.73,32.904
5HYS,365,65.34,45.832,32.013
5HYS,396,61.349,41.34,35.369
5HYS,457,26.771,17.526,36.838
5HYS,537,55.358,3.604,35.387
5HYS,416,77.0,19.652,31.771
5HYS,452,28.738,13.904,38.834
5HYS,360,68.296,34.428,34.894
5HYS,393,51.926,41.264,33.397
5HYS,499,56.874,11.225,55.819
5HYS,413,78.54,12.395,34.745
5HYS,532,62.161,-1.421,34.938
5HYS,358,69.979,28.591,32.757
