5JHL,18,-12.792,-74.983,-7.689
5JHL,264,13.227,-36.549,21.07
5JHL,61,12.753,-40.973,29.22
5JHL,297,-14.744,-80.295,2.631
5JHL,92,32.428,-39.03,38.227
5JHL,132,9.234,-65.391,14.093
5JHL,345,-33.265,-58.306,-7.902
5JHL,59,18.199,-46.69,25.895
5JHL,3,-18.236,-56.84,5.97
5JHL,20,-7.855,-72.662,-5.966
5JHL,225,23.485,-49.007,27.716
5JHL,180,-18.872,-73.381,9.22
5JHL,304,-35.055,-78.352,2.22
5JHL,173,1.028,-73.396,11.62
5JHL,339,-38.207,-70.313,5.993
5JHL,137,-0.999,-63.884,11.429
5JHL,340,-36.58,-70.271,0.706
5JHL,261,15.728,-36.548,25.779
5JHL,64,18.072,-37.562,38.956
5JHL,292,-4.539,-71.056,-2.081
5JHL,97,42.248,-26.511,38.542
5JHL,218,17.238,-49.429,20.384
5JHL,378,-29.149,-57.181,-2.616
5JHL,301,-27.532,-76.462,5.584
5JHL,185,-15.225,-77.123,5.894
5JHL,176,-6.177,-74.187,8.872
5JHL,25,-6.203,-61.458,4.656
5JHL,220,23.026,-45.802,17.395
5JHL,6,-15.619,-52.73,5.322
5JHL,259,16.49,-33.102,30.039
5JHL,384,-33.695,-48.772,-12.853
5JHL,100,47.101,-20.642,44.498
5JHL,377,-25.616,-57.852,0.733
5JHL,179,-15.833,-76.191,11.458
5JHL,9,-16.34,-55.779,1.018
5JHL,256,23.592,-30.391,35.369
5JHL,53,8.105,-59.664,23.513
5JHL,336,-43.397,-70.739,8.79
5JHL,141,-13.758,-68.05,8.851
5JHL,138,-6.574,-65.14,16.413
5JHL,98,44.396,-23.03,37.696
5JHL,404,-22.293,-46.072,-10.531
5JHL,12,-13.725,-63.297,-4.357
5JHL,217,16.597,-45.435,16.57
5JHL,253,32.943,-29.497,39.022
5JHL,56,17.496,-56.188,24.532
5JHL,105,47.781,-23.178,47.35
5JHL,381,-28.645,-54.178,-11.662
5JHL,372,-37.859,-62.517,12.886
5JHL,17,-15.63,-76.393,-8.328
5JHL,212,7.623,-51.725,15.594
5JHL,401,-30.993,-45.725,-9.505
5JHL,298,-18.221,-74.996,1.66
5JHL,333,-44.685,-62.516,11.054
5JHL,144,-22.553,-62.73,4.151
5JHL,360,-27.099,-62.752,1.388
5JHL,117,26.871,-37.681,41.517
5JHL,393,-50.975,-59.338,-3.134
5JHL,319,-28.971,-49.168,1.781
5JHL,238,26.686,-43.21,28.85
5JHL,44,-12.71,-60.941,8.854
5JHL,241,24.192,-38.583,28.489
5JHL,321,-22.921,-50.12,0.287
5JHL,358,-28.64,-62.614,-3.454
5JHL,279,-2.113,-58.24,26.281
5JHL,200,15.851,-54.91,11.343
5JHL,41,-17.724,-66.902,2.981
5JHL,244,26.146,-31.29,31.703
5JHL,38,-20.675,-73.022,-2.296
5JHL,198,9.561,-59.607,12.672
5JHL,365,-36.239,-67.228,8.426
5JHL,396,-41.515,-56.04,-0.114
5JHL,112,43.212,-32.375,41.827
5JHL,205,8.07,-49.568,25.609
5JHL,79,44.982,-37.729,42.523
5JHL,324,-23.227,-50.815,-4.349
5JHL,85,36.116,-42.058,43.029
5JHL,280,0.976,-59.496,27.418
5JHL,76,52.423,-31.474,45.119
5JHL,273,5.254,-48.886,12.601
5JHL,352,-40.599,-61.846,-11.604
5JHL,125,13.132,-46.488,26.644
5JHL,232,19.087,-55.972,40.901
5JHL,37,-23.937,-74.324,-5.631
5JHL,164,-19.597,-66.059,13.419
5JHL,313,-41.878,-55.651,7.207
5JHL,197,10.267,-58.756,8.325
5JHL,399,-37.106,-48.025,-7.557
5JHL,357,-24.811,-61.232,-7.354
5JHL,120,18.636,-41.591,39.112
5JHL,80,41.446,-36.405,44.41
5JHL,285,-1.52,-52.788,12.795
5JHL,73,43.811,-32.871,47.238
5JHL,276,-1.095,-52.362,19.38
5JHL,118,23.309,-41.201,43.492
5JHL,192,3.666,-66.552,6.485
5JHL,316,-32.854,-51.347,8.931
5JHL,237,26.016,-48.112,30.742
5JHL,32,-16.825,-61.419,0.304
5JHL,99,44.81,-24.449,43.332
5JHL,405,-21.789,-43.679,-8.115
5JHL,13,-16.874,-64.841,-7.645
5JHL,216,21.551,-49.135,13.275
5JHL,140,-13.534,-64.392,11.647
5JHL,337,-40.111,-71.8,10.812
5JHL,139,-8.271,-65.591,10.67
5JHL,8,-10.402,-52.822,2.646
5JHL,257,20.486,-32.815,34.906
5JHL,52,7.21,-64.864,24.524
5JHL,376,-30.997,-59.346,2.968
5JHL,101,50.548,-17.211,47.291
5JHL,385,-34.367,-52.457,-10.066
5JHL,178,-12.91,-74.34,9.611
5JHL,145,-25.92,-63.635,7.115
5JHL,332,-41.596,-63.903,8.692
5JHL,16,-16.411,-74.056,-11.048
5JHL,213,12.08,-49.833,16.12
5JHL,400,-31.831,-49.29,-5.357
5JHL,299,-22.549,-79.072,2.477
5JHL,373,-35.356,-58.448,13.018
5JHL,380,-27.881,-54.401,-7.779
5JHL,104,45.324,-22.214,49.244
5JHL,252,32.349,-25.69,43.118
5JHL,57,19.76,-51.774,24.961
5JHL,172,5.988,-72.728,12.369
5JHL,305,-35.455,-75.12,4.676
5JHL,181,-21.278,-77.106,10.352
5JHL,58,16.862,-50.218,28.942
5JHL,2,-18.992,-59.467,10.034
5JHL,21,-9.926,-68.943,-3.705
5JHL,224,21.518,-43.532,29.543
5JHL,344,-36.26,-61.497,-6.904
5JHL,133,9.314,-68.419,16.229
5JHL,19,-11.595,-75.908,-4.646
5JHL,296,-13.49,-79.126,-0.982
5JHL,93,34.639,-34.519,35.592
5JHL,265,12.151,-40.264,21.267
5JHL,60,17.343,-43.12,30.645
5JHL,24,-5.475,-60.563,0.366
5JHL,221,19.762,-44.311,21.332
5JHL,7,-13.786,-49.657,2.814
5JHL,258,20.514,-33.001,30.4
5JHL,379,-25.253,-57.139,-6.618
5JHL,177,-9.981,-77.159,8.593
5JHL,184,-18.851,-77.531,6.731
5JHL,300,-25.509,-75.547,0.553
5JHL,293,-9.738,-70.302,0.886
5JHL,96,43.648,-30.742,36.218
5JHL,260,13.365,-34.97,28.985
5JHL,65,21.529,-35.396,40.287
5JHL,219,21.56,-50.988,19.105
5JHL,338,-37.411,-73.176,9.393
5JHL,341,-36.444,-65.548,2.141
5JHL,136,-0.964,-65.717,16.769
5JHL,196,5.421,-58.297,9.121
5JHL,312,-41.128,-60.69,4.727
5JHL,165,-14.75,-69.421,12.883
5JHL,398,-37.854,-50.578,-2.947
5JHL,233,20.734,-52.372,41.273
5JHL,36,-22.714,-72.025,-8.529
5JHL,124,12.899,-47.247,31.783
5JHL,353,-36.787,-62.517,-14.714
5JHL,77,49.097,-32.129,48.135
5JHL,272,7.138,-45.324,13.51
5JHL,84,31.463,-41.407,46.302
5JHL,281,0.316,-61.34,23.749
5JHL,236,21.046,-47.043,33.98
5JHL,33,-16.0,-65.628,-0.967
5JHL,119,22.103,-41.645,37.362
5JHL,317,-34.794,-48.421,4.615
5JHL,193,8.532,-65.822,2.549
5JHL,72,40.62,-30.698,46.369
5JHL,277,0.939,-54.554,24.712
5JHL,81,38.998,-40.609,47.728
5JHL,284,1.02,-55.895,15.454
5JHL,121,16.208,-43.228,36.377
5JHL,356,-28.683,-60.099,-10.327
5JHL,278,-3.75,-54.315,25.233
5JHL,201,12.144,-54.802,13.918
5JHL,320,-25.841,-47.519,-1.848
5JHL,359,-24.148,-61.103,-1.644
5JHL,239,25.764,-42.485,34.034
5JHL,45,-6.805,-60.255,9.838
5JHL,240,28.384,-39.452,31.312
5JHL,392,-47.831,-61.954,-2.968
5JHL,116,30.772,-36.979,42.381
5JHL,361,-27.096,-66.505,-0.368
5JHL,318,-33.401,-49.869,1.359
5JHL,325,-24.118,-53.285,-2.337
5JHL,204,10.054,-49.183,21.959
5JHL,78,47.606,-35.378,44.85
5JHL,199,14.944,-59.337,11.935
5JHL,113,38.81,-31.366,41.026
5JHL,397,-42.174,-53.967,-4.384
5JHL,364,-33.05,-68.891,5.734
5JHL,40,-21.441,-66.26,1.011
5JHL,245,30.253,-32.694,35.099
5JHL,39,-22.099,-70.811,1.25
5JHL,128,10.962,-56.001,24.287
5JHL,326,-28.34,-52.975,-1.341
5JHL,207,4.902,-43.19,28.929
5JHL,88,28.356,-48.221,39.868
5JHL,169,-2.198,-68.883,10.822
5JHL,110,47.227,-27.396,37.102
5JHL,394,-49.127,-58.718,2.398
5JHL,367,-36.224,-67.464,14.7
5JHL,246,29.412,-26.86,33.24
5JHL,43,-12.362,-64.262,5.151
5JHL,288,0.13,-58.666,3.837
5JHL,202,14.731,-54.379,18.608
5JHL,323,-18.317,-51.358,-1.88
5JHL,243,25.19,-35.851,33.528
5JHL,46,-8.99,-60.149,13.674
5JHL,391,-44.926,-64.238,-1.772
5JHL,115,32.967,-33.882,40.998
5JHL,362,-29.35,-69.348,-0.312
5JHL,30,-13.218,-58.106,4.219
5JHL,235,25.558,-49.8,35.902
5JHL,49,-0.138,-61.443,18.096
5JHL,314,-38.525,-52.768,4.609
5JHL,190,-1.305,-69.138,4.615
5JHL,163,-22.659,-69.781,11.336
5JHL,274,1.652,-47.048,15.946
5JHL,71,38.291,-33.668,46.826
5JHL,287,-1.373,-56.225,7.762
5JHL,82,35.32,-38.681,46.592
5JHL,122,13.086,-40.957,36.539
5JHL,355,-31.968,-59.325,-12.051
5JHL,195,4.219,-60.551,5.627
5JHL,311,-45.203,-60.896,6.091
5JHL,166,-12.095,-67.368,15.862
5JHL,368,-39.82,-70.851,15.075
5JHL,249,35.133,-23.131,40.105
5JHL,35,-19.966,-69.596,-4.99
5JHL,230,17.103,-56.758,36.016
5JHL,127,13.588,-53.136,24.285
5JHL,350,-45.559,-58.823,-15.035
5JHL,329,-33.533,-55.163,8.891
5JHL,208,1.735,-46.966,28.187
5JHL,271,7.126,-42.724,11.747
5JHL,74,47.257,-28.663,46.058
5JHL,282,1.797,-57.934,21.027
5JHL,87,29.916,-46.294,43.05
5JHL,4,-21.977,-54.301,5.441
5JHL,222,22.238,-40.986,22.577
5JHL,27,-5.265,-55.833,10.322
5JHL,389,-38.891,-59.19,-0.155
5JHL,174,0.767,-72.593,7.741
5JHL,187,-9.463,-73.966,4.156
5JHL,303,-32.232,-79.126,4.999
5JHL,95,39.806,-32.045,36.577
5JHL,290,-0.471,-63.873,0.067
5JHL,66,22.061,-36.983,44.351
5JHL,263,10.472,-35.851,22.657
5JHL,342,-39.0,-64.816,-0.531
5JHL,135,3.762,-64.208,14.565
5JHL,171,4.975,-69.025,10.989
5JHL,306,-40.66,-74.081,2.435
5JHL,182,-23.572,-77.425,7.991
5JHL,108,51.226,-19.995,41.88
5JHL,227,20.632,-54.747,29.296
5JHL,22,-6.039,-66.816,-4.179
5JHL,1,-24.199,-58.584,8.626
5JHL,347,-36.904,-55.263,-14.808
5JHL,130,10.195,-59.933,18.015
5JHL,90,27.578,-42.064,43.02
5JHL,295,-14.24,-73.634,-1.09
5JHL,63,17.266,-38.059,35.253
5JHL,266,7.672,-38.891,21.272
5JHL,348,-40.782,-57.604,-15.898
5JHL,146,-24.757,-64.667,10.189
5JHL,331,-39.832,-57.815,11.207
5JHL,210,3.593,-49.453,22.865
5JHL,15,-14.208,-70.878,-9.768
5JHL,269,9.488,-42.633,16.922
5JHL,403,-25.588,-44.75,-10.078
5JHL,309,-46.173,-67.914,3.969
5JHL,370,-43.32,-64.481,16.687
5JHL,383,-29.99,-48.979,-12.685
5JHL,107,52.755,-24.226,44.704
5JHL,54,12.696,-60.09,24.899
5JHL,251,38.123,-26.018,46.413
5JHL,228,19.29,-57.268,30.175
5JHL,406,-19.492,-45.628,-5.214
5JHL,69,30.731,-34.077,45.885
5JHL,215,17.703,-54.075,15.436
5JHL,10,-11.855,-57.582,-1.429
5JHL,143,-21.872,-67.624,6.957
5JHL,334,-44.096,-65.838,11.108
5JHL,28,-9.728,-54.084,8.557
5JHL,51,4.61,-63.993,22.022
5JHL,254,28.719,-27.256,38.492
5JHL,375,-29.667,-58.047,7.804
5JHL,102,44.132,-17.33,46.348
5JHL,386,-38.862,-52.983,-9.541
5JHL,188,-6.796,-71.073,5.469
5JHL,354,-34.166,-63.278,-12.057
5JHL,123,10.753,-41.218,33.333
5JHL,286,0.305,-53.516,9.343
5JHL,83,33.96,-42.323,49.515
5JHL,275,1.605,-50.438,18.741
5JHL,70,33.886,-32.151,45.688
5JHL,162,-20.419,-73.864,14.163
5JHL,191,3.235,-67.541,2.399
5JHL,315,-36.873,-52.847,10.088
5JHL,31,-12.574,-61.291,1.872
5JHL,234,19.983,-50.79,38.095
5JHL,48,-1.402,-59.577,14.509
5JHL,209,2.364,-45.104,24.032
5JHL,283,-2.744,-55.546,19.753
5JHL,86,34.63,-46.26,42.098
5JHL,270,7.258,-40.013,13.533
5JHL,75,49.833,-28.331,43.567
5JHL,351,-41.555,-62.366,-15.685
5JHL,126,12.129,-51.122,27.093
5JHL,328,-32.412,-54.891,3.69
5JHL,248,36.147,-25.698,37.053
5JHL,34,-19.596,-65.122,-3.92
5JHL,231,17.297,-58.806,39.359
5JHL,167,-8.425,-69.707,12.634
5JHL,310,-45.706,-64.434,5.652
5JHL,194,3.459,-62.363,2.423
5JHL,369,-40.364,-67.443,16.546
5JHL,247,33.411,-24.647,35.818
5JHL,42,-17.23,-63.217,5.301
5JHL,168,-4.895,-69.823,15.629
5JHL,366,-33.476,-69.639,11.451
5JHL,395,-45.066,-58.628,-2.797
5JHL,111,45.073,-29.158,40.62
5JHL,206,8.199,-44.3,25.779
5JHL,89,24.373,-45.881,41.939
5JHL,129,13.132,-59.331,21.096
5JHL,327,-28.376,-53.304,2.865
5JHL,363,-32.076,-66.334,1.918
5JHL,114,36.825,-35.096,42.068
5JHL,390,-41.887,-62.195,-0.906
5JHL,242,21.269,-37.451,30.843
5JHL,47,-5.596,-60.221,15.634
5JHL,322,-19.033,-47.683,0.502
5JHL,289,-1.864,-62.949,5.289
5JHL,203,7.236,-53.82,21.244
5JHL,55,13.779,-57.099,28.352
5JHL,250,39.218,-24.785,42.829
5JHL,229,16.742,-57.206,32.554
5JHL,308,-41.717,-67.878,3.678
5JHL,106,51.704,-22.358,47.52
5JHL,382,-24.932,-50.803,-13.185
5JHL,371,-42.032,-60.775,14.8
5JHL,211,6.548,-46.407,19.459
5JHL,14,-15.087,-68.612,-7.272
5JHL,268,12.203,-39.965,16.123
5JHL,402,-25.988,-50.041,-8.933
5JHL,349,-42.923,-56.941,-11.54
5JHL,330,-36.611,-57.919,6.905
5JHL,387,-35.895,-54.927,-4.186
5JHL,103,43.088,-20.92,45.682
5JHL,374,-32.852,-61.492,7.969
5JHL,189,-2.43,-72.49,2.722
5JHL,29,-10.696,-56.179,6.554
5JHL,50,3.933,-60.737,19.237
5JHL,255,26.638,-31.284,38.525
5JHL,335,-44.88,-69.194,12.988
5JHL,142,-18.289,-66.035,8.4
5JHL,68,25.898,-33.104,44.425
5JHL,214,14.338,-50.121,11.949
5JHL,11,-16.617,-58.028,-3.323
5JHL,134,6.324,-66.317,19.17
5JHL,343,-35.471,-62.978,-2.633
5JHL,67,25.568,-37.3,46.848
5JHL,262,9.322,-38.206,26.343
5JHL,94,39.515,-37.156,38.436
5JHL,291,-4.249,-66.88,1.734
5JHL,388,-39.014,-58.668,-4.689
5JHL,302,-29.425,-80.702,3.494
5JHL,186,-13.427,-73.499,5.02
5JHL,175,-3.165,-75.695,6.317
5JHL,5,-18.78,-51.414,6.349
5JHL,223,20.239,-42.274,26.111
5JHL,26,-5.729,-56.111,4.214
5JHL,62,13.361,-38.26,33.225
5JHL,267,10.499,-36.401,16.976
5JHL,91,28.493,-39.558,37.777
5JHL,294,-9.597,-76.286,0.341
5JHL,131,11.642,-64.418,17.938
5JHL,346,-36.66,-57.351,-11.145
5JHL,226,19.971,-51.474,31.449
5JHL,23,-7.378,-64.502,-0.215
5JHL,183,-23.185,-74.151,5.952
5JHL,307,-41.054,-70.238,0.087
5JHL,170,1.854,-69.732,12.803
5JHL,109,49.161,-24.837,39.712
