5LQB,17,9.317,-5.822,5.575
5LQB,127,12.686,-7.482,17.56
5LQB,56,7.584,1.313,10.588
5LQB,122,16.938,-6.247,8.77
5LQB,98,-1.043,3.205,10.165
5LQB,12,3.072,-12.818,6.952
5LQB,53,4.751,-1.57,14.739
5LQB,115,24.726,-1.305,4.562
5LQB,25,21.621,-5.967,1.733
5LQB,64,10.984,8.724,-2.366
5LQB,97,2.019,2.792,10.094
5LQB,59,11.287,2.943,6.662
5LQB,20,11.555,-7.298,0.791
5LQB,110,25.852,10.373,13.349
5LQB,18,12.666,-9.314,6.907
5LQB,61,10.067,9.766,6.228
5LQB,92,4.03,-3.732,4.156
5LQB,128,8.929,-6.682,16.389
5LQB,6,-4.482,-10.02,13.699
5LQB,32,31.994,-4.496,-9.422
5LQB,73,22.325,1.149,-9.637
5LQB,37,32.893,2.978,-3.116
5LQB,107,15.105,11.139,11.757
5LQB,85,11.477,-4.344,-4.13
5LQB,130,10.329,-12.006,18.846
5LQB,41,28.937,8.153,-0.464
5LQB,38,31.002,5.215,-7.185
5LQB,108,19.773,10.93,14.59
5LQB,9,-2.264,-9.614,9.101
5LQB,44,20.382,6.736,3.853
5LQB,96,2.212,-2.837,9.537
5LQB,65,15.496,8.222,-0.701
5LQB,24,17.55,-4.48,-1.366
5LQB,114,22.565,1.638,2.135
5LQB,129,8.946,-11.144,14.36
5LQB,19,12.497,-11.413,2.594
5LQB,93,4.853,0.469,6.056
5LQB,60,7.164,6.101,4.741
5LQB,111,24.329,10.013,9.041
5LQB,58,11.381,6.473,10.137
5LQB,21,14.74,-4.929,3.741
5LQB,57,6.704,7.414,9.935
5LQB,126,14.932,-9.814,13.276
5LQB,16,6.5,-10.876,3.228
5LQB,52,6.716,0.564,19.496
5LQB,99,-2.536,5.842,8.051
5LQB,13,2.403,-7.804,6.894
5LQB,123,17.313,-5.794,13.542
5LQB,109,22.755,13.764,15.314
5LQB,40,28.931,3.301,0.792
5LQB,39,25.953,3.033,-3.398
5LQB,131,7.423,-9.744,20.328
5LQB,8,-1.442,-15.338,12.941
5LQB,45,18.798,11.177,7.582
5LQB,72,21.502,6.089,-9.638
5LQB,7,-1.18,-11.494,15.61
5LQB,33,34.26,-3.18,-4.678
5LQB,103,5.27,9.111,15.708
5LQB,84,8.473,-3.189,-8.482
5LQB,106,12.433,12.252,16.894
5LQB,36,29.844,-0.662,-2.808
5LQB,87,6.066,-0.895,-4.04
5LQB,105,10.154,10.724,13.219
5LQB,35,29.388,0.667,-8.737
5LQB,71,17.086,4.061,-9.482
5LQB,30,27.01,-9.07,-5.612
5LQB,49,12.726,4.952,19.852
5LQB,46,19.216,6.271,11.422
5LQB,43,24.737,9.312,4.097
5LQB,88,5.816,-4.553,-1.842
5LQB,28,23.94,-3.755,-2.344
5LQB,51,10.644,-0.511,20.097
5LQB,118,19.008,-1.777,4.812
5LQB,69,20.188,5.273,-4.524
5LQB,10,1.06,-8.54,11.872
5LQB,120,18.415,-0.029,13.11
5LQB,54,4.475,3.953,16.81
5LQB,125,11.768,-6.649,11.736
5LQB,15,7.833,-12.703,8.002
5LQB,90,5.168,1.806,0.576
5LQB,63,11.18,4.376,1.084
5LQB,112,24.123,6.195,7.551
5LQB,22,17.204,-9.654,3.84
5LQB,95,-1.135,-2.179,5.225
5LQB,66,16.245,3.436,-0.863
5LQB,27,22.705,-6.971,-4.052
5LQB,117,18.666,2.333,6.206
5LQB,47,16.089,5.903,14.022
5LQB,89,8.654,-1.907,1.283
5LQB,42,24.918,8.384,-1.694
5LQB,34,34.077,0.12,-7.554
5LQB,104,7.281,13.422,15.458
5LQB,86,10.637,0.039,-2.936
5LQB,31,26.356,-3.865,-6.711
5LQB,48,16.792,9.254,18.475
5LQB,83,9.572,2.368,-10.118
5LQB,70,18.568,1.53,-5.637
5LQB,23,16.134,-9.723,-1.341
5LQB,113,25.618,3.606,5.272
5LQB,62,14.595,7.659,3.99
5LQB,91,2.004,-1.679,0.945
5LQB,116,25.039,1.359,8.197
5LQB,26,21.738,-9.744,-0.419
5LQB,67,13.116,4.494,-5.197
5LQB,94,1.136,2.429,4.438
5LQB,121,14.44,0.078,9.909
5LQB,68,16.952,8.101,-6.692
5LQB,11,4.224,-12.867,12.063
5LQB,119,21.57,-3.876,8.658
5LQB,29,26.729,-6.903,-0.526
5LQB,50,12.983,1.241,17.432
5LQB,14,6.849,-7.932,9.945
5LQB,124,12.17,-2.903,13.693
5LQB,55,8.772,3.772,16.117
