5MES,223,-12.614,-15.884,28.44
5MES,186,-3.907,-21.368,13.64
5MES,302,10.428,-16.591,26.366
5MES,175,10.551,-22.809,14.685
5MES,262,-1.22,-18.642,29.656
5MES,291,2.4,-19.382,12.523
5MES,307,14.286,-25.488,27.742
5MES,183,0.033,-24.573,12.061
5MES,226,-14.163,-8.236,23.835
5MES,267,0.218,-15.604,21.537
5MES,294,3.0,-16.956,16.674
5MES,268,-1.501,-19.634,20.423
5MES,211,-5.919,-33.414,22.044
5MES,308,14.299,-23.803,32.235
5MES,229,-13.692,-8.39,19.015
5MES,250,2.753,-10.936,18.851
5MES,214,-8.015,-29.15,19.898
5MES,255,6.152,-6.677,28.174
5MES,189,-9.623,-22.854,15.028
5MES,206,1.416,-33.82,20.13
5MES,247,5.723,-9.096,15.66
5MES,203,3.579,-37.407,17.953
5MES,289,2.81,-16.562,7.539
5MES,322,-6.586,-36.738,36.964
5MES,242,-0.936,-6.1,7.659
5MES,234,-6.769,-0.86,17.486
5MES,315,1.05,-27.134,27.137
5MES,191,-11.035,-24.676,8.367
5MES,286,-1.682,-15.201,5.611
5MES,275,-6.926,-17.151,11.326
5MES,194,-10.272,-31.326,14.077
5MES,310,9.804,-30.618,30.667
5MES,231,-6.357,-6.314,19.397
5MES,248,6.397,-3.593,15.74
5MES,283,-5.945,-13.272,2.712
5MES,270,-4.611,-12.649,18.595
5MES,209,-0.707,-30.876,22.608
5MES,228,-8.596,-11.577,21.183
5MES,251,6.62,-8.547,21.799
5MES,309,8.924,-25.485,31.774
5MES,269,-5.69,-17.822,21.042
5MES,210,-3.407,-30.308,19.051
5MES,188,-7.788,-27.333,13.367
5MES,254,5.683,-12.641,26.626
5MES,215,-8.75,-28.495,27.226
5MES,290,0.113,-15.956,11.693
5MES,263,0.793,-14.11,29.462
5MES,174,11.622,-25.85,20.218
5MES,303,15.061,-21.055,22.792
5MES,187,-3.836,-25.751,9.571
5MES,222,-14.957,-19.229,25.303
5MES,295,6.645,-19.904,16.478
5MES,266,-3.293,-15.725,25.196
5MES,227,-10.04,-8.065,23.533
5MES,182,1.198,-23.15,16.489
5MES,306,10.127,-23.021,26.366
5MES,274,-6.046,-13.553,13.207
5MES,287,-2.914,-18.824,8.142
5MES,190,-9.904,-21.49,10.149
5MES,314,4.789,-28.982,30.292
5MES,235,-4.455,-4.248,13.987
5MES,271,-4.02,-16.437,16.191
5MES,282,-10.642,-14.624,1.096
5MES,208,-2.796,-35.52,24.926
5MES,230,-10.258,-4.796,19.575
5MES,249,1.582,-6.517,18.864
5MES,311,8.102,-27.744,26.61
5MES,246,0.875,-8.849,13.896
5MES,207,-2.204,-37.519,19.586
5MES,243,0.359,-10.679,9.201
5MES,202,5.572,-34.862,18.085
5MES,288,2.104,-20.973,7.685
5MES,318,0.005,-26.004,33.664
5MES,240,1.707,-11.642,3.794
5MES,239,-2.092,-7.792,3.811
5MES,320,-3.398,-33.659,33.292
5MES,201,8.39,-33.392,13.837
5MES,278,-6.942,-14.162,7.673
5MES,245,3.049,-6.101,11.442
5MES,199,1.878,-34.818,14.813
5MES,204,1.483,-39.142,20.422
5MES,272,-6.752,-18.315,16.031
5MES,281,-10.663,-11.468,4.731
5MES,233,-12.073,-2.808,16.423
5MES,312,4.677,-27.664,23.24
5MES,277,-10.035,-11.812,9.933
5MES,284,-6.399,-19.719,3.622
5MES,193,-11.301,-29.071,9.57
5MES,317,2.927,-32.025,32.634
5MES,236,-7.267,-2.83,9.394
5MES,296,9.868,-16.018,15.982
5MES,265,-2.57,-20.098,25.358
5MES,224,-9.317,-12.997,26.441
5MES,172,15.372,-24.879,15.93
5MES,181,1.685,-27.751,17.582
5MES,305,9.35,-20.709,30.48
5MES,219,-11.507,-20.629,26.514
5MES,293,5.094,-14.984,13.637
5MES,260,2.7,-17.96,32.01
5MES,177,7.949,-29.35,18.424
5MES,300,13.451,-17.384,17.543
5MES,184,-1.404,-29.727,12.507
5MES,258,4.911,-12.377,32.908
5MES,221,-10.592,-17.896,21.548
5MES,178,6.329,-25.258,18.025
5MES,257,7.769,-10.185,32.754
5MES,216,-7.004,-24.5,26.864
5MES,252,4.118,-5.821,23.985
5MES,299,11.052,-19.991,20.224
5MES,213,-4.038,-25.852,22.181
5MES,197,-4.362,-37.879,11.664
5MES,313,6.555,-32.416,27.671
5MES,232,-8.92,-7.429,14.708
5MES,280,-13.545,-14.559,6.665
5MES,273,-9.761,-13.845,16.762
5MES,237,-5.411,-7.56,9.744
5MES,316,0.679,-31.581,28.423
5MES,192,-13.106,-26.67,11.072
5MES,285,-2.098,-17.22,2.395
5MES,276,-11.157,-17.786,13.001
5MES,200,5.897,-36.314,12.561
5MES,279,-10.79,-18.468,5.601
5MES,321,-7.512,-33.146,33.361
5MES,241,2.552,-6.779,4.342
5MES,238,-6.496,-5.392,4.976
5MES,319,-3.015,-26.641,30.772
5MES,205,2.655,-36.283,22.356
5MES,198,-0.201,-38.085,11.823
5MES,244,5.17,-10.143,7.778
5MES,217,-8.067,-22.14,23.702
5MES,256,4.542,-7.957,32.072
5MES,179,5.554,-24.338,13.249
5MES,298,7.134,-18.609,21.679
5MES,212,-4.305,-29.529,25.428
5MES,253,2.224,-11.349,25.621
5MES,304,16.08,-20.017,28.086
5MES,180,3.904,-29.672,13.772
5MES,173,14.406,-29.535,16.912
5MES,225,-14.645,-12.686,21.848
5MES,264,2.19,-19.181,25.803
5MES,297,7.636,-14.361,19.303
5MES,259,6.602,-16.131,31.446
5MES,220,-8.617,-18.315,26.13
5MES,185,-5.31,-24.352,17.336
5MES,301,11.631,-14.361,23.022
5MES,176,11.731,-28.26,13.378
5MES,218,-11.432,-23.006,22.434
5MES,261,3.042,-23.056,29.34
5MES,292,6.056,-18.858,10.193
