1013P.txt,27.18,57.044,14.21
1016P.txt,24.065,53.284,15.127
1017P.txt,26.201,57.76,20.544
1023P.txt,28.88,53.264,23.891
963P.txt,17.693,61.801,36.393
975P.txt,34.316,59.36,9.606
976P.txt,30.625,59.797,11.995
978P.txt,32.004,61.128,18.878
981P.txt,31.112,62.374,24.464
983P.txt,28.528,60.238,29.955
1023.txt,28.88,53.264,23.891
1024.txt,25.58,56.539,27.36
1026.txt,19.699,59.002,29.349
962.txt,20.869,65.614,36.812
963.txt,17.693,61.801,36.393
966.txt,23.102,63.679,27.894
981.txt,31.112,62.374,24.464
982.txt,25.964,60.521,24.843
983.txt,28.528,60.238,29.955
