114P.txt,-1.184,-26.635,-43.27
113P.txt,-0.968,-31.015,-46.282
38P.txt,-16.781,-29.234,-32.129
89P.txt,-8.792,-19.323,-47.886
88P.txt,-13.646,-19.808,-49.435
214P.txt,1.41,-47.529,-20.679
173P.txt,-25.79,-50.44,-9.558
43P.txt,-16.972,-18.32,-39.897
82P.txt,-12.044,-19.231,-43.502
79P.txt,-10.945,-29.067,-47.835
151P.txt,-20.369,-55.89,-22.044
52P.txt,-17.191,-37.942,-56.699
91P.txt,-7.023,-23.584,-43.299
147P.txt,-29.228,-52.498,-13.256
218P.txt,-2.58,-41.1,-14.835
243P.txt,7.159,-37.102,-25.096
242P.txt,3.166,-38.515,-25.455
23P.txt,-31.862,-37.687,-48.932
123P.txt,-0.008,-26.31,-48.906
241P.txt,-0.018,-37.471,-21.291
26P.txt,-37.773,-43.295,-43.469
127P.txt,0.312,-36.678,-40.219
126P.txt,1.921,-31.119,-39.861
27P.txt,-36.847,-47.032,-44.845
244P.txt,5.819,-36.509,-28.882
246P.txt,-2.093,-35.179,-26.424
124P.txt,3.213,-28.021,-45.578
125P.txt,3.59,-31.571,-44.556
