101P.txt,11.45,16.94,-10.738
249P.txt,39.818,44.2,-60.849
472P.txt,91.427,-1.979,-55.664
466P.txt,87.255,0.797,-41.404
102P.txt,11.97,16.98,-6.663
17P.txt,19.38,13.556,-12.63
516P.txt,61.633,22.207,-70.726
461P.txt,88.388,12.651,-36.816
460P.txt,88.142,16.852,-38.894
163P.txt,-0.583,27.269,-0.495
200P.txt,3.848,40.791,-37.51
607P.txt,19.276,41.48,-73.476
60P.txt,23.437,38.396,-18.99
48P.txt,21.575,19.049,-6.603
203P.txt,-1.881,41.783,-43.018
415P.txt,79.02,-7.052,-37.977
414P.txt,77.697,-3.275,-37.129
72P.txt,17.11,17.76,-7.414
205P.txt,1.971,42.248,-46.076
94P.txt,11.447,12.522,-25.887
354P.txt,66.702,-14.971,-23.94
355P.txt,62.097,-11.418,-22.929
95P.txt,8.07,13.167,-24.492
357P.txt,59.82,-11.815,-28.618
356P.txt,58.556,-16.139,-24.591
346P.txt,71.078,-9.843,-33.398
353P.txt,64.257,-16.498,-26.659
91P.txt,14.19,16.35,-26.148
436P.txt,80.989,2.253,-36.994
322P.txt,67.627,-2.441,-26.347
320P.txt,58.629,0.4,-23.407
321P.txt,60.545,-0.795,-26.586
251P.txt,39.926,38.742,-63.856
244P.txt,36.416,32.607,-51.261
19P.txt,26.172,14.551,-9.337
118P.txt,9.048,37.0,-17.981
125P.txt,10.406,21.138,-29.925
18P.txt,23.936,12.623,-12.614
253P.txt,38.273,33.166,-55.924
