129P.txt,50.136,4.928,78.981
38P.txt,54.454,6.552,68.505
149P.txt,48.633,20.315,66.225
74P.txt,29.772,-0.021,76.589
65P.txt,42.916,4.163,59.119
73P.txt,25.122,3.998,75.464
72P.txt,28.242,4.639,72.293
5P.txt,38.923,17.446,55.585
4P.txt,35.576,21.745,53.914
6P.txt,41.915,19.638,58.049
7P.txt,45.274,16.323,58.069
150P.txt,46.711,22.896,61.722
151P.txt,49.41,17.892,59.477
46P.txt,35.112,20.653,59.268
84P.txt,34.473,0.429,61.795
53P.txt,31.214,31.965,66.063
108P.txt,43.449,30.292,73.987
120P.txt,29.358,12.761,79.122
21P.txt,45.753,1.154,72.776
23P.txt,42.639,-1.971,67.878
136P.txt,31.315,14.309,82.675
22P.txt,45.297,-0.928,70.044
33P.txt,60.98,13.107,69.453
25P.txt,41.796,2.121,73.413
130P.txt,45.648,5.702,81.051
24P.txt,39.102,-1.058,67.591
