317P.txt,39.16,17.741,145.341
348P.txt,22.412,12.983,158.865
401P.txt,28.267,9.853,143.964
399P.txt,28.583,15.352,148.559
402P.txt,31.271,4.436,145.976
403P.txt,28.964,4.902,141.298
383P.txt,26.359,6.964,147.012
369P.txt,54.095,22.425,164.053
382P.txt,25.314,2.885,146.98
381P.txt,29.031,4.859,151.156
385P.txt,28.197,10.92,151.403
353P.txt,25.041,8.049,161.783
347P.txt,24.065,10.323,155.214
384P.txt,25.029,10.312,147.992
351P.txt,22.844,12.144,163.322
350P.txt,20.698,16.2,162.723
323P.txt,41.671,0.746,145.292
322P.txt,42.811,2.452,142.01
320P.txt,37.925,7.703,142.903
321P.txt,41.121,5.671,144.773
319P.txt,39.989,11.682,145.371
325P.txt,38.652,4.467,147.899
324P.txt,37.052,3.472,145.211
