15P.txt,-18.496,-3.153,63.702
14P.txt,-17.811,1.26,59.38
16P.txt,-18.967,0.875,67.722
17P.txt,-17.459,-2.431,70.794
13P.txt,-14.838,-3.167,56.925
12P.txt,-15.256,-5.672,60.284
10P.txt,-10.444,0.344,59.505
39P.txt,-29.515,9.299,64.803
11P.txt,-11.795,-5.952,62.354
67P.txt,-38.655,-2.641,65.365
9P.txt,-7.624,-2.861,58.98
8P.txt,-8.571,-3.018,55.164
72P.txt,-43.184,2.505,61.612
5P.txt,-8.183,-6.906,45.41
43P.txt,-27.992,6.514,56.957
94P.txt,-46.94,-3.853,84.052
4P.txt,-7.212,-2.19,41.562
68P.txt,-42.683,-1.042,65.36
6P.txt,-7.238,-2.094,46.691
96P.txt,-42.812,-6.888,85.957
7P.txt,-6.893,-4.467,51.478
3P.txt,-13.244,-1.358,41.42
2P.txt,-14.3,-1.275,36.88
1P.txt,-14.34,-1.932,31.974
