288P.txt,16.896,25.046,35.065
315P.txt,16.185,24.618,26.646
201P.txt,19.613,46.679,9.668
229P.txt,15.192,40.096,-1.595
188P.txt,26.481,38.129,3.014
189P.txt,30.968,40.999,3.053
228P.txt,14.043,37.33,-4.025
206P.txt,30.278,33.334,11.772
238P.txt,7.712,27.922,9.576
210P.txt,26.671,32.271,9.841
234P.txt,17.877,25.591,2.442
181P.txt,11.245,45.154,-2.821
235P.txt,14.922,23.976,4.714
232P.txt,21.23,29.393,5.644
352P.txt,1.611,34.599,16.058
192P.txt,27.366,40.521,8.6
186P.txt,19.786,41.26,1.486
233P.txt,16.177,28.914,2.304
190P.txt,33.179,40.118,6.006
344P.txt,2.52,43.542,38.578
350P.txt,0.501,39.019,20.922
191P.txt,31.594,36.743,9.064
294P.txt,7.822,28.772,24.77
254P.txt,21.005,33.678,8.453
292P.txt,8.786,26.921,32.749
290P.txt,12.802,23.866,37.545
