289P.txt,31.421,5.88,37.164
139P.txt,23.685,1.901,35.424
76P.txt,12.071,7.414,23.773
163P.txt,-13.568,27.249,43.672
176P.txt,1.607,16.568,55.181
49P.txt,-3.975,31.975,53.949
61P.txt,7.149,29.295,32.319
75P.txt,14.242,9.96,21.484
48P.txt,-8.248,29.987,52.042
64P.txt,6.541,23.984,29.069
58P.txt,8.96,31.366,35.119
165P.txt,-9.892,30.91,39.652
170P.txt,2.425,31.97,41.85
164P.txt,-14.306,29.778,40.295
73P.txt,17.339,13.829,26.519
239P.txt,17.807,-5.702,46.673
83P.txt,0.333,22.812,24.347
69P.txt,15.48,19.159,27.656
45P.txt,-14.274,38.345,47.086
51P.txt,0.694,26.899,55.817
178P.txt,0.182,22.809,59.392
78P.txt,11.401,13.149,20.077
46P.txt,-14.569,34.636,47.863
280P.txt,33.492,2.847,51.739
135P.txt,22.853,4.142,40.187
283P.txt,33.718,1.736,46.816
137P.txt,22.56,10.078,35.535
250P.txt,30.655,0.185,61.016
284P.txt,28.048,2.098,44.654
