433P.txt,45.694,34.742,2.546
435P.txt,50.535,37.981,1.246
441P.txt,66.033,48.703,-3.87
442P.txt,60.183,51.192,-4.324
443P.txt,61.145,47.665,-8.03
468P.txt,45.806,49.004,-11.557
470P.txt,42.804,54.824,-10.462
471P.txt,42.398,56.015,-6.723
472P.txt,43.632,55.482,-3.351
495P.txt,53.276,29.48,0.378
501P.txt,58.634,44.129,-11.995
502P.txt,56.541,47.665,-12.582
503P.txt,54.63,48.654,-8.324
504P.txt,51.534,51.605,-10.641
505P.txt,53.621,52.605,-4.834
506P.txt,49.688,55.356,-4.482
538P.txt,66.644,48.802,2.341
465.txt,42.344,37.299,-12.51
466.txt,45.781,42.298,-11.541
467.txt,40.76,45.931,-10.372
468.txt,45.806,49.004,-11.557
469.txt,42.582,51.497,-8.814
470.txt,42.804,54.824,-10.462
471.txt,42.398,56.015,-6.723
480.txt,36.234,44.513,-9.67
481.txt,34.305,42.844,-13.998
482.txt,37.802,44.945,-15.567
484.txt,45.077,41.717,-15.954
502.txt,56.541,47.665,-12.582
504.txt,51.534,51.605,-10.641
