15P.txt,21.601,37.917,-36.746
317P.txt,11.49,23.381,-27.327
103P.txt,10.693,17.932,14.038
315P.txt,15.68,21.89,-20.473
13P.txt,17.43,33.305,-42.379
12P.txt,13.452,33.479,-41.855
10P.txt,12.53,29.479,-49.728
104P.txt,5.52,16.803,14.387
11P.txt,14.999,28.15,-45.963
212P.txt,1.587,9.389,34.448
210P.txt,-2.309,10.848,28.799
9P.txt,10.69,27.583,-53.286
8P.txt,12.56,31.044,-56.187
5P.txt,11.29,35.143,-66.041
143P.txt,20.642,42.009,31.373
4P.txt,14.613,34.014,-69.276
6P.txt,13.195,32.906,-61.839
7P.txt,9.121,31.522,-58.975
79P.txt,-2.471,34.701,9.142
35P.txt,14.071,29.133,-21.802
295P.txt,10.689,21.457,-16.726
23P.txt,17.768,12.964,-30.957
321P.txt,13.897,27.292,-39.892
36P.txt,11.043,24.774,-21.858
22P.txt,18.814,17.477,-32.116
26P.txt,25.431,17.178,-29.609
319P.txt,9.925,27.767,-31.863
324P.txt,21.414,27.548,-43.228
33P.txt,14.407,29.817,-29.509
25P.txt,23.029,17.535,-34.908
326P.txt,24.793,33.055,-46.624
24P.txt,19.858,12.536,-35.133
