316P.txt,-8.197,36.723,-23.97
317P.txt,-10.659,38.755,-28.232
348P.txt,-18.719,60.333,-24.181
404P.txt,-31.364,45.013,-28.803
405P.txt,-31.75,48.36,-28.756
401P.txt,-22.89,46.104,-31.202
399P.txt,-16.343,48.492,-30.271
402P.txt,-25.98,44.173,-25.909
403P.txt,-28.015,43.198,-30.129
383P.txt,-25.062,49.098,-29.06
369P.txt,3.536,40.501,-8.462
382P.txt,-28.813,47.399,-25.634
381P.txt,-24.795,49.253,-23.408
347P.txt,-20.789,56.05,-25.248
384P.txt,-22.151,51.025,-30.566
351P.txt,-17.887,62.368,-20.411
350P.txt,-14.616,63.049,-24.376
323P.txt,-26.84,35.745,-20.08
322P.txt,-25.601,33.001,-22.581
320P.txt,-21.112,37.72,-26.132
321P.txt,-22.063,35.998,-22.37
319P.txt,-16.243,37.54,-24.67
324P.txt,-24.766,39.669,-23.209
