45P.txt,-20.825,34.202,-4.541
46P.txt,-23.932,35.035,-7.835
47P.txt,-25.083,31.113,-7.035
48P.txt,-26.686,26.782,-4.339
49P.txt,-24.175,25.976,-7.773
50P.txt,-20.746,29.218,-6.995
51P.txt,-17.339,25.722,-5.922
52P.txt,-14.913,32.29,-1.4
53P.txt,-10.736,28.654,-3.033
54P.txt,-9.83,26.963,-6.412
55P.txt,-5.34,24.439,-4.048
56P.txt,-5.015,24.519,-8.865
58P.txt,-10.571,25.695,-13.407
59P.txt,-11.341,24.18,-17.696
68P.txt,-26.88,22.852,-14.901
69P.txt,-29.51,24.69,-13.465
70P.txt,-27.557,28.275,-11.341
71P.txt,-23.837,27.536,-14.082
73P.txt,-25.474,32.39,-13.772
48.txt,-26.686,26.782,-4.339
49.txt,-24.175,25.976,-7.773
50.txt,-20.746,29.218,-6.995
51.txt,-17.339,25.722,-5.922
53.txt,-10.736,28.654,-3.033
54.txt,-9.83,26.963,-6.412
58.txt,-10.571,25.695,-13.407
68.txt,-26.88,22.852,-14.901
69.txt,-29.51,24.69,-13.465
70.txt,-27.557,28.275,-11.341
71.txt,-23.837,27.536,-14.082
75.txt,-18.65,31.335,-18.111
78.txt,-15.872,33.497,-12.902
