35P.txt,-3.983,25.928,-23.906
37P.txt,-2.141,21.26,-20.014
42P.txt,4.97,13.11,-15.106
43P.txt,1.946,12.565,-17.943
44P.txt,-0.604,12.892,-15.747
45P.txt,0.516,17.683,-17.996
46P.txt,-6.818,17.085,-19.579
47P.txt,-6.144,19.865,-22.172
48P.txt,-9.788,21.181,-19.224
49P.txt,-8.897,25.495,-21.604
50P.txt,-8.597,23.319,-26.007
51P.txt,-6.539,26.512,-28.777
52P.txt,-8.782,31.012,-24.602
53P.txt,-9.102,34.976,-25.372
54P.txt,-10.34,33.81,-21.565
74P.txt,1.623,22.634,-18.9
76P.txt,0.946,25.658,-23.67
94P.txt,6.021,25.69,-21.461
96P.txt,5.039,25.613,-15.264
