15P.txt,31.072,14.397,23.252
14P.txt,28.023,19.454,18.315
17P.txt,26.2,9.95,24.63
12P.txt,34.483,21.058,15.75
10P.txt,36.22,25.85,13.905
38P.txt,29.026,6.059,21.442
39P.txt,32.807,5.547,16.997
63P.txt,38.845,19.205,15.33
61P.txt,39.954,18.648,9.056
60P.txt,38.026,18.805,5.346
64P.txt,39.688,16.251,19.482
9P.txt,32.243,28.684,13.949
43P.txt,34.178,10.122,17.715
42P.txt,35.027,12.623,13.084
40P.txt,33.164,8.481,14.75
41P.txt,35.68,9.117,12.484
44P.txt,31.456,9.985,20.534
37P.txt,27.782,7.603,15.663
19P.txt,20.739,9.28,20.95
18P.txt,22.212,11.589,26.036
