105P.txt,-30.002,4.139,-15.907
104P.txt,-29.425,0.61,-12.553
160P.txt,-24.481,-24.527,-13.001
148P.txt,-16.685,-17.897,-0.958
165P.txt,-26.442,-16.9,-22.314
170P.txt,-31.597,-11.646,-13.904
164P.txt,-24.883,-15.858,-18.656
206P.txt,-36.136,-2.097,2.804
173P.txt,-21.587,-12.09,-13.451
208P.txt,-36.089,-5.619,7.417
43P.txt,-20.414,-3.605,-9.253
156P.txt,-15.664,-26.548,-9.938
80P.txt,-17.134,16.325,-9.755
81P.txt,-20.453,18.831,-11.438
143P.txt,-23.967,-17.826,2.95
155P.txt,-19.214,-25.959,-13.41
168P.txt,-29.319,-12.556,-21.966
82P.txt,-21.525,15.206,-11.132
140P.txt,-23.46,-9.938,-1.374
183P.txt,-36.783,-18.911,-5.743
79P.txt,-14.408,18.416,-9.554
144P.txt,-28.188,-17.45,6.747
184P.txt,-41.006,-17.566,-2.151
135P.txt,-34.151,-6.649,-9.34
118P.txt,-18.094,-0.505,-16.307
