128P.txt,10.499,6.38,35.565
101P.txt,-2.19,-11.447,32.202
102P.txt,2.903,-13.255,30.431
201P.txt,9.705,-4.894,-11.474
74P.txt,9.153,7.245,7.491
60P.txt,0.169,1.888,34.252
203P.txt,1.86,-3.985,-10.545
58P.txt,-0.972,-4.404,33.428
71P.txt,15.414,2.59,2.621
73P.txt,14.642,7.72,8.34
98P.txt,-4.082,-13.461,26.42
198P.txt,15.649,-10.363,-17.522
57P.txt,0.188,-1.562,36.917
56P.txt,3.76,-4.701,36.176
235P.txt,12.041,-22.481,-1.757
237P.txt,12.773,-27.795,-1.797
54P.txt,9.755,-4.573,41.384
97P.txt,-4.741,-7.694,27.017
55P.txt,5.772,-5.216,41.095
236P.txt,11.311,-25.051,2.516
51P.txt,12.63,-8.43,33.52
150P.txt,5.016,-24.421,-27.888
85P.txt,-6.072,3.98,25.891
84P.txt,-6.842,3.258,29.522
53P.txt,12.303,-6.105,39.161
37P.txt,11.739,-14.977,8.132
32P.txt,16.887,-14.431,18.62
127P.txt,6.783,5.625,35.153
33P.txt,19.182,-12.323,16.247
