16P.txt,53.333,-10.676,8.569
215P.txt,37.676,5.657,38.761
177P.txt,47.077,-12.315,-15.354
77P.txt,61.735,1.229,-3.025
189P.txt,41.561,-10.377,3.202
216P.txt,35.856,9.973,37.443
148P.txt,44.481,9.787,15.164
207P.txt,35.776,0.162,28.057
212P.txt,36.929,7.361,32.435
210P.txt,32.325,1.546,30.436
5P.txt,59.045,-7.574,-6.63
142P.txt,38.603,12.034,24.881
143P.txt,41.089,16.277,20.529
56P.txt,53.591,-9.584,25.534
4P.txt,55.954,-6.639,-10.096
182P.txt,45.311,-11.563,-6.553
40P.txt,33.852,-7.017,40.557
83P.txt,56.91,7.488,-11.311
55P.txt,58.479,-8.37,30.136
193P.txt,41.279,-7.073,8.683
2P.txt,61.21,-4.092,-9.182
52P.txt,54.657,-10.912,30.945
153P.txt,35.965,6.01,10.575
53P.txt,50.184,-5.682,29.653
34P.txt,42.379,-8.596,34.269
122P.txt,46.853,6.341,33.783
124P.txt,47.54,-0.283,36.048
