106P.txt,-38.635,51.206,-88.662
114P.txt,-48.396,53.263,-94.957
219P.txt,-25.402,60.563,-93.867
220P.txt,-26.521,63.072,-91.395
221P.txt,-24.329,66.4,-90.504
222P.txt,-21.163,64.541,-89.086
223P.txt,-22.842,61.493,-88.238
246P.txt,-21.915,61.186,-99.078
50P.txt,-27.355,58.363,-86.734
51P.txt,-31.161,59.183,-87.691
52P.txt,-29.793,57.555,-91.496
53P.txt,-31.135,61.127,-95.364
54P.txt,-34.195,58.184,-97.61
69P.txt,-42.401,55.333,-97.804
71P.txt,-43.184,60.944,-102.198
72P.txt,-44.922,61.728,-98.666
73P.txt,-39.973,59.79,-96.94
74P.txt,-37.674,60.081,-99.482
75P.txt,-34.932,62.966,-100.593
76P.txt,-34.561,63.909,-104.114
78P.txt,-26.945,63.286,-105.622
