120P.txt,-59.135,40.338,-92.571
122P.txt,-57.17,37.713,-87.584
124P.txt,-55.47,37.565,-81.994
198P.txt,-58.504,38.515,-80.461
199P.txt,-58.352,41.122,-82.771
200P.txt,-61.044,41.593,-85.746
202P.txt,-63.381,43.489,-90.89
327P.txt,-56.477,30.674,-106.513
422P.txt,-56.532,34.735,-100.692
423P.txt,-54.886,33.008,-96.058
432P.txt,-53.543,35.02,-90.01
434P.txt,-58.278,37.691,-96.067
124.txt,-55.47,37.565,-81.994
198.txt,-58.504,38.515,-80.461
276.txt,-19.669,32.054,-86.961
278.txt,-18.966,26.944,-86.727
279.txt,-23.252,28.867,-85.285
280.txt,-26.088,25.686,-86.416
281.txt,-27.746,29.473,-85.835
282.txt,-25.457,32.328,-86.829
365.txt,-37.235,20.753,-91.899
367.txt,-42.702,25.713,-91.2
368.txt,-44.607,29.04,-91.476
371.txt,-39.999,29.505,-94.267
430.txt,-48.133,38.965,-85.321
456.txt,-24.595,23.933,-90.833
457.txt,-28.072,20.55,-90.867
458.txt,-26.704,19.546,-86.85
460.txt,-22.764,15.332,-86.698
461.txt,-18.733,14.533,-85.269
463.txt,-20.232,13.268,-91.073
465.txt,-21.633,15.099,-95.24
467.txt,-26.858,19.328,-94.955
469.txt,-32.103,21.931,-95.016
473.txt,-37.35,34.856,-91.814
97.txt,-23.546,43.314,-85.239
