163P.txt,-24.671,-19.688,-18.89
202P.txt,-28.827,-12.698,5.147
160P.txt,-24.481,-24.527,-13.001
161P.txt,-28.183,-24.626,-15.784
207P.txt,-39.046,-3.164,5.264
159P.txt,-22.499,-29.819,-12.366
165P.txt,-26.442,-16.9,-22.314
206P.txt,-36.136,-2.097,2.804
166P.txt,-29.579,-18.631,-20.279
198P.txt,-29.19,-24.909,-3.071
208P.txt,-36.089,-5.619,7.417
195P.txt,-20.463,-31.215,1.782
156P.txt,-15.664,-26.548,-9.938
81P.txt,-20.453,18.831,-11.438
157P.txt,-17.721,-27.49,-6.721
194P.txt,-18.278,-29.352,-1.746
155P.txt,-19.214,-25.959,-13.41
82P.txt,-21.525,15.206,-11.132
79P.txt,-14.408,18.416,-9.554
144P.txt,-28.188,-17.45,6.747
184P.txt,-41.006,-17.566,-2.151
153P.txt,-18.217,-19.502,-14.27
127P.txt,-28.15,-2.362,0.228
130P.txt,-38.922,-5.784,-2.486
131P.txt,-39.484,-9.77,-1.37
