275P.txt,15.463,-9.489,2.25
328P.txt,6.832,-29.561,-29.94
76P.txt,13.856,11.371,-25.533
62P.txt,8.351,-0.105,-34.987
63P.txt,4.591,-1.84,-34.963
77P.txt,17.76,9.362,-24.729
61P.txt,9.332,3.718,-37.524
75P.txt,11.388,10.905,-22.93
367P.txt,2.862,-25.491,-9.304
73P.txt,5.61,6.834,-22.012
365P.txt,7.905,-28.503,-5.552
220P.txt,12.755,14.211,-11.094
432P.txt,-6.581,-17.124,-16.084
368P.txt,1.389,-22.572,-11.384
369P.txt,3.264,-24.626,-15.719
221P.txt,13.837,17.857,-10.408
425P.txt,-1.51,-18.389,-15.427
51P.txt,7.352,9.819,-9.756
434P.txt,-7.196,-17.732,-24.856
50P.txt,9.867,10.355,-6.647
219P.txt,15.392,11.616,-11.589
437P.txt,-2.556,-19.911,-32.539
422P.txt,-2.957,-20.831,-26.937
53P.txt,11.636,10.52,-16.283
280P.txt,13.325,-20.555,3.63
122P.txt,-10.396,-15.763,-17.469
282P.txt,13.052,-14.235,1.463
325P.txt,3.332,-29.858,-32.343
246P.txt,20.195,12.568,-14.962
440P.txt,3.366,-19.775,-39.488
326P.txt,2.124,-25.771,-33.933
327P.txt,1.07,-25.733,-29.93
