1090P.txt,47.386,45.483,84.457
937P.txt,36.873,31.284,74.623
1092P.txt,48.503,40.022,85.84
924P.txt,30.212,39.936,111.462
925P.txt,26.612,40.172,109.924
942P.txt,46.414,32.561,81.396
1027P.txt,17.658,32.072,104.537
941P.txt,44.156,30.014,79.818
940P.txt,44.381,33.252,76.702
1022P.txt,16.617,23.199,97.53
993P.txt,41.59,21.609,96.194
987P.txt,38.508,21.856,105.185
1021P.txt,16.964,28.482,100.632
984P.txt,27.862,22.814,106.001
990P.txt,38.468,20.567,100.253
985P.txt,31.664,21.274,106.991
963P.txt,26.933,31.665,113.019
989P.txt,42.431,23.335,102.09
962P.txt,28.4,28.613,110.229
1003P.txt,33.004,29.741,74.991
1002P.txt,34.152,27.635,77.409
1028P.txt,19.441,35.462,106.264
999P.txt,40.216,22.942,83.799
1066P.txt,40.982,45.56,75.401
1067P.txt,38.511,42.097,73.471
939P.txt,41.388,37.058,76.579
1089P.txt,44.906,48.03,82.549
