116P.txt,32.362,-5.033,85.803
121P.txt,18.556,-4.373,85.638
124P.txt,16.48,-2.259,80.915
41P.txt,27.267,10.511,63.443
42P.txt,30.555,9.063,67.019
43P.txt,34.209,10.109,66.031
44P.txt,37.626,9.164,69.527
45P.txt,39.754,11.239,66.425
46P.txt,43.086,7.422,69.442
47P.txt,47.507,8.495,70.693
48P.txt,47.056,4.788,67.812
49P.txt,46.03,6.366,64.421
50P.txt,43.232,5.189,65.919
53P.txt,34.925,5.021,63.397
61P.txt,45.277,-1.029,65.25
65P.txt,39.178,-0.392,56.594
66P.txt,40.101,3.959,58.333
67P.txt,42.914,3.533,55.439
68P.txt,43.201,7.466,58.861
69P.txt,44.922,2.579,60.712
70P.txt,48.364,1.695,61.908
79P.txt,33.918,-0.313,55.818
81P.txt,31.794,4.008,57.105
84P.txt,29.147,6.162,61.242
