127P.txt,18.721,15.87,16.374
128P.txt,18.272,14.165,12.645
131P.txt,16.208,9.875,13.867
132P.txt,17.247,6.654,9.14
133P.txt,14.805,9.34,5.005
139P.txt,0.836,12.086,0.396
143P.txt,-11.698,10.232,4.629
147P.txt,-16.811,18.041,1.555
148P.txt,-12.778,23.238,4.101
151P.txt,-12.206,21.484,-0.822
152P.txt,-6.856,22.578,3.246
154P.txt,-8.841,16.942,-1.519
155P.txt,-5.979,20.983,-3.286
156P.txt,-2.888,21.702,0.899
157P.txt,-1.302,16.352,-0.258
158P.txt,1.314,21.229,-2.272
159P.txt,1.664,22.848,2.104
167P.txt,16.168,6.148,16.407
170P.txt,16.35,-2.054,17.155
173P.txt,9.197,-1.202,22.917
175P.txt,3.405,0.971,16.87
215P.txt,-1.355,6.803,9.539
221P.txt,6.45,-0.472,13.418
