186P.txt,-51.381,-30.687,-11.154
188P.txt,-51.859,-25.701,-7.73
190P.txt,-52.903,-21.725,-5.013
216P.txt,-53.034,-34.288,-8.699
217P.txt,-49.182,-37.071,-7.315
219P.txt,-46.564,-39.077,-3.068
220P.txt,-44.681,-37.786,-6.818
222P.txt,-40.428,-32.524,-2.872
236P.txt,-46.57,-34.493,6.822
238P.txt,-49.534,-36.774,3.391
240P.txt,-56.704,-37.48,-1.665
241P.txt,-55.887,-33.371,-3.131
267P.txt,-45.363,-31.639,-8.098
269P.txt,-41.619,-29.737,-13.863
270P.txt,-45.362,-26.972,-11.604
304P.txt,-32.674,1.536,40.81
320P.txt,-48.004,6.97,33.952
328P.txt,-35.283,6.204,40.394
329P.txt,-39.091,4.808,44.143
330P.txt,-36.671,7.839,46.503
374P.txt,-53.522,-0.099,69.344
375P.txt,-51.803,-4.994,71.23
379P.txt,-54.751,0.811,83.524
380P.txt,-55.223,-4.205,82.712
381P.txt,-59.295,-2.363,87.085
391P.txt,-53.542,-9.133,76.99
393P.txt,-48.823,-8.955,71.606
395P.txt,-46.749,-3.977,67.437
399P.txt,-40.965,-11.581,66.679
410P.txt,-44.345,-10.522,90.891
411P.txt,-43.902,-12.451,87.21
