21P.txt,11.21,17.532,27.656
25P.txt,15.354,15.037,28.148
27P.txt,16.469,20.267,27.201
30P.txt,14.232,26.947,22.863
31P.txt,11.552,26.351,19.09
32P.txt,5.748,25.76,19.013
33P.txt,7.441,21.37,17.466
34P.txt,3.671,21.708,17.235
35P.txt,2.113,18.289,20.092
36P.txt,-0.132,15.528,17.37
37P.txt,-0.184,12.025,21.135
38P.txt,4.436,12.664,22.23
39P.txt,5.185,8.989,25.117
40P.txt,7.851,11.587,26.894
41P.txt,8.466,4.728,30.289
52P.txt,7.011,3.815,35.861
56P.txt,0.139,11.459,27.212
61P.txt,-3.484,22.185,17.726
63P.txt,-7.195,21.108,15.039
64P.txt,-4.826,17.506,16.234
65P.txt,-9.996,16.969,20.026
66P.txt,-10.747,13.425,19.043
67P.txt,-6.82,12.32,19.976
70P.txt,-8.85,8.146,23.057
73P.txt,-10.03,5.017,28.19
95P.txt,-14.057,23.64,28.694
