101P.txt,14.246,-47.993,7.462
102P.txt,14.863,-48.091,3.609
103P.txt,10.51,-50.753,2.902
104P.txt,9.164,-47.504,-0.588
105P.txt,4.973,-49.437,0.709
106P.txt,3.765,-47.898,-3.611
32P.txt,4.844,-39.634,0.865
34P.txt,1.814,-40.807,-5.702
42P.txt,5.644,-42.644,-21.648
43P.txt,3.854,-45.426,-17.391
44P.txt,4.634,-39.0,-15.713
45P.txt,4.905,-42.499,-10.984
47P.txt,4.798,-35.185,-4.659
55P.txt,8.806,-30.813,6.933
57P.txt,1.041,-30.413,4.403
58P.txt,4.505,-30.604,1.515
59P.txt,0.194,-29.369,-1.047
61P.txt,6.606,-27.54,-8.269
66P.txt,-3.913,-23.007,-6.195
67P.txt,-6.824,-23.467,-1.581
70P.txt,-7.508,-31.458,0.398
9P.txt,-17.331,-43.404,-11.638
95P.txt,-0.901,-45.473,-6.466
99P.txt,8.565,-44.324,4.036
