330P.txt,12.7,-19.894,30.784
354P.txt,16.228,-30.619,29.679
358P.txt,18.51,-29.004,22.91
359P.txt,17.903,-27.163,19.34
360P.txt,17.086,-23.208,23.68
361P.txt,20.819,-24.866,24.896
378P.txt,24.876,-37.358,43.81
379P.txt,25.218,-33.626,42.201
436P.txt,23.849,0.394,24.779
440P.txt,32.286,-4.975,29.344
442P.txt,37.358,-1.352,30.365
443P.txt,39.4,-1.166,33.584
459P.txt,37.119,5.72,39.694
469P.txt,36.373,12.095,37.681
470P.txt,37.252,15.292,35.209
471P.txt,40.868,13.561,35.927
472P.txt,44.008,13.684,33.405
473P.txt,45.351,9.506,34.041
475P.txt,40.633,6.29,32.42
476P.txt,33.98,6.074,35.051
479P.txt,31.557,-0.844,28.436
480P.txt,27.576,-0.477,27.95
484P.txt,23.002,-1.76,18.0
486P.txt,22.824,-4.548,12.626
488P.txt,26.981,-9.778,14.174
489P.txt,27.238,-14.056,15.376
491P.txt,30.43,-8.171,17.642
