550P.txt,39.007,-75.442,79.128
552P.txt,45.197,-74.09,79.694
554P.txt,40.824,-71.404,74.472
555P.txt,45.09,-70.985,74.267
563P.txt,47.331,-85.97,68.562
566P.txt,38.506,-90.188,61.835
567P.txt,33.802,-90.224,61.31
568P.txt,35.386,-93.735,60.367
571P.txt,41.33,-94.397,67.042
572P.txt,42.9,-89.354,69.286
573P.txt,44.337,-90.716,63.607
585P.txt,31.555,-75.444,71.805
594P.txt,45.128,-90.522,54.902
596P.txt,40.653,-85.689,56.506
598P.txt,36.655,-83.726,59.75
599P.txt,33.185,-80.238,63.493
601P.txt,34.312,-81.53,70.323
606P.txt,44.753,-85.124,72.863
607P.txt,48.488,-82.528,73.155
608P.txt,51.922,-83.304,69.866
