220P.txt,-42.715,14.995,-19.503
221P.txt,-44.674,12.774,-21.326
222P.txt,-45.234,13.486,-13.134
224P.txt,-47.923,16.145,-10.204
229P.txt,-65.208,15.822,-6.28
232P.txt,-65.387,12.001,2.307
235P.txt,-75.799,9.599,2.034
249P.txt,-52.285,18.061,-9.852
251P.txt,-46.028,17.355,-16.522
252P.txt,-47.108,20.956,-19.971
253P.txt,-46.157,17.41,-22.797
255P.txt,-51.964,12.661,-21.362
270P.txt,-71.217,4.58,-24.528
275P.txt,-70.432,11.741,-25.216
277P.txt,-62.639,17.884,-22.732
283P.txt,-48.127,27.6,-15.236
286P.txt,-51.882,20.636,-18.223
311P.txt,-50.705,8.278,-19.415
313P.txt,-45.784,6.014,-19.586
314P.txt,-48.189,6.843,-15.11
315P.txt,-52.04,4.449,-14.105
321P.txt,-68.696,3.249,-0.418
323P.txt,-73.529,4.188,2.238
328P.txt,-88.329,9.271,0.429
