120P.txt,-10.769,-14.995,-58.469
121P.txt,-10.485,-11.929,-54.682
122P.txt,-12.042,-17.35,-52.821
199P.txt,-17.068,-13.715,-51.034
200P.txt,-16.755,-15.353,-54.906
201P.txt,-14.626,-11.362,-56.356
202P.txt,-15.292,-13.017,-60.597
221P.txt,11.962,16.876,-41.483
222P.txt,13.224,16.369,-37.919
246P.txt,18.702,11.344,-44.32
371P.txt,4.078,-22.638,-44.196
422P.txt,-2.859,-21.799,-60.689
423P.txt,-5.563,-21.849,-56.404
425P.txt,-3.413,-19.326,-49.461
427P.txt,1.048,-11.333,-48.762
432P.txt,-8.386,-19.165,-51.608
434P.txt,-8.08,-18.002,-58.908
437P.txt,-3.561,-20.389,-66.757
44P.txt,20.233,15.499,-28.822
440P.txt,3.082,-21.492,-73.103
45P.txt,19.696,11.45,-30.462
490P.txt,12.194,13.45,-33.103
491P.txt,15.792,16.124,-33.786
492P.txt,15.447,18.01,-30.223
53P.txt,10.605,9.944,-48.299
73P.txt,5.501,6.893,-54.776
75P.txt,11.62,10.423,-54.83
76P.txt,14.468,10.751,-57.068
79P.txt,22.418,12.333,-55.665
84P.txt,27.27,11.587,-40.13
85P.txt,31.118,8.21,-37.117
87P.txt,32.712,10.581,-32.534
