1P.txt,-0.727,12.046,-18.22
10P.txt,-11.844,7.506,-40.096
11P.txt,-7.617,8.166,-42.289
13P.txt,-3.183,6.142,-44.01
136P.txt,18.153,0.273,-19.478
142P.txt,-1.679,0.561,-22.534
144P.txt,-7.517,2.778,-24.981
163P.txt,13.176,-3.024,-21.879
2P.txt,-3.751,16.452,-20.57
26P.txt,8.995,13.193,-24.382
28P.txt,6.427,12.526,-18.714
29P.txt,4.78,11.375,-21.218
296P.txt,-13.925,-7.134,-29.508
3P.txt,-2.072,11.988,-24.383
30P.txt,1.584,10.332,-23.417
32P.txt,-2.544,8.147,-28.187
34P.txt,-5.698,6.801,-33.211
4P.txt,0.074,13.48,-27.971
42P.txt,-1.65,4.464,-24.29
5P.txt,-2.178,12.502,-30.973
6P.txt,-0.713,9.911,-33.423
7P.txt,-3.937,9.523,-35.784
8P.txt,-7.818,9.147,-37.745
9P.txt,-10.173,6.12,-36.934
