14P.txt,38.314,31.415,-7.709
15P.txt,39.784,29.19,-10.653
171P.txt,-1.803,-23.269,-6.077
172P.txt,-3.72,-20.445,-3.187
173P.txt,-7.741,-19.688,-0.937
174P.txt,-8.68,-17.003,-3.817
178P.txt,-9.312,-25.595,-1.983
179P.txt,-12.444,-28.691,-2.928
180P.txt,-10.55,-32.054,-2.032
183P.txt,-7.259,-29.578,-5.253
184P.txt,-7.07,-34.934,-6.516
195P.txt,-3.69,-30.706,-11.03
220P.txt,-3.318,-34.928,-19.133
264P.txt,-1.626,-6.984,-11.566
269P.txt,-3.43,-8.377,0.036
27P.txt,38.413,35.188,-13.931
270P.txt,-6.949,-11.499,-2.123
271P.txt,-3.943,-14.932,-0.458
272P.txt,-1.657,-13.628,1.644
274P.txt,2.436,-9.575,1.041
275P.txt,6.73,-11.245,-0.099
278P.txt,12.602,-12.495,-5.96
28P.txt,41.625,37.288,-17.357
282P.txt,12.58,-19.75,-7.052
289P.txt,8.338,-23.718,-6.044
290P.txt,8.012,-20.051,-4.148
292P.txt,2.377,-21.247,-2.696
293P.txt,7.125,-16.886,0.206
294P.txt,7.871,-15.1,-3.672
299P.txt,3.914,-4.089,-15.463
324P.txt,-5.722,-5.194,-22.266
331P.txt,3.68,-0.144,-20.336
43P.txt,35.896,39.423,-13.988
9P.txt,22.89,38.444,-12.914
