129P.txt,15.349,-22.654,-8.446
138P.txt,3.046,-13.82,-3.774
139P.txt,5.81,-9.793,-2.715
140P.txt,2.052,-10.022,-7.595
141P.txt,6.802,-5.772,-5.685
147P.txt,10.994,-12.396,-12.644
163P.txt,34.443,-23.971,-34.579
164P.txt,32.153,-25.618,-37.752
176P.txt,28.992,-26.224,-13.491
177P.txt,32.419,-28.553,-11.011
178P.txt,32.439,-33.083,-15.246
186P.txt,27.834,-20.478,-17.352
190P.txt,28.933,-15.775,-14.417
212P.txt,22.79,-27.386,-0.407
247P.txt,16.029,-34.062,7.18
248P.txt,12.609,-31.399,11.451
276P.txt,15.845,-13.05,8.629
279P.txt,13.253,-21.747,11.783
280P.txt,6.974,-23.835,9.622
282P.txt,5.164,-24.268,4.434
283P.txt,3.45,-20.67,7.837
285P.txt,4.552,-18.605,0.757
286P.txt,0.178,-17.847,4.867
287P.txt,2.612,-14.909,5.988
58P.txt,10.109,-27.555,-29.485
73P.txt,2.548,-9.972,-19.504
74P.txt,5.361,-6.949,-18.885
75P.txt,2.673,-3.231,-21.842
97P.txt,34.628,-24.603,-28.535
