14P.txt,16.718,35.944,-5.288
15P.txt,17.587,31.781,-5.058
16P.txt,21.386,33.666,-4.31
17P.txt,22.785,33.758,1.164
18P.txt,25.474,37.511,-2.484
19P.txt,22.641,38.761,0.232
22P.txt,21.908,46.177,-6.691
34P.txt,19.281,49.899,1.072
37P.txt,20.69,40.774,-6.244
39P.txt,23.199,37.806,-7.607
40P.txt,20.954,35.449,-8.78
41P.txt,17.824,35.208,-10.888
42P.txt,15.181,38.312,-10.406
43P.txt,13.452,41.993,-10.894
44P.txt,14.771,44.49,-15.181
48P.txt,24.531,49.592,-9.661
5P.txt,6.034,47.747,-16.774
52P.txt,20.233,53.807,-12.922
6P.txt,11.17,47.512,-14.708
9P.txt,8.036,44.471,-9.882
