103P.txt,11.661,-7.749,-30.09
105P.txt,13.749,-3.176,-25.239
108P.txt,17.599,1.815,-25.101
11P.txt,24.596,-1.354,-36.601
147P.txt,21.191,-1.348,-32.923
148P.txt,16.448,-1.231,-35.392
149P.txt,19.596,0.636,-38.089
150P.txt,13.885,1.879,-39.045
151P.txt,15.715,0.931,-44.578
152P.txt,13.054,3.949,-46.367
23P.txt,25.364,-19.225,-49.288
24P.txt,22.943,-21.128,-47.161
33P.txt,31.102,4.564,-44.599
34P.txt,30.83,4.893,-49.347
35P.txt,31.916,0.222,-47.094
36P.txt,27.669,0.863,-43.671
4P.txt,1.231,-5.13,-38.778
46P.txt,5.812,-7.802,-35.919
5P.txt,6.449,-6.02,-42.185
51P.txt,1.372,-11.37,-25.993
53P.txt,5.956,-5.592,-21.396
56P.txt,7.676,-8.815,-29.12
6P.txt,9.98,-3.66,-40.422
7P.txt,12.539,-3.227,-44.314
75P.txt,26.322,-31.575,-33.481
93P.txt,0.258,-13.956,-38.493
