100P.txt,21.514,12.652,-12.344
101P.txt,24.006,12.297,-9.549
117P.txt,4.574,10.651,-1.596
192P.txt,7.232,26.925,-32.446
196P.txt,3.654,29.033,-26.519
207P.txt,22.105,27.131,-0.318
208P.txt,23.574,23.453,-0.408
209P.txt,21.307,22.622,-7.37
210P.txt,23.169,26.569,-8.827
211P.txt,23.286,23.917,-11.724
212P.txt,20.422,28.625,-16.406
231P.txt,17.314,15.392,-18.738
233P.txt,18.465,17.18,-13.431
52P.txt,13.317,-4.312,6.724
53P.txt,13.404,-5.251,3.284
55P.txt,10.796,-5.694,-1.818
72P.txt,2.737,3.941,-7.602
73P.txt,1.132,-1.374,-8.047
74P.txt,5.221,-1.066,-5.182
75P.txt,4.193,-1.697,-0.385
76P.txt,4.161,2.114,1.241
77P.txt,8.402,0.416,3.613
78P.txt,7.022,5.07,6.873
82P.txt,17.781,-4.557,2.534
84P.txt,15.166,-5.544,-2.982
97P.txt,16.828,9.995,-20.066
98P.txt,21.11,11.411,-17.613
99P.txt,18.296,9.913,-12.898
