106P.txt,14.367,-6.424,-50.306
142P.txt,29.611,-5.026,-33.822
143P.txt,24.663,-5.28,-34.251
147P.txt,26.525,-0.382,-34.63
148P.txt,31.526,-0.091,-35.351
149P.txt,33.78,-3.468,-36.123
150P.txt,38.611,-2.979,-32.368
151P.txt,40.546,-6.318,-34.038
159P.txt,29.902,-13.532,-58.445
169P.txt,36.288,-16.776,-29.348
170P.txt,36.566,-11.106,-30.032
180P.txt,25.338,3.413,-49.82
183P.txt,22.835,7.894,-49.467
184P.txt,19.284,7.29,-48.027
185P.txt,23.759,2.959,-44.123
196P.txt,34.463,-23.226,-33.124
251P.txt,43.549,-31.169,-50.441
252P.txt,45.842,-25.986,-47.19
257P.txt,46.847,-29.178,-43.962
28P.txt,29.835,-13.786,-66.927
292P.txt,23.861,-49.924,-41.923
294P.txt,19.425,-50.739,-45.264
310P.txt,-10.27,-48.556,-33.636
343P.txt,-18.799,-33.28,-45.005
389P.txt,-1.69,-48.551,-53.038
407P.txt,-42.804,-35.261,-26.023
408P.txt,-48.59,-35.82,-23.152
409P.txt,-47.873,-38.542,-26.99
410P.txt,-52.191,-39.115,-26.685
411P.txt,-49.343,-44.351,-27.697
412P.txt,-53.083,-46.927,-28.864
477P.txt,-51.573,-35.045,-15.82
496P.txt,-36.246,-31.126,-21.494
498P.txt,-43.674,-32.072,-19.297
499P.txt,-44.106,-28.265,-16.6
500P.txt,-48.075,-29.44,-17.972
