399P.txt,121.106,191.856,37.047
400P.txt,125.47,194.989,39.664
401P.txt,123.097,198.448,41.678
413P.txt,105.76,172.725,53.035
416P.txt,107.883,181.319,51.411
418P.txt,112.762,184.828,55.87
426P.txt,135.066,183.419,47.338
434P.txt,117.065,188.363,63.48
439P.txt,113.834,178.457,61.324
440P.txt,117.381,177.04,64.108
441P.txt,117.654,173.573,61.609
478P.txt,114.546,188.169,71.032
480P.txt,119.736,193.565,69.76
495P.txt,134.007,186.642,43.451
497P.txt,128.78,191.477,36.065
498P.txt,125.755,189.472,37.498
503P.txt,134.163,195.93,51.401
528P.txt,100.715,194.409,58.71
555P.txt,113.914,199.143,73.618
573P.txt,113.43,199.246,56.121
575P.txt,108.824,192.018,57.924
578P.txt,116.231,191.505,57.954
585P.txt,130.348,205.617,47.753
589P.txt,135.438,201.748,48.266
590P.txt,129.38,201.532,47.687
597P.txt,118.375,194.53,63.128
598P.txt,116.271,197.2,66.788
599P.txt,112.343,198.245,64.484
600P.txt,108.918,200.567,66.238
