119P.txt,6.606,12.05,-57.061
120P.txt,7.946,13.253,-53.456
121P.txt,7.673,9.162,-49.645
122P.txt,8.928,13.132,-46.216
199P.txt,13.905,10.897,-45.835
200P.txt,13.594,12.37,-49.721
201P.txt,12.351,8.947,-51.663
202P.txt,12.55,10.629,-56.025
220P.txt,-11.525,-19.197,-39.668
221P.txt,-11.903,-22.993,-38.693
246P.txt,-18.195,-17.568,-42.886
327P.txt,-4.617,22.563,-59.609
355P.txt,-34.749,20.943,-23.608
397P.txt,-38.739,21.6,-28.85
398P.txt,-38.777,23.076,-33.269
417P.txt,-15.54,25.252,-52.313
423P.txt,1.442,18.827,-51.224
427P.txt,-4.154,6.708,-44.33
432P.txt,4.981,15.556,-46.897
434P.txt,4.74,15.436,-53.355
437P.txt,-0.2,17.303,-62.232
440P.txt,-5.686,16.52,-69.839
45P.txt,-20.616,-18.388,-28.461
462P.txt,-21.707,33.155,-23.009
493P.txt,-13.535,-24.687,-30.048
51P.txt,-6.063,-14.527,-38.675
53P.txt,-10.811,-15.751,-44.916
71P.txt,-6.934,-11.048,-57.292
72P.txt,-3.05,-10.494,-54.187
73P.txt,-5.645,-11.578,-50.977
75P.txt,-11.327,-15.747,-51.712
76P.txt,-14.146,-16.321,-54.096
86P.txt,-28.804,-17.185,-32.384
