12P.txt,7.985,-13.858,62.767
13P.txt,11.475,-16.721,61.847
14P.txt,12.19,-13.677,56.964
16P.txt,13.6,-11.743,64.246
17P.txt,16.107,-14.854,60.831
18P.txt,16.219,-8.128,59.491
20P.txt,19.016,-10.81,65.525
21P.txt,22.012,-7.765,59.854
22P.txt,19.502,-4.099,61.869
24P.txt,25.313,-7.587,65.222
46P.txt,23.214,7.388,72.396
48P.txt,20.981,2.97,63.76
51P.txt,16.53,4.013,63.853
55P.txt,12.457,-0.2,62.991
57P.txt,8.488,-1.273,68.903
58P.txt,6.833,0.819,63.593
59P.txt,8.642,-4.884,62.262
60P.txt,7.78,-7.286,66.128
63P.txt,4.563,-10.099,62.263
64P.txt,1.877,-8.907,67.994
9P.txt,5.312,-19.09,61.134
