100P.txt,-6.118,-16.644,-0.303
103P.txt,-8.551,-20.842,-1.198
38P.txt,-17.542,-25.198,-7.02
39P.txt,-13.82,-27.053,-5.13
40P.txt,-12.124,-24.737,-7.488
41P.txt,-14.228,-21.915,-7.136
43P.txt,-15.33,-18.876,-12.21
45P.txt,-10.194,-14.128,-13.287
51P.txt,0.078,-3.264,-7.202
52P.txt,-1.129,-3.404,-10.216
53P.txt,0.288,-2.695,-14.607
54P.txt,-2.014,0.357,-14.879
62P.txt,-10.354,-10.836,-16.864
63P.txt,-10.937,-15.075,-18.843
64P.txt,-16.116,-15.794,-16.995
65P.txt,-12.42,-19.439,-15.958
66P.txt,-17.522,-19.931,-19.211
94P.txt,-3.418,-8.218,-3.717
95P.txt,-4.618,-11.789,-8.94
96P.txt,-2.074,-14.465,-3.463
97P.txt,-4.344,-10.598,-0.662
99P.txt,-7.464,-17.879,-5.236
