124P.txt,-35.261,-34.62,179.512
125P.txt,-31.833,-34.396,183.755
126P.txt,-29.471,-38.252,183.652
127P.txt,-27.961,-39.221,187.198
128P.txt,-23.355,-39.895,186.332
131P.txt,-23.745,-36.359,187.523
132P.txt,-26.361,-33.457,185.414
133P.txt,-26.139,-36.185,181.798
136P.txt,-29.474,-29.733,179.733
137P.txt,-24.869,-29.853,179.901
193P.txt,-16.693,33.409,164.311
202P.txt,-12.057,25.275,154.996
203P.txt,-11.914,27.769,160.482
204P.txt,-10.785,30.814,156.058
206P.txt,-10.882,31.75,149.017
207P.txt,-13.556,27.554,148.241
208P.txt,-18.005,28.759,143.859
210P.txt,-19.392,23.836,145.366
211P.txt,-16.004,23.102,146.437
262P.txt,-17.824,33.564,153.742
263P.txt,-19.676,34.968,157.598
264P.txt,-20.225,38.939,153.646
265P.txt,-16.481,42.241,158.968
266P.txt,-15.662,42.829,154.632
267P.txt,-11.968,41.481,151.047
268P.txt,-11.612,41.679,156.396
269P.txt,-14.013,36.016,156.522
71P.txt,-24.456,25.562,141.867
73P.txt,-19.845,31.977,145.457
74P.txt,-20.957,33.893,148.899
75P.txt,-24.812,28.97,150.547
