129P.txt,14.892,21.028,5.692
106P.txt,23.305,18.644,2.043
70P.txt,4.414,0.96,-15.671
58P.txt,8.88,17.264,-10.742
72P.txt,10.615,4.439,-14.25
68P.txt,3.252,6.327,-17.584
54P.txt,0.153,9.11,-14.183
83P.txt,22.033,3.811,-8.755
69P.txt,1.092,3.306,-19.415
51P.txt,-2.999,1.983,-16.796
93P.txt,-2.066,-1.209,-4.611
44P.txt,-7.746,3.558,-4.561
52P.txt,-4.542,4.796,-15.045
91P.txt,2.611,0.83,-0.66
90P.txt,4.704,-2.939,-3.566
20P.txt,-7.629,15.024,-3.463
23P.txt,0.731,14.588,2.195
122P.txt,-3.896,16.74,-7.415
123P.txt,-0.283,20.002,-7.089
22P.txt,-3.177,13.299,0.43
133P.txt,26.626,16.184,11.032
19P.txt,-8.153,13.214,-7.614
18P.txt,-12.673,15.606,-5.689
24P.txt,1.044,12.526,5.407
