139P.txt,29.233,18.103,25.066
49P.txt,1.785,20.329,13.043
75P.txt,0.052,14.213,17.162
389P.txt,-25.67,22.969,16.847
388P.txt,-27.424,20.412,17.589
74P.txt,2.415,14.418,20.422
48P.txt,1.656,22.821,10.574
70P.txt,9.653,20.894,20.282
71P.txt,7.203,17.979,22.059
73P.txt,4.841,13.839,23.134
72P.txt,7.747,15.338,25.287
43P.txt,-1.284,33.589,0.393
383P.txt,-34.568,25.423,19.119
382P.txt,-36.821,26.205,16.427
68P.txt,17.809,17.395,22.798
140P.txt,32.322,16.951,24.433
69P.txt,13.578,19.934,21.064
45P.txt,-2.93,24.338,2.064
385P.txt,-32.719,21.941,15.762
391P.txt,-20.163,21.438,14.076
390P.txt,-23.392,22.618,14.108
384P.txt,-34.378,21.939,18.874
44P.txt,-2.961,29.501,4.139
46P.txt,-1.089,25.985,6.337
392P.txt,-16.808,20.222,15.101
386P.txt,-30.529,24.306,17.397
387P.txt,-29.839,21.891,20.055
393P.txt,-13.849,18.149,15.187
47P.txt,-1.534,25.713,9.91
