262P.txt,29.63,0.68,-49.152
276P.txt,31.306,-4.559,-47.179
277P.txt,33.815,-5.369,-43.406
288P.txt,35.829,-14.538,-33.412
329P.txt,50.094,3.843,-35.329
328P.txt,46.853,5.313,-35.095
274P.txt,32.444,-1.453,-44.168
270P.txt,45.08,-1.728,-42.925
338P.txt,39.582,11.069,-35.653
271P.txt,40.346,-2.529,-43.563
267P.txt,39.659,4.247,-40.537
272P.txt,38.637,1.234,-44.538
8P.txt,-30.263,9.834,-12.597
5P.txt,-36.579,5.023,-22.388
43P.txt,32.662,-22.276,-9.28
56P.txt,20.475,-13.674,0.309
4P.txt,-32.132,2.452,-24.464
55P.txt,23.244,-17.344,1.527
86P.txt,24.445,-24.137,-31.652
87P.txt,21.8,-22.121,-29.197
44P.txt,36.472,-19.806,-9.498
85P.txt,29.122,-20.257,-32.548
84P.txt,25.937,-21.901,-27.548
280P.txt,38.871,-7.896,-40.91
283P.txt,38.186,-10.758,-35.398
268P.txt,42.522,1.605,-40.179
335P.txt,42.278,6.508,-28.647
269P.txt,45.949,2.425,-41.451
279P.txt,33.241,-11.812,-40.143
330P.txt,47.402,1.222,-32.734
326P.txt,39.963,8.254,-38.129
333P.txt,45.79,-2.1,-28.449
284P.txt,40.61,-7.763,-36.26
