114P.txt,-6.926,-46.552,25.729
115P.txt,-9.469,-48.334,23.409
117P.txt,-12.279,-40.421,22.567
116P.txt,-12.141,-45.172,22.799
113P.txt,-8.89,-45.658,28.984
98P.txt,0.3,-28.598,40.015
99P.txt,1.485,-31.722,42.616
43P.txt,-16.281,-29.87,54.105
54P.txt,-19.027,-22.381,47.286
96P.txt,2.605,-26.877,44.729
55P.txt,-19.458,-19.226,43.383
86P.txt,-4.358,-21.771,50.329
145P.txt,-18.75,-52.472,44.576
52P.txt,-15.463,-19.189,49.797
85P.txt,-7.355,-21.534,47.007
146P.txt,-18.988,-54.515,40.944
53P.txt,-14.095,-21.435,47.175
121P.txt,-23.026,-35.828,27.274
123P.txt,-26.819,-31.686,33.543
26P.txt,-5.302,-49.794,43.484
124P.txt,-27.419,-27.864,31.848
125P.txt,-28.31,-28.896,37.625
119P.txt,-18.041,-37.095,23.34
