289P.txt,31.421,5.88,37.164
275P.txt,19.688,-6.33,52.641
249P.txt,30.774,3.333,64.661
274P.txt,17.224,-8.465,50.114
139P.txt,23.685,1.901,35.424
138P.txt,26.032,6.082,35.707
76P.txt,12.071,7.414,23.773
163P.txt,-13.568,27.249,43.672
176P.txt,1.607,16.568,55.181
189P.txt,5.09,13.299,43.441
49P.txt,-3.975,31.975,53.949
61P.txt,7.149,29.295,32.319
75P.txt,14.242,9.96,21.484
74P.txt,14.441,10.612,26.682
64P.txt,6.541,23.984,29.069
165P.txt,-9.892,30.91,39.652
170P.txt,2.425,31.97,41.85
164P.txt,-14.306,29.778,40.295
212P.txt,17.12,9.521,58.13
81P.txt,2.206,17.945,22.588
83P.txt,0.333,22.812,24.347
69P.txt,15.48,19.159,27.656
45P.txt,-14.274,38.345,47.086
46P.txt,-14.569,34.636,47.863
47P.txt,-6.284,33.599,47.38
283P.txt,33.718,1.736,46.816
250P.txt,30.655,0.185,61.016
290P.txt,34.899,2.958,35.997
284P.txt,28.048,2.098,44.654
