276P.txt,0.811,-20.952,-0.074
100P.txt,-33.433,3.506,-2.428
277P.txt,3.338,-18.082,3.704
288P.txt,7.067,-13.234,-11.554
163P.txt,-36.408,11.954,-6.619
162P.txt,-31.111,13.578,-6.611
49P.txt,-26.245,16.728,3.999
48P.txt,-30.297,15.036,2.447
165P.txt,-32.549,16.143,-10.352
170P.txt,-20.07,17.273,-8.342
164P.txt,-36.025,14.593,-9.67
166P.txt,-30.308,16.14,-13.904
99P.txt,-30.595,5.453,-0.11
95P.txt,-33.264,11.267,-11.265
97P.txt,-32.916,8.871,-2.547
96P.txt,-32.426,7.356,-9.168
45P.txt,-37.183,23.532,-2.92
179P.txt,-25.828,8.073,5.872
50P.txt,-26.29,12.571,1.971
44P.txt,-32.245,20.878,-4.587
46P.txt,-37.22,19.828,-2.039
47P.txt,-28.924,18.573,-2.295
280P.txt,11.506,-11.746,1.491
283P.txt,12.913,-10.904,-3.763
241P.txt,-1.052,-16.159,-3.526
279P.txt,7.545,-15.925,4.357
278P.txt,4.216,-14.492,0.03
287P.txt,11.059,-14.546,-9.906
291P.txt,11.584,-16.452,-14.8
284P.txt,6.241,-12.969,-5.682
