29P.txt,132.462,124.556,155.524
15P.txt,118.628,126.459,179.474
316P.txt,119.363,125.181,152.874
317P.txt,119.86,123.452,157.105
14P.txt,117.428,122.561,182.345
28P.txt,128.212,121.402,156.894
277P.txt,98.619,125.079,133.534
16P.txt,117.066,123.388,175.856
17P.txt,117.842,121.804,171.727
13P.txt,116.241,126.544,184.981
106P.txt,121.547,128.42,113.555
310P.txt,127.658,119.2,137.802
107P.txt,122.043,132.395,112.654
12P.txt,117.101,121.9,188.557
10P.txt,117.839,122.994,195.94
104P.txt,123.961,130.622,108.826
110P.txt,118.489,132.54,116.669
11P.txt,115.69,124.394,192.152
299P.txt,121.901,121.877,129.629
214P.txt,127.595,132.707,91.904
9P.txt,114.951,123.14,199.37
294P.txt,120.223,126.138,142.981
121P.txt,103.889,143.65,106.238
320P.txt,118.495,123.288,165.685
308P.txt,121.739,122.501,135.13
255P.txt,105.349,136.458,97.431
325P.txt,116.876,111.958,173.795
318P.txt,115.514,125.296,156.675
278P.txt,99.678,129.461,135.907
293P.txt,117.352,128.0,144.741
119P.txt,103.939,140.497,111.594
30P.txt,132.817,122.044,159.784
