504P.txt,116.438,128.311,175.218
510P.txt,111.141,141.055,172.064
511P.txt,107.544,143.061,169.206
513P.txt,113.337,143.798,168.858
507P.txt,112.436,136.59,174.838
315P.txt,121.615,132.333,138.123
329P.txt,113.974,129.279,167.973
328P.txt,112.478,131.762,164.43
506P.txt,112.824,132.932,171.963
512P.txt,110.565,146.089,169.621
516P.txt,116.718,142.028,174.96
503P.txt,119.523,131.737,175.61
517P.txt,117.384,143.399,178.334
515P.txt,119.534,142.074,169.682
514P.txt,116.923,142.091,165.208
528P.txt,112.41,145.511,176.453
548P.txt,125.768,142.157,148.044
547P.txt,127.323,145.487,149.692
545P.txt,122.253,143.624,152.147
544P.txt,126.07,142.567,154.97
519P.txt,111.184,143.013,183.888
323P.txt,120.131,136.592,156.177
322P.txt,120.766,137.286,152.457
320P.txt,119.835,133.388,146.194
321P.txt,115.857,134.186,150.829
527P.txt,109.08,140.754,177.044
325P.txt,118.369,137.662,160.925
330P.txt,110.036,129.148,169.26
324P.txt,118.765,139.829,157.91
508P.txt,107.224,135.666,170.628
326P.txt,117.684,136.167,164.696
327P.txt,119.446,130.953,164.563
509P.txt,107.041,139.352,172.628
