15P.txt,-2.645,-6.576,10.1
16P.txt,-1.12,-9.963,8.136
17P.txt,-5.159,-11.458,9.625
12P.txt,-2.311,-3.282,13.942
11P.txt,-1.74,-0.241,16.177
49P.txt,8.06,-8.048,-1.903
48P.txt,6.291,-12.805,0.742
43P.txt,4.996,-4.735,-4.6
56P.txt,3.558,-0.595,11.78
40P.txt,12.917,-0.623,4.348
54P.txt,6.877,-2.698,7.327
45P.txt,0.713,-5.533,-8.59
51P.txt,2.229,-10.802,4.544
52P.txt,7.637,-8.973,4.273
46P.txt,3.264,-9.179,-3.484
85P.txt,-7.262,-2.427,11.874
47P.txt,0.577,-11.555,-1.077
53P.txt,6.897,-4.366,4.173
20P.txt,-4.042,-9.189,2.001
21P.txt,-8.002,-6.987,2.956
24P.txt,-8.709,-7.151,-3.163
