100P.txt,-9.524,3.311,-11.583
128P.txt,2.974,11.508,-2.695
101P.txt,-11.657,1.712,-9.142
103P.txt,-16.99,2.55,-9.349
102P.txt,-14.322,0.365,-10.9
77P.txt,4.606,-0.514,-20.266
61P.txt,-8.794,2.551,-16.249
148P.txt,0.517,27.289,-21.21
149P.txt,3.76,30.317,-19.279
60P.txt,-5.926,-2.073,-17.185
59P.txt,-7.804,-2.723,-20.866
65P.txt,-12.902,10.264,-8.736
156P.txt,9.971,24.15,-11.961
56P.txt,-2.304,0.403,-19.684
92P.txt,-12.499,22.968,-22.463
150P.txt,0.17,31.072,-15.465
93P.txt,-15.658,21.248,-22.296
153P.txt,6.523,28.459,-13.605
121P.txt,10.24,-0.395,-8.842
120P.txt,6.648,-1.103,-11.211
127P.txt,0.107,8.381,-7.771
132P.txt,-0.373,16.454,-2.882
124P.txt,4.043,4.976,-6.52
125P.txt,6.976,8.407,-6.09
131P.txt,-3.344,12.455,-5.262
