16P.txt,23.226,31.944,30.442
12P.txt,26.381,27.237,25.201
89P.txt,20.077,54.234,27.014
77P.txt,34.556,49.976,27.109
74P.txt,39.329,43.208,21.613
70P.txt,29.424,34.686,18.716
8P.txt,27.784,24.853,20.496
66P.txt,29.253,33.567,25.953
72P.txt,35.578,39.314,14.995
43P.txt,23.929,43.007,15.154
94P.txt,13.778,45.701,27.214
80P.txt,31.229,52.453,20.712
68P.txt,33.604,37.502,22.724
40P.txt,19.715,42.464,12.174
82P.txt,29.294,47.756,14.981
86P.txt,25.958,56.01,20.005
87P.txt,19.931,57.452,19.916
52P.txt,31.152,45.949,27.524
53P.txt,29.252,49.59,28.585
35P.txt,23.442,53.459,24.059
33P.txt,19.943,51.934,31.047
31P.txt,19.309,50.461,36.459
18P.txt,16.863,31.357,29.449
