38P.txt,-2.434,-24.627,-17.58
139P.txt,9.689,-26.12,-28.382
215P.txt,5.538,-26.173,-13.482
59P.txt,18.49,-47.458,-36.589
238P.txt,11.605,-17.458,-40.914
220P.txt,6.928,-24.302,-21.237
234P.txt,6.54,-21.769,-41.65
57P.txt,14.02,-51.15,-30.226
235P.txt,11.182,-21.857,-37.115
221P.txt,2.76,-24.177,-22.037
223P.txt,1.664,-23.575,-30.017
182P.txt,22.584,-42.771,-35.809
196P.txt,22.824,-26.058,-23.445
140P.txt,11.642,-24.504,-31.676
55P.txt,10.707,-52.494,-24.519
222P.txt,3.811,-23.644,-26.266
227P.txt,-0.962,-24.95,-34.588
231P.txt,5.518,-23.388,-35.356
218P.txt,9.963,-26.046,-16.949
35P.txt,-11.329,-27.219,-21.53
37P.txt,-6.078,-27.932,-19.024
137P.txt,15.236,-28.482,-23.262
36P.txt,-6.47,-27.844,-24.547
251P.txt,13.659,-49.207,-38.798
132P.txt,-1.786,-26.311,-22.958
27P.txt,-4.58,-19.179,-37.439
252P.txt,12.274,-53.118,-35.994
25P.txt,0.961,-19.217,-41.303
253P.txt,16.628,-52.995,-34.105
