104P.txt,-25.178,-60.364,-51.529
105P.txt,-23.294,-56.835,-53.879
106P.txt,-28.243,-57.108,-52.927
107P.txt,-26.902,-57.724,-48.303
108P.txt,-30.435,-59.66,-49.035
109P.txt,-26.775,-63.575,-46.492
167P.txt,-37.039,-58.807,-32.156
168P.txt,-37.098,-53.559,-31.804
303P.txt,-24.896,-38.708,-35.222
304P.txt,-27.782,-43.721,-36.995
305P.txt,-30.36,-47.714,-35.79
306P.txt,-32.847,-43.101,-35.001
307P.txt,-36.983,-46.313,-35.2
310P.txt,-36.845,-43.159,-30.97
334P.txt,-26.256,-29.698,-27.433
158.txt,-23.154,-54.241,-18.394
291.txt,-21.045,-47.56,-17.957
319.txt,-34.875,-51.295,-16.026
320.txt,-30.621,-48.742,-16.147
322.txt,-29.804,-43.212,-13.334
326.txt,-26.728,-39.495,-19.182
