116P.txt,34.103,7.166,44.886
117P.txt,31.322,6.625,50.296
119P.txt,32.725,4.083,55.089
135P.txt,5.401,2.221,29.948
136P.txt,6.137,-1.567,35.453
149P.txt,17.89,-13.04,39.954
15P.txt,21.679,-2.595,15.665
156P.txt,37.336,-5.449,37.527
158P.txt,42.979,-0.833,39.668
167P.txt,37.37,-9.013,41.797
168P.txt,33.755,-7.794,43.006
169P.txt,31.11,-10.56,41.615
171P.txt,22.819,-8.902,43.616
172P.txt,23.103,-4.79,44.1
197P.txt,24.643,-18.406,26.019
20P.txt,17.062,1.963,21.754
203P.txt,32.012,-2.362,28.316
207P.txt,38.531,4.351,35.273
3P.txt,9.512,-6.999,-9.685
30P.txt,16.372,3.381,-6.297
40P.txt,5.106,-12.116,17.848
42P.txt,3.608,-16.858,15.289
61P.txt,7.657,1.765,21.051
83P.txt,5.394,3.607,-13.027
92P.txt,4.553,-6.64,-2.632
93P.txt,9.162,-7.997,-3.107
94P.txt,7.891,-10.692,1.919
95P.txt,13.053,-10.762,3.517
96P.txt,11.357,-12.25,6.817
122.txt,34.68,-0.696,54.542
149.txt,17.89,-13.04,39.954
152.txt,25.711,-9.539,38.172
154.txt,32.169,-6.961,38.219
156.txt,37.336,-5.449,37.527
165.txt,43.253,-5.718,37.941
166.txt,41.439,-7.235,44.039
167.txt,37.37,-9.013,41.797
168.txt,33.755,-7.794,43.006
169.txt,31.11,-10.56,41.615
171.txt,22.819,-8.902,43.616
190.txt,31.921,-5.875,33.542
192.txt,27.339,-9.824,33.818
194.txt,25.478,-14.958,34.091
196.txt,22.741,-13.301,28.316
197.txt,24.643,-18.406,26.019
199.txt,25.563,-10.74,24.424
200.txt,27.9,-13.886,29.642
201.txt,30.466,-9.82,29.665
204.txt,34.87,-2.11,31.168
