1003P.txt,20.879,18.694,8.829
1004P.txt,21.873,15.552,8.091
1006P.txt,23.77,11.348,10.872
1020P.txt,31.582,7.687,29.592
1021P.txt,33.511,7.939,33.806
1022P.txt,30.533,12.003,31.27
1023P.txt,32.33,15.601,34.31
1039P.txt,13.775,11.364,8.266
1040P.txt,15.299,8.096,7.006
1042P.txt,21.89,8.95,6.777
1053P.txt,22.59,-4.488,24.605
1056P.txt,22.896,-1.56,32.23
1058P.txt,16.461,2.455,28.112
1070P.txt,9.547,1.778,11.447
1080P.txt,12.438,-3.335,24.633
1082P.txt,7.55,-3.304,19.981
1083P.txt,7.217,-1.732,24.28
925P.txt,15.139,5.164,40.346
937P.txt,16.77,20.172,7.86
938P.txt,13.439,17.621,7.737
940P.txt,9.712,23.098,9.27
975P.txt,26.999,17.291,14.729
977P.txt,24.875,19.347,20.195
978P.txt,25.495,19.04,24.764
981P.txt,24.195,20.221,30.391
983P.txt,26.934,19.514,36.502
1009.txt,26.6,8.612,14.736
1012.txt,26.104,7.073,20.52
1013.txt,27.245,12.032,21.673
1016.txt,29.653,8.221,23.603
1017.txt,26.596,13.127,28.075
1022.txt,30.533,12.003,31.27
1023.txt,32.33,15.601,34.31
975.txt,26.999,17.291,14.729
976.txt,25.5,15.582,18.406
977.txt,24.875,19.347,20.195
978.txt,25.495,19.04,24.764
979.txt,22.005,22.524,24.166
981.txt,24.195,20.221,30.391
982.txt,24.221,15.05,32.251
983.txt,26.934,19.514,36.502
