103P.txt,88.359,6.266,-0.087
105P.txt,85.437,5.622,-9.998
109P.txt,76.696,2.628,-10.91
111P.txt,78.48,-2.242,-4.211
112P.txt,72.586,-4.642,-4.759
116P.txt,74.515,-11.741,6.107
125P.txt,75.125,-37.363,3.396
126P.txt,71.487,-36.098,1.05
127P.txt,71.893,-35.764,-2.477
34P.txt,85.831,17.652,-5.857
41P.txt,69.485,4.242,-5.398
43P.txt,66.556,8.097,-0.853
45P.txt,71.004,14.787,-3.372
46P.txt,67.123,18.238,-4.155
51P.txt,70.039,9.837,-11.244
56P.txt,85.913,15.603,-0.929
62P.txt,72.014,1.861,4.133
73P.txt,68.002,-1.362,-1.405
82P.txt,88.455,12.415,8.528
83P.txt,87.773,8.794,8.763
84P.txt,91.482,7.372,6.009
90P.txt,76.347,4.672,16.151
96P.txt,68.539,-8.49,11.923
99P.txt,76.248,-0.157,6.196
43.txt,66.556,8.097,-0.853
60.txt,76.457,6.51,1.592
62.txt,72.014,1.861,4.133
64.txt,67.472,-1.074,6.347
67.txt,57.672,-3.767,10.164
74.txt,69.376,3.574,-0.218
77.txt,77.342,11.264,-1.519
78.txt,79.341,9.864,3.301
79.txt,79.741,15.541,4.888
80.txt,86.932,15.19,4.667
81.txt,83.871,12.685,7.808
84.txt,91.482,7.372,6.009
86.txt,88.349,3.789,9.963
90.txt,76.347,4.672,16.151
91.txt,77.145,2.906,20.175
92.txt,72.067,4.626,18.983
93.txt,71.957,-0.314,16.655
94.txt,66.644,-1.789,18.529
95.txt,66.875,-2.365,12.584
96.txt,68.539,-8.49,11.923
97.txt,71.554,-2.319,10.456
