264P.txt,28.34,-61.592,15.08
270P.txt,19.017,-71.721,18.261
272P.txt,16.515,-68.57,23.949
284P.txt,23.835,-47.6,29.969
285P.txt,21.357,-44.024,27.583
286P.txt,25.822,-44.562,27.015
287P.txt,26.677,-47.924,26.528
288P.txt,25.134,-47.865,21.471
291P.txt,27.68,-51.395,16.901
292P.txt,28.069,-54.415,19.947
295P.txt,24.692,-52.887,7.94
303P.txt,11.175,-50.873,-12.983
304P.txt,15.422,-53.581,-15.219
305P.txt,15.096,-57.862,-15.139
306P.txt,18.872,-56.962,-15.56
307P.txt,19.474,-52.435,-13.801
328P.txt,20.578,-42.709,32.398
374P.txt,18.51,-41.276,15.33
375P.txt,21.418,-37.923,15.553
376P.txt,21.49,-36.898,12.187
377P.txt,22.166,-39.939,11.228
378P.txt,21.72,-42.402,8.611
383P.txt,21.963,-48.863,-2.916
384P.txt,22.457,-48.932,-6.899
385P.txt,22.792,-50.735,-9.716
386P.txt,23.229,-54.26,-7.572
387P.txt,23.513,-58.499,-11.575
388P.txt,20.191,-60.664,-12.138
392P.txt,17.68,-65.569,-10.793
393P.txt,14.991,-65.894,-13.816
394P.txt,11.248,-66.091,-11.157
396P.txt,7.648,-65.675,-7.439
254.txt,13.749,-65.797,12.291
255.txt,15.956,-69.668,12.072
258.txt,18.871,-65.521,14.033
259.txt,21.912,-68.831,12.728
261.txt,22.628,-61.959,13.806
262.txt,24.419,-64.569,16.36
263.txt,29.049,-66.802,14.176
265.txt,28.09,-62.434,18.698
270.txt,19.017,-71.721,18.261
271.txt,16.047,-71.02,20.94
272.txt,16.515,-68.57,23.949
275.txt,17.524,-63.571,19.571
276.txt,11.574,-65.099,21.145
277.txt,10.702,-61.442,22.906
278.txt,10.72,-62.995,26.06
280.txt,13.878,-56.616,26.849
281.txt,18.069,-55.504,26.285
283.txt,22.28,-52.102,26.246
289.txt,23.596,-51.664,20.972
293.txt,23.653,-56.008,16.543
319.txt,17.577,-53.067,17.817
332.txt,17.33,-51.262,23.442
334.txt,15.356,-59.163,17.548
