15P.txt,63.466,-6.02,17.224
197P.txt,51.919,-38.588,-63.612
208P.txt,38.191,-37.511,-42.915
210P.txt,41.797,-35.174,-47.527
211P.txt,41.263,-37.406,-53.896
216P.txt,55.27,-31.402,-58.85
23P.txt,46.427,4.926,0.978
24P.txt,47.635,8.2,3.995
285P.txt,62.299,-20.574,-13.651
330P.txt,45.696,8.429,14.151
331P.txt,41.736,7.643,12.651
332P.txt,40.65,6.054,16.577
371P.txt,42.837,-13.442,21.568
374P.txt,45.601,-13.13,16.846
399P.txt,49.251,-19.018,-31.299
401P.txt,53.826,-17.858,-38.749
402P.txt,49.317,-17.124,-40.875
404P.txt,51.781,-12.888,-36.738
405P.txt,44.685,-11.708,-36.413
406P.txt,44.691,-15.597,-32.267
408P.txt,47.701,-9.79,-29.908
409P.txt,43.288,-11.832,-28.653
412P.txt,45.019,-7.081,-24.807
413P.txt,43.586,-12.135,-22.18
417P.txt,42.769,-10.763,-16.744
420P.txt,43.091,-6.21,-12.961
423P.txt,45.087,-0.696,-9.443
431P.txt,42.774,-0.171,1.109
432P.txt,42.977,-3.71,4.442
434P.txt,44.467,2.935,6.335
460P.txt,45.744,13.416,37.944
461P.txt,43.179,11.909,32.811
469P.txt,45.279,5.344,41.591
470P.txt,43.535,11.373,43.801
471P.txt,42.875,5.214,45.926
472P.txt,47.248,3.745,48.867
130.txt,58.686,-50.601,-52.806
132.txt,62.674,-49.934,-48.585
133.txt,62.236,-46.103,-48.444
134.txt,64.629,-43.512,-48.103
135.txt,66.682,-40.407,-47.006
136.txt,71.872,-40.683,-47.478
139.txt,70.441,-40.688,-41.284
142.txt,74.682,-42.794,-43.212
143.txt,73.012,-45.873,-44.078
144.txt,69.736,-44.511,-46.052
152.txt,59.135,-42.953,-49.538
154.txt,57.741,-46.793,-53.929
155.txt,58.243,-47.868,-58.734
157.txt,59.427,-52.707,-61.106
188.txt,61.651,-37.176,-63.557
189.txt,61.337,-37.028,-58.248
192.txt,61.69,-42.669,-60.749
193.txt,59.457,-42.456,-56.877
