114P.txt,-7.742,0.658,-7.432
117P.txt,-4.772,-3.118,-7.653
128P.txt,26.644,-8.974,-15.199
131P.txt,32.664,-17.716,-14.27
149P.txt,9.548,2.816,-5.884
150P.txt,8.956,0.342,-2.35
151P.txt,13.568,-1.556,-4.143
152P.txt,12.647,-3.725,-0.842
153P.txt,8.506,-3.973,-1.261
201P.txt,5.455,-9.068,-3.435
202P.txt,0.916,-8.463,-3.334
203P.txt,2.721,-5.942,-0.744
204P.txt,-0.342,-3.179,-1.501
208P.txt,0.669,-7.773,-13.849
216P.txt,23.903,-12.333,-20.182
32P.txt,7.682,4.453,-12.387
45P.txt,-11.162,0.131,-39.521
60P.txt,-14.187,11.05,-5.208
61P.txt,-16.414,15.096,-6.255
62P.txt,-13.281,15.914,-9.924
77P.txt,-2.9,-6.122,-36.811
87P.txt,0.716,13.773,-13.534
88P.txt,-2.595,14.99,-11.586
91P.txt,-0.89,11.544,-7.314
92P.txt,-3.407,9.084,-5.588
93P.txt,-2.811,4.79,-4.596
94P.txt,-8.157,7.569,-5.57
95P.txt,-10.567,5.178,-6.892
114.txt,-7.742,0.658,-7.432
117.txt,-4.772,-3.118,-7.653
149.txt,9.548,2.816,-5.884
150.txt,8.956,0.342,-2.35
152.txt,12.647,-3.725,-0.842
153.txt,8.506,-3.973,-1.261
200.txt,6.001,-5.354,-6.38
202.txt,0.916,-8.463,-3.334
203.txt,2.721,-5.942,-0.744
204.txt,-0.342,-3.179,-1.501
205.txt,2.033,-2.578,-4.487
33.txt,3.115,3.588,-7.983
59.txt,-10.859,11.617,-9.693
60.txt,-14.187,11.05,-5.208
62.txt,-13.281,15.914,-9.924
88.txt,-2.595,14.99,-11.586
91.txt,-0.89,11.544,-7.314
92.txt,-3.407,9.084,-5.588
93.txt,-2.811,4.79,-4.596
94.txt,-8.157,7.569,-5.57
95.txt,-10.567,5.178,-6.892
