122P.txt,-10.396,-15.763,-17.469
204P.txt,-9.202,-8.9,-30.462
221P.txt,13.837,17.857,-10.408
246P.txt,20.195,12.568,-14.962
247P.txt,19.283,7.992,-15.84
250P.txt,19.085,0.154,-19.999
275P.txt,15.463,-9.489,2.25
278P.txt,18.675,-17.454,7.157
280P.txt,13.325,-20.555,3.63
282P.txt,13.052,-14.235,1.463
300P.txt,8.971,-24.284,-39.801
325P.txt,3.332,-29.858,-32.343
326P.txt,2.124,-25.771,-33.933
327P.txt,1.07,-25.733,-29.93
367P.txt,2.862,-25.491,-9.304
368P.txt,1.389,-22.572,-11.384
369P.txt,3.264,-24.626,-15.719
425P.txt,-1.51,-18.389,-15.427
436P.txt,-3.618,-17.348,-30.651
437P.txt,-2.556,-19.911,-32.539
440P.txt,3.366,-19.775,-39.488
441P.txt,7.66,-20.649,-38.682
442P.txt,12.255,-20.687,-38.683
53P.txt,11.636,10.52,-16.283
60P.txt,7.847,6.106,-34.218
61P.txt,9.332,3.718,-37.524
63P.txt,4.591,-1.84,-34.963
71P.txt,6.744,6.495,-28.417
73P.txt,5.61,6.834,-22.012
75P.txt,11.388,10.905,-22.93
76P.txt,13.856,11.371,-25.533
79P.txt,22.898,12.48,-25.808
123.txt,-10.436,-11.529,-14.365
124.txt,-12.592,-12.077,-11.272
280.txt,13.325,-20.555,3.63
281.txt,11.152,-17.553,1.907
282.txt,13.052,-14.235,1.463
283.txt,14.147,-15.164,-3.512
365.txt,7.905,-28.503,-5.552
366.txt,5.478,-26.998,-7.396
367.txt,2.862,-25.491,-9.304
368.txt,1.389,-22.572,-11.384
369.txt,3.264,-24.626,-15.719
370.txt,3.646,-20.09,-15.253
371.txt,6.573,-21.359,-11.141
425.txt,-1.51,-18.389,-15.427
426.txt,-1.87,-13.069,-16.552
427.txt,3.373,-10.668,-15.355
428.txt,0.11,-9.612,-14.685
429.txt,-2.162,-12.018,-11.058
430.txt,-4.832,-10.817,-13.061
431.txt,-5.258,-14.584,-14.3
432.txt,-6.581,-17.124,-16.084
455.txt,13.899,-21.373,-3.711
456.txt,17.163,-22.349,1.44
457.txt,14.524,-26.534,0.562
458.txt,13.473,-25.9,4.382
459.txt,14.519,-27.722,7.326
460.txt,17.769,-28.53,6.274
469.txt,13.753,-26.824,-5.344
471.txt,12.66,-19.904,-8.836
472.txt,10.888,-17.165,-8.449
473.txt,8.108,-15.228,-6.818
474.txt,8.211,-11.486,-7.673
477.txt,12.757,-10.205,-7.949
