1431P.txt,102.173,36.283,-49.821
1435P.txt,100.926,38.209,-41.805
1438P.txt,102.567,32.153,-34.077
1439P.txt,97.816,30.758,-35.358
1440P.txt,98.094,27.62,-32.809
1441P.txt,93.471,27.859,-36.946
1442P.txt,94.884,24.928,-39.416
1444P.txt,94.899,24.823,-44.903
1458P.txt,97.592,21.018,-40.036
1459P.txt,100.254,17.774,-40.114
1463P.txt,97.885,14.314,-26.57
1469P.txt,105.55,19.539,-19.561
1470P.txt,105.213,16.38,-16.611
1471P.txt,105.259,13.103,-19.079
1474P.txt,111.661,9.607,-18.362
1484P.txt,112.225,1.378,-25.2
1502P.txt,117.175,0.367,-33.911
1504P.txt,114.499,1.088,-38.83
1518P.txt,127.237,30.534,-27.71
1547P.txt,129.714,10.44,-36.278
1549P.txt,135.701,7.571,-39.002
1551P.txt,133.304,8.303,-33.765
1556P.txt,133.939,21.095,-35.349
1557P.txt,135.851,24.714,-32.13
1583P.txt,128.074,19.209,-38.175
1592P.txt,104.17,9.85,-42.372
1593P.txt,104.117,6.734,-46.905
1594P.txt,100.88,10.599,-47.367
1636P.txt,130.373,12.561,-53.358
1440.txt,98.094,27.62,-32.809
1463.txt,97.885,14.314,-26.57
1466.txt,103.913,19.69,-26.948
1467.txt,106.274,17.148,-24.745
1468.txt,103.732,16.569,-20.93
1469.txt,105.55,19.539,-19.561
1470.txt,105.213,16.38,-16.611
1471.txt,105.259,13.103,-19.079
1472.txt,111.024,17.025,-21.281
1474.txt,111.661,9.607,-18.362
1486.txt,106.845,3.267,-26.252
1487.txt,106.312,7.594,-23.789
1619.txt,106.086,29.503,-31.141
1621.txt,111.264,26.907,-26.109
