289P.txt,31.421,5.88,37.164
249P.txt,30.774,3.333,64.661
139P.txt,23.685,1.901,35.424
138P.txt,26.032,6.082,35.707
76P.txt,12.071,7.414,23.773
62P.txt,9.599,25.232,34.492
163P.txt,-13.568,27.249,43.672
176P.txt,1.607,16.568,55.181
189P.txt,5.09,13.299,43.441
49P.txt,-3.975,31.975,53.949
75P.txt,14.242,9.96,21.484
74P.txt,14.441,10.612,26.682
64P.txt,6.541,23.984,29.069
58P.txt,8.96,31.366,35.119
170P.txt,2.425,31.97,41.85
73P.txt,17.339,13.829,26.519
66P.txt,11.5,20.527,34.009
81P.txt,2.206,17.945,22.588
194P.txt,-0.884,3.577,42.775
68P.txt,11.173,20.456,25.647
83P.txt,0.333,22.812,24.347
69P.txt,15.48,19.159,27.656
45P.txt,-14.274,38.345,47.086
79P.txt,5.266,10.421,21.521
78P.txt,11.401,13.149,20.077
46P.txt,-14.569,34.636,47.863
152P.txt,12.675,15.956,34.188
280P.txt,33.492,2.847,51.739
137P.txt,22.56,10.078,35.535
