161P.txt,12.293,80.482,-22.167
162P.txt,16.504,80.613,-18.594
164P.txt,21.431,76.327,-19.792
167P.txt,18.033,73.391,-21.452
393P.txt,0.621,78.482,-10.659
731P.txt,9.024,73.485,-22.097
736P.txt,19.522,64.75,-22.645
352.txt,-17.489,77.804,-11.942
382.txt,-2.786,76.308,-21.057
383.txt,-1.799,74.557,-17.167
385.txt,-7.684,73.715,-16.659
386.txt,-8.209,73.883,-12.35
388.txt,-8.66,73.502,-7.788
392.txt,-3.401,75.397,-5.925
397.txt,-6.473,77.169,-0.262
398.txt,-12.038,75.544,-4.694
399.txt,-12.688,75.463,0.236
400.txt,-16.472,72.867,1.804
565.txt,-15.089,72.749,-20.231
568.txt,-9.768,71.777,-21.135
569.txt,-8.653,71.831,-24.585
570.txt,-4.793,72.704,-25.681
728.txt,0.269,75.02,-24.984
732.txt,9.358,68.931,-24.33
