1P.txt,47.841,-19.77,20.77
10P.txt,45.05,-7.77,14.969
119P.txt,37.834,-12.704,-1.262
120P.txt,41.908,-12.721,0.79
121P.txt,38.54,-8.532,1.933
122P.txt,36.834,-12.646,3.631
123P.txt,39.83,-16.027,5.54
124P.txt,39.516,-9.422,7.357
125P.txt,34.783,-9.232,4.804
126P.txt,34.038,-8.346,10.994
128P.txt,35.233,-5.162,14.213
129P.txt,40.357,-3.709,12.936
13P.txt,46.874,-3.944,11.737
14P.txt,48.75,-5.238,16.834
2P.txt,44.862,-22.027,18.468
33P.txt,43.762,-21.783,7.76
34P.txt,45.277,-22.997,3.655
35P.txt,51.133,-23.235,5.747
37P.txt,44.846,-24.542,11.263
39P.txt,49.195,-24.208,15.67
4P.txt,41.63,-16.745,15.611
5P.txt,38.413,-15.343,11.454
6P.txt,39.797,-11.779,14.18
7P.txt,42.546,-13.005,17.673
