100P.txt,24.554,-31.725,76.702
103P.txt,20.111,-27.711,74.342
197P.txt,21.55,-0.32,61.772
204P.txt,8.173,-3.669,79.354
209P.txt,13.277,-12.077,90.549
211P.txt,13.642,-17.041,91.497
212P.txt,16.765,-19.977,90.312
213P.txt,13.626,-23.746,88.551
214P.txt,15.577,-26.671,89.561
215P.txt,17.218,-27.65,85.138
216P.txt,16.117,-32.379,86.141
217P.txt,18.62,-30.776,80.535
218P.txt,16.142,-35.928,79.79
219P.txt,16.803,-38.075,76.668
220P.txt,16.992,-36.574,73.624
221P.txt,14.641,-38.221,70.713
223P.txt,19.848,-39.38,71.033
224P.txt,21.085,-41.6,75.436
244P.txt,22.522,-45.536,81.197
246P.txt,16.144,-41.342,82.05
247P.txt,17.701,-37.876,83.762
249P.txt,22.49,-33.158,88.255
250P.txt,19.886,-30.995,89.283
254P.txt,23.757,-19.541,87.745
262P.txt,24.343,-22.539,94.098
421P.txt,25.593,-1.492,86.833
487P.txt,27.851,-38.667,76.619
488P.txt,24.139,-37.444,73.979
491P.txt,19.652,-45.453,71.173
83P.txt,15.98,-44.436,85.639
84P.txt,20.808,-45.956,87.397
85P.txt,21.998,-48.715,84.412
