104P.txt,36.491,53.138,69.075
106P.txt,40.617,53.889,71.952
107P.txt,42.165,50.934,72.086
28P.txt,47.658,52.077,59.418
30P.txt,52.781,51.602,62.239
32P.txt,50.098,52.724,67.945
33P.txt,47.988,56.102,68.867
35P.txt,48.034,63.157,68.487
36P.txt,46.868,64.179,64.182
38P.txt,50.817,68.556,68.22
39P.txt,53.979,66.486,65.421
40P.txt,55.592,67.669,69.256
41P.txt,52.262,66.452,73.476
42P.txt,55.098,61.553,68.1
43P.txt,54.774,57.397,73.53
44P.txt,56.678,55.319,68.705
45P.txt,56.984,53.607,73.072
46P.txt,53.01,51.647,73.01
47P.txt,51.986,47.672,73.035
48P.txt,48.899,48.404,72.52
49P.txt,49.625,47.281,68.935
50P.txt,44.971,47.405,66.795
51P.txt,47.274,44.198,63.815
75P.txt,52.068,59.79,57.896
88P.txt,42.865,60.92,66.303
