101P.txt,-23.838,-39.575,-28.147
144P.txt,-45.077,-36.142,-9.399
149P.txt,-47.512,-34.74,-17.136
151P.txt,-46.759,-30.319,-12.977
18P.txt,-40.615,-39.754,-4.776
185P.txt,-33.626,-46.064,-5.225
188P.txt,-37.523,-43.209,-5.326
192P.txt,-41.764,-37.22,-18.033
193P.txt,-39.747,-33.648,-17.872
195P.txt,-35.508,-34.521,-19.608
20P.txt,-36.475,-34.444,-2.011
215P.txt,-33.722,-44.13,-21.782
216P.txt,-36.989,-44.529,-19.378
217P.txt,-39.342,-46.996,-18.194
218P.txt,-43.48,-45.475,-19.323
221P.txt,-40.974,-46.019,-10.532
35P.txt,-40.79,-23.465,-26.518
39P.txt,-42.501,-26.931,-20.727
41P.txt,-39.588,-28.821,-22.895
57P.txt,-34.731,-35.368,-26.1
59P.txt,-34.109,-29.681,-30.452
60P.txt,-38.054,-28.174,-29.296
72P.txt,-43.058,-22.908,-12.45
89P.txt,-24.524,-25.562,-30.189
90P.txt,-26.828,-30.373,-31.27
93P.txt,-22.524,-38.588,-32.775
95P.txt,-30.402,-40.387,-34.206
98P.txt,-28.252,-46.172,-29.803
