10P.txt,-47.556,26.08,-5.681
101P.txt,12.115,70.215,-61.008
102P.txt,5.832,70.152,-59.934
103P.txt,5.368,70.122,-56.473
104P.txt,7.894,73.423,-55.415
106P.txt,14.219,71.096,-56.141
107P.txt,15.157,67.782,-53.941
108P.txt,12.515,65.313,-57.825
109P.txt,11.202,63.504,-52.764
11P.txt,-51.576,25.01,-4.013
110P.txt,9.42,60.903,-50.126
112P.txt,6.279,65.962,-44.99
183P.txt,-59.682,40.866,4.389
212P.txt,-26.719,40.945,-21.809
214P.txt,-21.116,38.29,-22.198
246P.txt,-2.584,64.137,-54.1
247P.txt,0.891,66.776,-52.649
248P.txt,-2.222,68.993,-52.37
30P.txt,-47.97,31.465,-7.643
72P.txt,3.28,70.39,-46.264
74P.txt,9.535,69.544,-49.152
75P.txt,12.249,67.497,-49.327
76P.txt,14.834,69.813,-47.482
77P.txt,11.423,72.075,-45.464
78P.txt,10.893,68.53,-42.592
79P.txt,8.079,66.722,-38.889
81P.txt,4.309,69.721,-37.449
96P.txt,4.968,60.445,-46.949
97P.txt,4.385,62.637,-50.569
98P.txt,6.235,61.458,-54.18
99P.txt,6.804,67.436,-53.144
