126P.txt,103.181,4.885,-17.833
128P.txt,106.024,9.326,-19.292
129P.txt,105.133,13.694,-14.469
13P.txt,104.468,19.842,-14.036
130P.txt,107.908,17.144,-19.792
131P.txt,110.136,20.379,-16.798
132P.txt,108.036,23.773,-18.817
133P.txt,110.058,27.502,-18.7
134P.txt,111.574,24.574,-14.788
135P.txt,115.593,26.209,-13.275
136P.txt,112.58,20.026,-10.416
137P.txt,117.398,17.401,-12.696
138P.txt,117.847,15.74,-8.567
139P.txt,115.344,12.974,-9.533
14P.txt,103.337,18.56,-17.863
140P.txt,120.57,11.06,-15.056
141P.txt,115.537,8.947,-14.264
142P.txt,112.695,9.594,-16.111
143P.txt,109.964,6.967,-13.502
144P.txt,106.371,9.079,-11.229
146P.txt,101.942,3.732,-12.714
15P.txt,99.769,15.213,-16.265
18P.txt,103.362,8.133,-25.775
56P.txt,84.428,3.947,-31.284
