31P.txt,11.684,5.754,48.015
33P.txt,8.583,5.832,42.905
35P.txt,4.002,7.821,37.075
36P.txt,7.824,7.495,32.813
37P.txt,8.53,10.613,30.45
38P.txt,9.079,10.938,25.634
41P.txt,9.969,15.348,23.859
46P.txt,9.502,16.464,31.237
50P.txt,8.484,14.064,36.359
70P.txt,17.562,24.216,30.52
73P.txt,6.929,26.027,31.006
79P.txt,-0.488,20.705,38.477
80P.txt,-4.066,16.137,35.385
81P.txt,-0.882,15.125,33.624
82P.txt,-2.259,11.661,33.398
83P.txt,-4.441,7.833,34.561
84P.txt,0.5,8.566,34.324
85P.txt,-2.361,4.126,31.661
86P.txt,1.73,4.87,27.412
87P.txt,3.104,5.781,32.089
88P.txt,5.98,3.023,34.76
89P.txt,5.732,4.769,39.504
90P.txt,10.623,4.581,37.99
