101P.txt,20.478,-19.35,14.234
102P.txt,20.512,-24.968,14.918
108P.txt,12.946,-21.958,9.924
110P.txt,17.779,-17.324,11.09
111P.txt,20.827,-19.798,6.307
112P.txt,26.399,-18.263,7.811
113P.txt,26.765,-16.95,2.674
127P.txt,25.436,-15.874,-3.587
72P.txt,15.746,-29.522,15.282
73P.txt,14.543,-33.843,13.446
74P.txt,9.774,-30.793,12.48
86P.txt,5.934,-24.794,8.583
87P.txt,10.101,-31.636,6.123
89P.txt,14.926,-22.924,5.499
90P.txt,17.906,-27.919,4.964
91P.txt,22.221,-24.934,4.294
94P.txt,26.794,-26.619,0.101
95P.txt,23.411,-23.956,-3.467
96P.txt,27.114,-21.866,-0.974
97P.txt,23.933,-20.912,1.256
98P.txt,27.229,-22.457,5.645
99P.txt,23.479,-23.815,9.687
