130P.txt,11.437,-23.811,-6.582
133P.txt,11.184,-18.162,-8.809
134P.txt,6.844,-20.177,-4.86
137P.txt,4.587,-16.459,-8.266
138P.txt,3.046,-13.82,-3.774
139P.txt,5.81,-9.793,-2.715
140P.txt,2.052,-10.022,-7.595
142P.txt,9.819,-8.387,-4.993
163P.txt,34.443,-23.971,-34.579
179P.txt,33.662,-30.533,-19.412
180P.txt,33.999,-26.124,-19.378
245P.txt,13.408,-27.034,3.671
276P.txt,15.845,-13.05,8.629
277P.txt,16.27,-18.342,10.507
278P.txt,12.734,-19.073,6.745
279P.txt,13.253,-21.747,11.783
280P.txt,6.974,-23.835,9.622
281P.txt,9.034,-22.73,4.282
282P.txt,5.164,-24.268,4.434
283P.txt,3.45,-20.67,7.837
284P.txt,7.594,-17.205,3.979
285P.txt,4.552,-18.605,0.757
286P.txt,0.178,-17.847,4.867
287P.txt,2.612,-14.909,5.988
48P.txt,32.678,-33.326,-29.068
49P.txt,30.464,-36.094,-26.252
50P.txt,31.064,-31.57,-24.611
51P.txt,29.354,-34.563,-19.503
54P.txt,21.538,-30.942,-23.985
