10P.txt,19.535,-14.508,-72.225
104P.txt,30.11,-31.375,13.745
11P.txt,19.781,-15.723,-68.753
12P.txt,21.494,-14.497,-65.355
13P.txt,20.267,-18.107,-62.148
14P.txt,21.85,-15.794,-59.168
15P.txt,22.659,-19.006,-56.432
16P.txt,22.186,-17.121,-52.522
17P.txt,24.042,-15.785,-48.692
18P.txt,20.391,-14.544,-45.14
19P.txt,21.781,-10.815,-44.725
20P.txt,21.626,-9.14,-41.37
21P.txt,21.486,-5.377,-40.608
22P.txt,22.609,-5.733,-36.427
23P.txt,25.16,-8.727,-36.095
233P.txt,27.062,-33.364,22.164
24P.txt,26.326,-11.521,-33.662
25P.txt,30.618,-10.996,-32.755
316P.txt,25.088,-20.922,-29.781
317P.txt,25.456,-19.79,-33.429
318P.txt,21.567,-19.319,-34.524
319P.txt,23.749,-18.706,-38.162
320P.txt,24.7,-17.825,-42.204
321P.txt,31.017,-15.579,-42.308
323P.txt,28.574,-11.179,-45.767
324P.txt,27.472,-7.193,-45.568
325P.txt,28.068,-5.018,-49.932
34P.txt,33.165,-14.614,-36.638
35P.txt,29.424,-10.915,-38.215
37P.txt,22.961,-13.867,-38.648
38P.txt,21.168,-15.023,-34.668
40P.txt,21.657,-17.995,-28.345
