119P.txt,35.899,3.913,49.062
120P.txt,36.595,2.588,45.256
121P.txt,34.654,5.708,41.232
122P.txt,35.904,0.898,38.433
123P.txt,35.754,4.07,35.677
124P.txt,37.644,2.055,33.069
198P.txt,41.166,2.344,33.902
199P.txt,39.997,4.446,36.369
200P.txt,41.423,3.343,40.184
201P.txt,39.028,6.792,41.713
202P.txt,41.681,5.143,46.108
204P.txt,36.81,9.109,51.587
205P.txt,34.571,6.041,52.917
207P.txt,28.917,4.956,56.87
220P.txt,10.326,30.288,35.86
380P.txt,22.922,3.7,52.82
421P.txt,26.156,-5.683,47.316
422P.txt,30.309,-3.664,50.162
423P.txt,30.815,-4.259,45.007
425P.txt,26.877,-2.023,39.104
426P.txt,27.278,3.223,39.025
427P.txt,21.762,5.708,39.194
429P.txt,26.748,5.78,34.992
430P.txt,29.654,3.6,33.209
431P.txt,30.33,1.574,36.843
432P.txt,31.914,-1.265,39.769
434P.txt,33.918,-0.463,47.226
435P.txt,29.873,2.246,48.639
436P.txt,31.681,0.161,53.419
437P.txt,31.186,-2.453,55.465
53P.txt,12.621,26.949,40.808
60P.txt,20.342,23.692,57.638
77P.txt,8.089,25.875,50.408
