11P.txt,-34.147,-11.87,4.198
13P.txt,-37.47,-15.117,8.173
242P.txt,-6.688,-15.684,-10.074
243P.txt,-6.88,-11.2,-8.31
244P.txt,-2.557,-12.589,-6.684
253P.txt,2.406,-13.971,-5.072
561P.txt,8.404,-29.617,2.987
571P.txt,5.126,-27.95,-1.923
572P.txt,3.91,-25.522,-4.359
573P.txt,0.183,-27.883,-5.893
574P.txt,-1.681,-25.837,-8.627
575P.txt,-0.598,-22.818,-7.789
576P.txt,-2.495,-20.009,-11.226
582P.txt,-0.938,-24.611,-13.235
584P.txt,1.443,-29.014,-10.241
586P.txt,10.434,-32.048,-6.929
587P.txt,10.353,-32.765,-2.751
588P.txt,14.552,-32.633,-2.246
589P.txt,15.814,-35.226,0.359
591P.txt,12.909,-31.718,3.403
592P.txt,14.019,-28.469,-1.334
594P.txt,12.972,-28.52,-6.533
595P.txt,9.882,-26.324,-10.832
597P.txt,8.799,-31.162,-17.253
598P.txt,6.847,-28.267,-18.006
599P.txt,4.99,-31.276,-20.14
601P.txt,-0.116,-30.862,-16.376
602P.txt,-2.539,-33.407,-14.492
603P.txt,2.318,-33.305,-11.378
604P.txt,5.655,-34.282,-9.692
605P.txt,7.398,-37.564,-7.817
606P.txt,10.13,-35.494,-9.824
607P.txt,12.894,-34.879,-11.729
608P.txt,10.815,-34.742,-15.202
609P.txt,9.1,-36.599,-18.506
610P.txt,11.357,-39.5,-15.778
612P.txt,4.997,-37.478,-14.845
613P.txt,4.153,-41.41,-14.652
91P.txt,-29.653,-23.011,11.265
