18P.txt,10.277,-60.288,45.271
310P.txt,11.245,-59.475,78.232
339P.txt,-2.858,-67.029,42.699
347P.txt,15.342,-58.809,41.181
348P.txt,14.116,-55.147,39.517
350P.txt,7.457,-55.691,44.583
367P.txt,8.329,-49.266,38.791
37P.txt,10.694,-60.239,51.458
371P.txt,7.747,-45.815,44.248
374P.txt,8.98,-47.919,48.367
378P.txt,10.62,-44.278,53.598
396P.txt,9.957,-43.695,82.643
398P.txt,3.116,-42.682,83.622
399P.txt,5.039,-47.188,86.485
400P.txt,6.822,-42.575,89.038
401P.txt,3.575,-42.104,90.63
402P.txt,3.832,-46.529,92.569
403P.txt,-0.122,-46.46,93.133
404P.txt,2.7,-45.02,96.16
405P.txt,6.215,-43.473,97.947
406P.txt,7.4,-48.866,99.892
407P.txt,12.91,-47.561,100.1
408P.txt,11.768,-51.344,102.069
409P.txt,8.891,-53.914,98.724
410P.txt,9.081,-50.9,95.373
411P.txt,11.867,-55.815,95.047
412P.txt,6.776,-54.586,93.024
413P.txt,8.105,-51.863,90.283
414P.txt,11.377,-51.535,87.5
415P.txt,9.447,-57.12,86.626
416P.txt,5.726,-54.33,85.862
417P.txt,9.037,-50.526,83.858
418P.txt,10.222,-53.962,81.518
419P.txt,6.448,-56.614,81.376
420P.txt,3.533,-51.989,80.233
423P.txt,1.549,-55.385,75.323
