276P.txt,20.425,-44.259,-1.26
277P.txt,17.717,-48.321,-0.06
263P.txt,28.553,-31.237,15.8
275P.txt,18.253,-37.943,-0.34
261P.txt,23.23,-36.788,17.176
315P.txt,17.599,-47.893,19.627
329P.txt,42.865,-30.921,1.928
328P.txt,45.083,-25.796,4.61
314P.txt,15.932,-51.976,19.936
258P.txt,19.684,-45.315,10.031
270P.txt,16.835,-33.602,4.257
271P.txt,21.926,-31.248,2.203
313P.txt,11.198,-53.336,19.124
312P.txt,10.889,-49.977,17.399
221P.txt,11.444,-58.712,14.802
219P.txt,11.811,-64.686,15.736
295P.txt,31.966,-31.384,0.56
321P.txt,35.89,-36.579,18.46
269P.txt,19.801,-33.976,9.664
255P.txt,13.517,-52.54,10.508
296P.txt,33.827,-29.127,3.725
318P.txt,28.276,-46.39,17.813
285P.txt,22.235,-61.744,8.803
327P.txt,45.746,-27.768,8.469
