76P.txt,-14.863,-41.61,-54.119
200P.txt,15.994,-17.021,-52.582
202P.txt,15.17,-18.314,-58.576
75P.txt,-12.372,-40.815,-51.597
74P.txt,-9.588,-37.87,-51.861
367P.txt,-1.575,-4.24,-42.38
366P.txt,-3.84,-2.57,-40.282
71P.txt,-7.709,-37.473,-57.572
73P.txt,-6.26,-37.23,-51.445
365P.txt,-6.147,-0.233,-38.194
198P.txt,17.149,-15.739,-46.645
72P.txt,-3.686,-37.08,-54.684
220P.txt,-13.205,-43.278,-39.624
432P.txt,6.908,-12.311,-49.533
368P.txt,-0.142,-6.905,-44.679
221P.txt,-14.416,-46.965,-38.392
223P.txt,-14.469,-42.878,-34.755
54P.txt,-11.376,-36.77,-48.21
82P.txt,-26.457,-43.667,-44.309
222P.txt,-16.058,-45.872,-34.994
51P.txt,-7.279,-39.385,-38.828
79P.txt,-23.349,-43.087,-53.663
434P.txt,7.298,-13.284,-57.575
78P.txt,-21.491,-42.256,-50.536
50P.txt,-9.958,-39.193,-35.766
219P.txt,-15.753,-40.578,-40.028
52P.txt,-10.767,-37.474,-40.817
423P.txt,4.579,-9.493,-55.048
53P.txt,-12.124,-40.232,-44.988
122P.txt,10.686,-14.408,-50.808
491P.txt,-19.721,-45.117,-31.284
246P.txt,-21.287,-41.314,-42.323
124P.txt,13.917,-16.094,-45.484
