15P.txt,30.407,-86.778,15.64
128P.txt,55.98,-94.673,15.921
14P.txt,30.905,-83.202,12.484
16P.txt,34.475,-89.254,13.377
117P.txt,54.386,-76.863,15.095
17P.txt,36.068,-93.632,12.569
76P.txt,58.821,-97.952,-10.007
77P.txt,60.576,-99.582,-6.933
75P.txt,54.167,-96.385,-8.216
74P.txt,59.415,-92.839,-7.037
60P.txt,76.407,-73.592,-4.174
57P.txt,73.81,-68.198,-7.79
157P.txt,69.481,-61.789,-5.805
56P.txt,71.903,-71.517,-9.063
78P.txt,57.351,-98.851,-3.038
20P.txt,44.413,-94.394,11.043
121P.txt,54.264,-83.626,14.803
120P.txt,59.195,-80.804,14.845
22P.txt,48.128,-93.544,7.938
27P.txt,45.094,-84.331,8.465
31P.txt,48.187,-77.954,8.726
19P.txt,42.127,-90.717,12.417
124P.txt,58.043,-87.868,16.404
125P.txt,52.902,-88.783,13.786
18P.txt,39.074,-93.265,15.228
24P.txt,47.62,-89.375,13.19
