470P.txt,78.678,15.703,24.762
473P.txt,71.48,15.792,17.689
489P.txt,70.202,-19.233,18.528
476P.txt,80.604,8.016,18.766
488P.txt,69.392,-17.03,22.257
475P.txt,73.552,10.297,17.659
460P.txt,75.454,10.498,12.365
474P.txt,76.114,13.523,18.254
360P.txt,80.957,-26.495,11.111
404P.txt,71.329,-2.427,9.867
432P.txt,79.114,-15.275,30.982
426P.txt,77.58,-20.565,22.894
433P.txt,79.637,-11.205,31.29
395P.txt,67.491,-13.266,8.561
390P.txt,72.508,-11.017,15.458
392P.txt,68.394,-12.89,14.19
436P.txt,78.838,-6.033,24.717
486P.txt,72.791,-17.393,28.383
479P.txt,75.819,-0.531,18.224
478P.txt,79.845,1.919,15.362
487P.txt,71.195,-15.821,24.835
491P.txt,69.174,-12.614,20.659
484P.txt,75.451,-12.199,26.979
480P.txt,78.238,-2.631,20.741
443P.txt,74.012,5.682,12.041
442P.txt,73.37,3.005,14.57
440P.txt,75.71,-2.996,14.677
482P.txt,75.568,-9.01,22.651
