464P.txt,5.627,-12.618,-71.047
458P.txt,1.527,-19.261,-73.432
459P.txt,-1.578,-16.055,-71.766
539P.txt,16.221,-2.311,-86.428
648P.txt,30.384,-35.26,-49.518
463P.txt,4.198,-9.61,-69.798
649P.txt,28.83,-38.299,-50.299
638P.txt,30.767,-29.606,-52.689
613P.txt,56.364,-18.447,-51.474
617P.txt,56.596,-13.285,-60.566
616P.txt,55.409,-13.678,-55.07
628P.txt,30.952,-20.484,-52.77
629P.txt,30.386,-24.78,-54.33
635P.txt,36.134,-33.556,-57.386
620P.txt,52.393,-10.495,-54.82
451P.txt,7.184,-14.259,-55.693
450P.txt,9.889,-12.898,-59.122
646P.txt,31.941,-29.139,-44.74
652P.txt,26.204,-39.143,-55.434
650P.txt,30.47,-41.556,-51.531
452P.txt,6.333,-17.62,-57.733
453P.txt,4.951,-21.247,-59.933
651P.txt,27.925,-42.389,-54.804
641P.txt,30.061,-19.316,-46.953
457P.txt,1.077,-22.148,-70.526
456P.txt,3.993,-21.967,-68.445
642P.txt,32.039,-19.537,-43.271
454P.txt,5.1,-20.138,-63.409
455P.txt,2.139,-20.726,-65.85
