15P.txt,3.004,11.877,-21.596
100P.txt,16.402,2.481,2.955
101P.txt,14.208,-1.312,2.566
14P.txt,3.408,15.088,-17.79
103P.txt,20.556,0.136,-3.219
102P.txt,14.615,-0.857,-2.482
106P.txt,18.557,6.314,-8.475
12P.txt,6.795,11.835,-19.437
177P.txt,0.371,-19.372,-5.375
176P.txt,-0.864,-23.275,-8.185
77P.txt,6.565,-22.496,-5.038
48P.txt,5.759,-16.713,-21.393
70P.txt,5.336,-14.752,-7.592
71P.txt,5.047,-19.445,-9.169
65P.txt,0.688,-2.622,2.184
67P.txt,1.708,-8.258,-1.721
9P.txt,13.067,6.142,-24.662
98P.txt,11.269,2.157,2.773
72P.txt,9.603,-19.862,-5.984
181P.txt,-5.252,-15.917,1.312
80P.txt,4.692,-14.708,-0.803
81P.txt,8.259,-7.424,-3.89
95P.txt,6.543,6.935,-4.422
6P.txt,19.851,0.88,-25.74
82P.txt,6.263,-7.175,0.596
78P.txt,5.32,-19.664,-3.294
