100P.txt,30.078,-35.09,23.987
101P.txt,31.65,-34.862,19.652
102P.txt,31.621,-30.2,18.022
13P.txt,10.534,-46.435,22.236
113P.txt,19.516,-20.207,25.53
105P.txt,27.414,-26.546,19.91
110P.txt,24.035,-17.475,23.279
89P.txt,20.173,-40.783,31.994
162P.txt,0.165,-38.734,14.462
61P.txt,17.723,-32.676,32.847
149P.txt,-0.173,-30.941,23.257
58P.txt,18.609,-28.796,28.771
99P.txt,26.156,-31.579,23.196
156P.txt,7.363,-32.882,15.749
42P.txt,11.973,-21.454,19.867
40P.txt,5.873,-25.374,18.908
96P.txt,25.218,-35.757,25.947
41P.txt,7.554,-19.67,19.005
86P.txt,16.037,-46.143,31.373
93P.txt,23.214,-41.057,25.875
152P.txt,5.255,-34.455,21.272
120P.txt,13.639,-21.84,32.852
37P.txt,1.805,-23.457,27.224
27P.txt,-11.826,-36.309,29.004
125P.txt,2.387,-21.732,34.783
24P.txt,-6.438,-39.979,36.758
