114P.txt,32.923,40.69,69.253
117P.txt,30.973,45.406,65.519
88P.txt,42.865,60.92,66.303
48P.txt,48.899,48.404,72.52
59P.txt,34.891,36.256,62.84
43P.txt,54.774,57.397,73.53
56P.txt,37.773,40.783,63.631
40P.txt,55.592,67.669,69.256
54P.txt,43.779,40.087,60.785
55P.txt,41.415,37.871,63.706
45P.txt,56.984,53.607,73.072
51P.txt,47.274,44.198,63.815
87P.txt,40.273,66.786,66.465
44P.txt,56.678,55.319,68.705
52P.txt,42.888,42.264,66.201
46P.txt,53.01,51.647,73.01
84P.txt,35.781,62.017,57.165
47P.txt,51.986,47.672,73.035
53P.txt,41.909,42.78,61.758
34P.txt,49.609,58.555,68.265
35P.txt,48.034,63.157,68.487
23P.txt,32.635,49.02,55.227
36P.txt,46.868,64.179,64.182
119P.txt,25.827,47.233,68.55
30P.txt,52.781,51.602,62.239
