276P.txt,-15.967,-14.924,-25.857
464P.txt,-21.82,5.765,-27.434
458P.txt,-10.981,-1.361,-27.816
459P.txt,-11.011,0.192,-24.606
465P.txt,-19.937,3.879,-30.248
277P.txt,-18.87,-11.028,-28.141
275P.txt,-15.419,-18.354,-28.119
467P.txt,-16.15,-0.038,-33.753
301P.txt,-7.115,-5.215,-74.712
466P.txt,-19.343,-0.947,-30.16
274P.txt,-18.494,-15.472,-30.967
462P.txt,-17.014,3.922,-25.106
463P.txt,-20.744,4.179,-23.657
461P.txt,-13.385,6.89,-23.164
460P.txt,-12.372,3.359,-23.56
366P.txt,-3.84,-2.57,-40.282
238P.txt,-27.158,-26.625,-26.793
358P.txt,-24.164,2.945,-32.353
354P.txt,-27.146,-3.243,-24.888
355P.txt,-29.911,-1.22,-28.655
357P.txt,-24.23,0.402,-28.259
352P.txt,-25.437,-9.762,-29.89
353P.txt,-23.012,-5.355,-28.66
351P.txt,-30.178,-8.142,-31.211
350P.txt,-28.245,-2.67,-32.693
280P.txt,-10.968,-7.691,-28.549
281P.txt,-9.079,-10.924,-30.303
283P.txt,-12.704,-13.126,-35.488
282P.txt,-11.55,-14.202,-30.656
279P.txt,-12.115,-11.81,-26.817
457P.txt,-12.441,-1.856,-31.654
324P.txt,-3.01,-0.306,-69.78
278P.txt,-15.892,-9.865,-24.361
