117P.txt,-1.317,-22.205,-17.384
113P.txt,7.676,-18.638,-6.219
188P.txt,23.091,8.958,-8.604
200P.txt,-9.263,19.194,-8.824
160P.txt,13.66,-1.789,-7.193
149P.txt,7.164,24.768,6.51
217P.txt,16.595,9.835,-15.026
59P.txt,-16.231,-13.691,-4.085
71P.txt,2.546,3.668,12.665
43P.txt,-15.229,-16.511,-9.599
83P.txt,-11.436,-26.426,-6.886
82P.txt,-10.02,-21.716,-9.203
41P.txt,-9.695,-13.054,-9.903
232P.txt,-3.44,12.781,12.957
51P.txt,3.831,-16.8,13.387
151P.txt,7.104,17.879,9.487
87P.txt,-8.638,-31.522,-9.977
186P.txt,23.813,4.159,-4.362
90P.txt,-0.911,-23.862,-6.229
243P.txt,14.088,1.62,-19.579
121P.txt,3.185,-28.774,-12.925
120P.txt,-0.933,-28.831,-14.826
35P.txt,-12.157,-4.125,1.705
123P.txt,6.739,-23.27,-10.574
127P.txt,11.689,-11.838,-9.597
126P.txt,7.749,-13.624,-13.863
244P.txt,13.463,-1.414,-16.035
118P.txt,1.112,-25.135,-20.433
130P.txt,0.272,-3.911,-9.599
124P.txt,7.269,-19.384,-13.914
119P.txt,3.132,-29.369,-18.056
