316P.txt,-1.114,-1.882,-24.263
317P.txt,0.314,0.665,-28.35
329P.txt,31.671,-2.53,-33.645
314P.txt,0.327,-6.957,-31.33
375P.txt,0.754,-10.731,-46.59
349P.txt,5.399,5.538,-42.533
348P.txt,7.632,4.939,-46.565
374P.txt,-1.864,-8.403,-43.745
362P.txt,25.994,-6.239,-25.13
373P.txt,-5.093,-4.477,-41.874
372P.txt,-0.089,-3.369,-43.259
370P.txt,1.503,1.457,-38.314
341P.txt,4.562,-5.0,-50.029
394P.txt,-5.705,-11.308,-38.186
343P.txt,4.276,-7.823,-54.244
342P.txt,2.455,-8.065,-50.668
395P.txt,-8.664,-7.997,-40.02
346P.txt,9.495,-0.038,-50.092
392P.txt,-1.334,-11.764,-41.431
345P.txt,7.507,-3.073,-52.531
344P.txt,8.69,-6.337,-51.465
393P.txt,-2.659,-6.561,-39.33
318P.txt,-1.194,-1.977,-31.713
