1523P.txt,2.993,-33.47,-65.477
1457P.txt,31.893,-16.555,-64.839
1480P.txt,4.617,-14.703,-70.49
1481P.txt,1.918,-12.216,-68.098
1440P.txt,32.917,-18.519,-59.652
1482P.txt,1.586,-9.565,-70.9
1469P.txt,16.744,-15.915,-54.605
1441P.txt,37.68,-18.423,-60.779
1484P.txt,6.217,-5.499,-67.896
1409P.txt,38.168,-40.154,-69.519
1557P.txt,4.35,-38.49,-76.834
1620P.txt,21.72,-28.691,-64.135
1556P.txt,5.776,-34.321,-79.762
1552P.txt,-0.648,-27.17,-81.207
1618P.txt,27.094,-32.357,-60.115
1590P.txt,17.057,-9.06,-75.651
1592P.txt,22.78,-7.277,-77.424
1431P.txt,42.311,-29.814,-73.327
1578P.txt,7.97,-42.904,-69.976
1548P.txt,2.195,-26.628,-84.878
1489P.txt,13.644,-7.002,-67.748
1463P.txt,23.925,-9.684,-57.044
1474P.txt,6.984,-11.904,-59.315
1510P.txt,22.019,-21.657,-86.405
1464P.txt,25.272,-9.987,-62.875
1471P.txt,13.164,-11.333,-57.678
1459P.txt,28.428,-11.835,-69.765
1507P.txt,17.086,-13.014,-83.427
1506P.txt,12.472,-12.339,-83.52
