220P.txt,113.829,4.813,-38.929
221P.txt,117.02,5.382,-41.052
222P.txt,118.303,8.468,-39.201
223P.txt,115.244,9.352,-37.961
50P.txt,108.783,9.996,-38.345
51P.txt,107.104,6.894,-40.087
52P.txt,108.11,4.684,-36.669
53P.txt,110.263,-0.289,-37.616
57P.txt,108.068,-12.466,-31.634
59P.txt,103.946,-16.328,-36.155
60P.txt,103.057,-17.389,-39.66
61P.txt,103.097,-20.853,-36.429
62P.txt,99.365,-18.364,-34.945
71P.txt,103.078,-11.359,-39.567
72P.txt,101.199,-8.04,-43.528
73P.txt,103.254,-5.236,-40.399
74P.txt,105.851,-6.304,-38.349
75P.txt,110.009,-6.478,-38.676
76P.txt,111.591,-9.533,-37.192
78P.txt,116.188,-6.501,-33.558
79P.txt,118.422,-10.213,-32.473
