107P.txt,27.764,18.207,26.003
105P.txt,22.671,12.346,22.633
110P.txt,25.129,20.665,20.518
88P.txt,5.98,3.023,34.76
74P.txt,6.106,28.251,36.636
73P.txt,6.929,26.027,31.006
8P.txt,27.888,26.177,31.158
72P.txt,9.995,27.71,28.389
80P.txt,-4.066,16.137,35.385
83P.txt,-4.441,7.833,34.561
82P.txt,-2.259,11.661,33.398
7P.txt,26.029,24.607,27.727
79P.txt,-0.488,20.705,38.477
86P.txt,1.73,4.87,27.412
87P.txt,3.104,5.781,32.089
78P.txt,0.001,19.528,41.566
85P.txt,-2.361,4.126,31.661
84P.txt,0.5,8.566,34.324
109P.txt,23.873,16.209,19.602
108P.txt,27.316,13.278,22.644
22P.txt,28.281,9.495,43.252
26P.txt,23.638,7.401,47.466
31P.txt,11.684,5.754,48.015
