15P.txt,48.896,-25.26,-26.207
114P.txt,45.822,-7.542,-44.313
112P.txt,51.98,-6.027,-40.936
107P.txt,65.275,4.657,-39.345
215P.txt,31.232,-10.974,-25.069
216P.txt,33.591,-8.091,-26.985
75P.txt,39.977,-0.225,-28.564
165P.txt,28.855,-3.054,-9.189
170P.txt,42.298,-6.154,-18.591
212P.txt,32.645,-10.439,-20.42
199P.txt,55.071,-19.103,-15.979
167P.txt,33.384,-4.234,-15.065
208P.txt,30.614,-19.829,-18.333
157P.txt,43.359,-22.892,-10.198
180P.txt,40.355,-30.42,-16.13
209P.txt,30.755,-15.258,-20.83
221P.txt,44.018,-11.443,-41.473
141P.txt,37.877,-7.947,-23.773
222P.txt,49.091,-11.72,-42.27
51P.txt,55.121,-14.912,-42.636
86P.txt,50.53,2.546,-40.15
85P.txt,45.665,1.239,-41.85
84P.txt,45.393,-2.705,-41.358
218P.txt,38.75,-8.596,-31.733
108P.txt,62.431,1.384,-39.267
120P.txt,28.928,-10.65,-34.127
32P.txt,46.887,0.83,-19.892
118P.txt,34.408,-9.361,-34.133
