262P.txt,14.877,4.462,54.253
263P.txt,14.269,-0.089,54.521
264P.txt,10.507,0.098,55.268
265P.txt,11.785,-1.136,58.129
216P.txt,1.507,10.659,52.497
202P.txt,-4.66,9.301,55.719
203P.txt,-2.677,5.431,56.451
217P.txt,1.794,15.206,49.654
204P.txt,-5.701,4.465,60.085
205P.txt,-2.931,1.192,62.654
220P.txt,5.891,17.786,54.227
221P.txt,7.747,15.119,52.553
223P.txt,2.978,14.671,59.219
222P.txt,5.608,12.068,55.963
219P.txt,3.29,21.291,51.486
218P.txt,0.268,18.451,54.361
280P.txt,19.417,-0.383,74.512
281P.txt,18.361,-2.142,71.336
283P.txt,13.787,-3.782,67.583
241P.txt,10.061,15.291,59.889
282P.txt,16.769,-1.265,68.245
286P.txt,9.335,-8.77,62.207
284P.txt,12.796,-5.397,62.623
