458P.txt,16.45,-25.786,21.538
459P.txt,15.17,-27.833,18.905
275P.txt,15.594,-8.657,23.26
462P.txt,10.05,-30.236,14.254
76P.txt,17.738,12.669,50.752
63P.txt,26.924,-0.94,60.357
77P.txt,13.819,10.689,49.849
214P.txt,15.345,0.771,49.112
61P.txt,22.645,4.885,62.864
75P.txt,20.271,12.132,48.189
60P.txt,24.028,7.293,59.428
71P.txt,25.075,7.659,53.616
73P.txt,26.059,8.029,47.321
72P.txt,28.788,7.923,52.299
221P.txt,18.387,19.238,35.309
79P.txt,8.638,13.599,50.78
421P.txt,29.829,-21.792,48.167
437P.txt,33.761,-18.95,57.306
436P.txt,34.59,-16.403,55.309
53P.txt,20.279,11.791,41.501
280P.txt,17.004,-19.984,22.301
283P.txt,16.786,-14.262,29.103
282P.txt,17.78,-13.479,24.06
279P.txt,16.454,-16.038,20.404
325P.txt,27.537,-29.034,57.656
442P.txt,18.864,-18.719,63.059
250P.txt,12.36,1.485,45.209
278P.txt,11.859,-16.535,18.458
246P.txt,12.998,13.511,39.985
326P.txt,28.948,-24.844,59.104
441P.txt,23.863,-19.505,64.126
327P.txt,29.731,-24.902,55.083
