301P.txt,-2.367,33.627,-26.161
331P.txt,-5.215,33.392,-3.607
332P.txt,-6.806,34.155,-9.773
334P.txt,-0.702,37.682,-6.448
369P.txt,4.754,42.536,-12.547
372P.txt,9.436,44.348,-9.187
373P.txt,10.112,44.47,-14.343
376P.txt,16.626,44.824,-10.459
378P.txt,18.584,43.598,-15.526
425P.txt,4.415,40.827,-22.124
426P.txt,0.838,40.54,-18.297
431P.txt,-9.541,34.469,-22.983
469P.txt,-5.941,33.764,-14.364
327.txt,-10.598,37.941,-3.361
328.txt,-11.737,34.704,-6.911
331.txt,-5.215,33.392,-3.607
332.txt,-6.806,34.155,-9.773
333.txt,-3.231,38.117,-9.55
334.txt,-0.702,37.682,-6.448
335.txt,-2.441,39.803,-4.594
336.txt,-2.426,41.873,-1.61
337.txt,-6.585,41.799,-0.228
338.txt,-3.4,45.94,0.492
339.txt,-2.13,45.225,-3.696
368.txt,4.845,44.552,-6.584
369.txt,4.754,42.536,-12.547
426.txt,0.838,40.54,-18.297
446.txt,-14.923,44.849,-4.918
448.txt,-17.391,40.577,-2.489
449.txt,-15.244,37.406,-2.846
469.txt,-5.941,33.764,-14.364
