38P.txt,1.583,-90.663,19.219
76P.txt,18.076,-97.282,-5.956
374P.txt,14.486,-61.125,-18.752
77P.txt,22.397,-96.813,-6.132
75P.txt,18.736,-92.796,-10.039
362P.txt,-1.056,-69.093,-11.613
74P.txt,15.107,-92.615,-8.999
70P.txt,7.204,-90.406,-1.443
398P.txt,10.157,-68.247,-9.031
366P.txt,2.196,-61.705,-20.822
71P.txt,10.667,-92.476,-0.965
73P.txt,12.733,-94.746,-5.902
365P.txt,0.544,-66.557,-22.28
72P.txt,13.73,-90.636,-4.538
57P.txt,15.207,-94.038,32.259
340P.txt,19.379,-86.247,-17.135
55P.txt,8.132,-92.705,35.758
79P.txt,24.315,-91.696,-1.595
84P.txt,19.138,-85.519,0.507
90P.txt,8.742,-94.661,7.296
121P.txt,7.976,-84.135,-0.191
524P.txt,11.156,-63.77,-11.017
526P.txt,9.666,-55.42,-7.466
334P.txt,13.444,-84.931,-9.93
335P.txt,10.222,-83.27,-15.424
527P.txt,6.981,-56.701,-13.955
533P.txt,-2.107,-57.519,-10.015
282P.txt,-0.521,-80.623,-7.636
286P.txt,4.926,-78.793,-11.884
279P.txt,3.186,-85.058,-5.339
523P.txt,11.032,-60.249,-13.547
285P.txt,2.669,-80.794,-16.192
534P.txt,-3.268,-56.347,-14.744
118P.txt,11.509,-81.494,1.711
535P.txt,-3.724,-59.735,-16.178
