328P.txt,7.381,-32.35,-64.311
274P.txt,19.373,-14.708,-34.068
76P.txt,13.788,9.164,-59.252
200P.txt,-15.032,-16.814,-53.913
75P.txt,11.131,8.8,-56.816
367P.txt,3.052,-28.14,-44.008
71P.txt,6.542,4.315,-62.228
73P.txt,5.455,4.637,-56.05
72P.txt,2.734,4.464,-61.057
205P.txt,-6.07,-14.692,-65.573
220P.txt,11.974,12.107,-44.469
432P.txt,-5.994,-20.346,-50.758
368P.txt,1.998,-24.974,-45.962
369P.txt,3.843,-27.324,-50.271
221P.txt,12.766,15.782,-43.57
223P.txt,13.332,12.027,-39.778
425P.txt,-0.968,-21.065,-49.69
82P.txt,25.97,12.355,-50.319
222P.txt,14.526,15.157,-40.211
79P.txt,22.446,10.66,-59.09
421P.txt,1.309,-25.475,-57.694
50P.txt,9.219,7.963,-40.376
437P.txt,-2.038,-22.637,-66.956
84P.txt,28.272,11.451,-43.774
53P.txt,11.205,8.528,-49.932
280P.txt,13.072,-20.551,-27.601
122P.txt,-9.99,-18.599,-51.9
491P.txt,17.963,15.321,-36.543
282P.txt,10.789,-17.214,-34.485
126P.txt,-14.935,-15.09,-50.175
246P.txt,19.703,10.699,-47.216
125P.txt,-15.524,-16.252,-47.133
