100P.txt,-20.827,100.738,151.208
101P.txt,-19.536,101.619,156.188
263P.txt,-4.64,62.012,111.196
261P.txt,1.297,60.275,112.672
314P.txt,21.481,65.144,128.263
260P.txt,2.325,55.983,113.329
258P.txt,7.678,52.727,116.073
112P.txt,-30.9,99.679,147.609
113P.txt,-27.686,98.04,146.876
259P.txt,5.325,56.716,116.568
111P.txt,-32.676,102.342,145.786
605P.txt,63.525,86.849,97.854
604P.txt,61.054,88.339,100.472
606P.txt,66.317,86.42,101.003
607P.txt,64.47,82.87,103.977
165P.txt,-29.621,87.926,156.985
603P.txt,57.29,87.523,98.438
171P.txt,-42.401,88.178,148.083
366P.txt,13.173,96.187,158.822
166P.txt,-32.492,88.201,153.274
365P.txt,10.2,97.009,155.742
99P.txt,-24.286,99.212,150.028
167P.txt,-32.566,93.973,154.288
591P.txt,55.791,85.466,106.942
592P.txt,60.151,88.423,107.026
169P.txt,-38.8,90.93,152.235
168P.txt,-35.322,91.99,149.598
597P.txt,55.65,100.288,91.558
45P.txt,-25.172,100.638,140.731
580P.txt,57.387,92.053,108.759
46P.txt,-23.438,102.27,137.332
257P.txt,4.084,49.315,119.412
256P.txt,7.397,47.903,115.879
254P.txt,0.462,46.652,115.442
255P.txt,4.09,44.438,114.655
251P.txt,-1.033,55.563,116.018
252P.txt,1.504,53.822,119.298
253P.txt,3.561,49.716,114.465
