114P.txt,-45.054,8.24,-25.26
129P.txt,-66.569,-0.177,-31.717
103P.txt,-43.94,-0.154,-37.489
116P.txt,-48.389,4.199,-27.144
248P.txt,-64.285,-17.028,-49.213
260P.txt,-74.951,-9.818,-62.731
274P.txt,-72.374,-17.354,-43.338
258P.txt,-67.767,-7.882,-61.233
112P.txt,-44.574,2.06,-27.526
107P.txt,-38.35,-0.679,-36.723
271P.txt,-76.343,-21.134,-46.23
259P.txt,-71.739,-11.723,-63.766
110P.txt,-36.409,4.754,-28.341
272P.txt,-70.133,-22.641,-46.272
62P.txt,-79.744,-11.047,-35.925
176P.txt,-72.065,-0.217,-52.048
61P.txt,-79.254,-14.945,-33.8
175P.txt,-73.313,-1.928,-55.266
199P.txt,-41.334,-2.081,-43.195
143P.txt,-77.463,2.947,-49.947
180P.txt,-68.059,1.108,-48.888
183P.txt,-62.655,-3.684,-54.187
187P.txt,-58.611,-5.784,-49.88
179P.txt,-67.649,-2.147,-55.987
184P.txt,-62.502,-0.449,-49.389
257P.txt,-71.467,-7.294,-58.73
108P.txt,-40.198,3.375,-33.395
297P.txt,-49.874,-19.328,-18.058
254P.txt,-66.824,-10.769,-56.467
255P.txt,-68.114,-14.853,-59.484
296P.txt,-50.809,-21.083,-22.746
251P.txt,-64.456,-14.791,-53.863
