339P.txt,-42.902,-6.914,52.267
298P.txt,-35.212,5.059,58.397
449P.txt,-62.012,-4.536,97.252
448P.txt,-61.288,-3.409,92.902
374P.txt,-53.522,-0.099,69.344
438P.txt,-34.54,-2.086,74.982
398P.txt,-37.084,-9.326,64.776
372P.txt,-49.157,-0.208,70.667
366P.txt,-35.304,-4.939,60.259
399P.txt,-40.965,-11.581,66.679
364P.txt,-35.788,-8.43,53.614
397P.txt,-38.58,-7.441,62.008
383P.txt,-62.134,-7.829,90.414
368P.txt,-38.143,-2.011,66.437
419P.txt,-56.749,-15.958,90.496
381P.txt,-59.295,-2.363,87.085
385P.txt,-60.936,-13.391,94.397
435P.txt,-31.668,-7.385,67.136
421P.txt,-54.432,-11.652,94.068
384P.txt,-59.963,-9.58,95.425
386P.txt,-61.074,-12.537,89.461
437P.txt,-33.812,-3.042,70.518
422P.txt,-54.895,-7.618,98.442
387P.txt,-60.231,-15.893,86.704
294P.txt,-32.517,-6.94,55.665
450P.txt,-64.776,-6.977,98.034
336P.txt,-45.848,-0.153,57.409
297P.txt,-37.176,1.955,61.188
334P.txt,-41.539,2.193,57.144
335P.txt,-42.677,-0.542,59.596
296P.txt,-32.988,-0.536,59.048
