458P.txt,8.95,-10.81,22.65
459P.txt,7.582,-12.253,19.936
76P.txt,11.929,28.129,50.249
77P.txt,8.089,25.875,50.408
200P.txt,41.423,3.343,40.184
202P.txt,41.681,5.143,46.108
61P.txt,19.632,21.49,61.409
75P.txt,14.106,27.405,47.466
203P.txt,37.069,9.067,48.256
367P.txt,21.44,-9.337,34.266
204P.txt,36.81,9.109,51.587
73P.txt,19.852,23.754,45.678
199P.txt,39.997,4.446,36.369
198P.txt,41.166,2.344,33.902
72P.txt,23.247,23.664,48.126
220P.txt,10.326,30.288,35.86
80P.txt,-0.166,30.364,50.844
368P.txt,23.373,-6.575,36.079
369P.txt,22.333,-8.444,40.846
81P.txt,-0.002,27.362,47.348
221P.txt,9.136,33.863,34.996
431P.txt,30.33,1.574,36.843
82P.txt,-2.359,30.688,44.217
79P.txt,3.283,28.886,52.082
78P.txt,4.461,28.751,48.688
423P.txt,30.815,-4.259,45.007
280P.txt,9.168,-5.037,23.177
281P.txt,11.058,-1.412,24.047
122P.txt,35.904,0.898,38.433
325P.txt,25.904,-12.548,57.134
324P.txt,27.704,-14.31,60.914
246P.txt,4.966,28.083,40.586
124P.txt,37.644,2.055,33.069
