407P.txt,-41.449,-5.366,93.318
361P.txt,-37.568,-8.149,44.035
438P.txt,-34.54,-2.086,74.982
439P.txt,-39.094,-0.75,74.457
411P.txt,-43.902,-12.451,87.21
405P.txt,-40.913,-7.861,85.936
429P.txt,-41.067,-2.4,83.692
401P.txt,-38.932,-12.148,73.877
373P.txt,-52.311,1.797,74.241
399P.txt,-40.965,-11.581,66.679
370P.txt,-43.304,0.569,68.831
402P.txt,-42.477,-9.648,76.38
403P.txt,-39.681,-10.265,80.674
427P.txt,-46.321,-0.655,88.646
433P.txt,-34.774,-7.558,74.984
235P.txt,-44.96,-33.766,11.138
237P.txt,-50.902,-34.867,7.577
431P.txt,-37.668,-4.253,79.521
236P.txt,-46.57,-34.493,6.822
408P.txt,-38.118,-6.95,90.227
435P.txt,-31.668,-7.385,67.136
409P.txt,-38.377,-10.699,90.083
233P.txt,-38.524,-32.214,10.605
231P.txt,-32.914,-27.409,5.485
436P.txt,-33.182,-3.767,65.531
224P.txt,-38.507,-28.352,0.794
444P.txt,-50.991,-0.292,86.511
254P.txt,-26.731,-18.236,16.469
442P.txt,-45.121,2.099,83.433
440P.txt,-40.14,0.456,78.247
441P.txt,-46.073,0.777,78.078
