375P.txt,-7.102,-3.626,169.002
349P.txt,-6.834,1.576,177.971
348P.txt,-3.763,6.637,176.841
374P.txt,-6.575,-7.814,169.444
373P.txt,-5.522,-7.387,173.037
415P.txt,6.671,3.227,156.112
372P.txt,-3.828,-8.891,176.357
399P.txt,2.186,9.114,173.912
416P.txt,5.028,7.1,157.242
370P.txt,2.451,-5.005,175.675
417P.txt,2.452,9.881,157.38
359P.txt,-3.861,-6.059,154.819
427P.txt,-11.456,1.968,170.244
425P.txt,-15.118,-0.793,169.262
419P.txt,-2.183,6.399,160.423
424P.txt,-14.652,-2.851,165.708
395P.txt,-1.685,12.915,174.305
381P.txt,-6.863,6.225,157.051
347P.txt,-9.207,8.586,177.081
344P.txt,-12.552,15.186,175.606
350P.txt,-2.921,0.368,176.068
132P.txt,-17.438,9.195,175.93
130P.txt,-11.094,3.926,175.88
131P.txt,-15.173,8.002,171.008
