29P.txt,60.229,36.587,47.817
113P.txt,83.166,46.617,78.355
139P.txt,72.721,32.071,53.148
62P.txt,60.455,38.503,75.855
88P.txt,68.929,52.668,43.645
148P.txt,83.082,36.319,52.347
64P.txt,54.619,42.931,70.264
165P.txt,88.058,47.361,75.883
171P.txt,83.759,58.754,76.219
170P.txt,89.256,57.616,78.178
172P.txt,81.814,56.738,80.481
166P.txt,90.757,50.288,74.131
173P.txt,77.22,57.895,77.787
82P.txt,56.096,50.21,42.588
140P.txt,68.351,32.322,53.453
3P.txt,67.493,56.471,76.083
86P.txt,68.399,48.449,39.73
92P.txt,68.857,51.075,49.672
144P.txt,78.571,34.502,48.295
151P.txt,87.796,43.154,51.465
2P.txt,67.345,52.082,78.53
91P.txt,73.186,52.235,47.461
147P.txt,81.356,38.541,55.356
135P.txt,75.406,35.998,56.927
121P.txt,86.242,38.895,73.207
120P.txt,89.809,39.476,71.276
118P.txt,89.181,40.241,76.389
