459P.txt,-12.002,-32.856,24.155
260P.txt,-18.055,-19.193,44.414
474P.txt,-7.723,-18.771,39.128
61P.txt,-12.504,-3.343,68.311
75P.txt,-11.759,4.883,53.597
203P.txt,7.903,-17.635,61.305
204P.txt,6.822,-17.668,65.678
199P.txt,15.217,-20.269,50.704
417P.txt,-15.428,-37.029,53.849
198P.txt,14.794,-22.616,47.752
432P.txt,5.872,-26.825,50.799
368P.txt,-3.247,-29.236,42.922
382P.txt,-5.551,-23.714,55.775
221P.txt,-11.308,12.191,41.616
419P.txt,-8.029,-35.227,56.973
434P.txt,5.223,-26.469,56.596
435P.txt,0.293,-22.709,58.377
437P.txt,-0.824,-28.525,65.09
423P.txt,2.51,-29.664,55.063
350P.txt,-30.761,-29.633,28.965
280P.txt,-13.056,-27.196,26.361
120P.txt,8.247,-24.189,58.094
281P.txt,-10.414,-24.18,27.988
297P.txt,-17.716,-29.297,62.656
122P.txt,10.181,-23.812,50.408
446P.txt,-22.003,-21.629,58.834
279P.txt,-13.479,-22.194,24.743
244P.txt,-23.364,6.2,38.134
278P.txt,-18.303,-23.016,22.223
252P.txt,-18.098,-11.268,53.34
124P.txt,13.16,-19.807,46.448
326P.txt,-6.145,-33.343,66.063
119P.txt,5.581,-22.501,61.398
