102P.txt,9.883,19.291,-15.183
139P.txt,10.146,23.262,8.097
76P.txt,29.277,13.933,-6.04
61P.txt,2.924,19.273,-0.903
64P.txt,2.764,15.005,7.218
65P.txt,9.139,13.812,2.532
98P.txt,3.396,13.068,-11.371
99P.txt,5.387,14.615,-14.82
66P.txt,10.845,14.637,7.723
94P.txt,3.13,7.253,-7.891
80P.txt,20.311,21.117,-12.744
81P.txt,19.649,17.619,-16.348
95P.txt,0.541,10.856,-5.514
68P.txt,16.36,13.673,0.877
96P.txt,2.966,14.51,-4.686
69P.txt,20.214,15.42,2.851
51P.txt,33.449,19.808,-2.696
78P.txt,28.425,14.309,-15.66
135P.txt,3.445,27.992,0.891
136P.txt,3.371,23.802,2.723
132P.txt,1.569,25.034,-10.622
131P.txt,5.576,26.251,-12.783
