262P.txt,14.877,4.462,54.253
276P.txt,14.849,11.035,79.878
263P.txt,14.269,-0.089,54.521
261P.txt,14.111,2.651,58.512
265P.txt,11.785,-1.136,58.129
259P.txt,12.357,4.468,63.488
229P.txt,-9.921,8.126,72.842
213P.txt,-3.531,8.804,61.784
204P.txt,-5.701,4.465,60.085
234P.txt,-3.855,10.062,76.899
223P.txt,2.978,14.671,59.219
236P.txt,0.965,11.295,73.072
227P.txt,-5.62,9.802,68.416
225P.txt,-0.224,12.844,63.396
218P.txt,0.268,18.451,54.361
280P.txt,19.417,-0.383,74.512
242P.txt,14.84,14.966,60.517
281P.txt,18.361,-2.142,71.336
254P.txt,9.664,10.491,76.376
240P.txt,11.615,14.818,64.051
241P.txt,10.061,15.291,59.889
279P.txt,17.808,2.277,78.077
278P.txt,16.918,5.956,74.388
