117P.txt,31.322,6.625,50.296
76P.txt,6.714,-5.329,2.745
89P.txt,3.249,-2.997,-10.818
200P.txt,27.9,-13.886,29.642
74P.txt,6.839,-8.929,6.997
165P.txt,43.253,-5.718,37.941
166P.txt,41.439,-7.235,44.039
167P.txt,37.37,-9.013,41.797
156P.txt,37.336,-5.449,37.527
94P.txt,7.891,-10.692,1.919
95P.txt,13.053,-10.762,3.517
194P.txt,25.478,-14.958,34.091
169P.txt,31.11,-10.56,41.615
168P.txt,33.755,-7.794,43.006
197P.txt,24.643,-18.406,26.019
45P.txt,3.517,-9.698,10.679
51P.txt,4.472,3.356,2.465
92P.txt,4.553,-6.64,-2.632
192P.txt,27.339,-9.824,33.818
78P.txt,5.671,-1.139,-1.234
50P.txt,3.814,3.091,7.135
184P.txt,45.087,6.289,45.894
91P.txt,2.332,-5.81,-5.592
152P.txt,25.711,-9.539,38.172
47P.txt,2.842,-1.582,10.458
109P.txt,25.854,-1.159,28.306
37P.txt,5.215,-5.503,8.947
118P.txt,36.503,5.789,52.454
130P.txt,21.351,2.93,33.082
