1P.txt,-9.999,-16.9,-10.292
12P.txt,-9.634,-3.306,8.089
14P.txt,-13.758,3.637,6.727
15P.txt,-9.504,5.77,5.428
16P.txt,-7.852,1.192,5.726
18P.txt,-7.177,-6.096,3.898
2P.txt,-10.212,-15.596,-4.893
25P.txt,2.657,-10.009,8.429
31P.txt,-7.078,3.081,1.637
33P.txt,-2.973,9.808,0.188
34P.txt,-5.149,7.679,4.43
40P.txt,-7.833,6.888,14.4
41P.txt,-5.12,5.789,9.731
43P.txt,-3.771,12.633,5.547
6P.txt,-9.277,-13.206,-0.058
62P.txt,7.196,2.306,-6.068
69P.txt,7.358,21.055,-6.097
84P.txt,-6.57,-7.525,-12.032
85P.txt,-5.192,-2.757,-9.045
86P.txt,-7.916,-5.045,-4.408
87P.txt,-8.564,-0.38,-2.916
88P.txt,-5.872,3.368,-6.31
95P.txt,0.392,-14.749,-5.264
10.txt,-6.981,-8.616,9.488
11.txt,-11.425,-6.674,12.196
13.txt,-9.872,0.464,9.702
14.txt,-13.758,3.637,6.727
23.txt,5.668,-12.237,5.066
24.txt,3.502,-16.327,5.342
25.txt,2.657,-10.009,8.429
26.txt,-3.26,-12.227,7.919
28.txt,-4.808,-3.87,7.944
38.txt,-1.526,5.146,16.904
39.txt,-5.459,3.318,17.296
8.txt,-10.026,-14.103,6.022
9.txt,-8.416,-15.042,10.962
