100P.txt,23.573,-6.712,-11.677
101P.txt,19.893,-5.984,-6.043
113P.txt,39.736,-10.397,-16.605
114P.txt,45.962,-11.691,-14.3
117P.txt,48.846,-5.456,-23.802
118P.txt,46.306,-3.405,-25.699
120P.txt,41.314,2.001,-24.936
123P.txt,37.094,9.889,-21.801
128P.txt,30.546,10.835,-28.111
130P.txt,28.344,3.033,-27.161
131P.txt,26.688,4.228,-31.584
133P.txt,28.826,-1.053,-35.506
135P.txt,29.392,-7.54,-36.599
137P.txt,31.381,-13.566,-38.273
138P.txt,30.479,-15.983,-41.965
154P.txt,40.42,-8.751,-48.751
157P.txt,38.899,-3.47,-45.245
158P.txt,41.94,0.966,-45.598
165P.txt,27.677,3.511,-36.51
171P.txt,9.011,9.349,-30.976
172P.txt,10.115,11.905,-34.82
175P.txt,9.874,2.707,-45.27
228P.txt,4.937,-6.312,-40.217
232P.txt,2.235,-10.501,-39.584
92P.txt,2.152,0.634,-1.443
94P.txt,8.53,1.029,-4.596
97P.txt,12.997,-8.567,-11.442
127.txt,31.102,9.371,-23.793
128.txt,30.546,10.835,-28.111
156.txt,39.178,-0.518,-51.017
158.txt,41.94,0.966,-45.598
159.txt,41.113,3.46,-49.277
185.txt,24.624,7.193,-37.243
188.txt,27.37,11.09,-37.334
189.txt,30.829,8.4,-37.501
191.txt,32.963,13.462,-41.982
192.txt,34.836,11.952,-37.954
193.txt,36.874,8.737,-40.741
194.txt,37.764,11.805,-44.272
195.txt,38.548,15.304,-40.08
196.txt,42.822,12.848,-40.359
197.txt,42.684,10.797,-44.211
198.txt,40.338,14.204,-46.588
199.txt,40.817,12.963,-50.55
200.txt,42.402,8.104,-48.979
