1006P.txt,23.77,11.348,10.872
1009P.txt,26.6,8.612,14.736
1013P.txt,27.245,12.032,21.673
1016P.txt,29.653,8.221,23.603
1020P.txt,31.582,7.687,29.592
1021P.txt,33.511,7.939,33.806
1022P.txt,30.533,12.003,31.27
1023P.txt,32.33,15.601,34.31
1024P.txt,27.151,14.742,36.36
1041P.txt,18.932,7.375,8.933
1042P.txt,21.89,8.95,6.777
1043P.txt,23.465,6.502,9.934
1072P.txt,15.355,2.834,11.308
962P.txt,20.38,15.071,43.762
966P.txt,20.202,14.553,35.748
978P.txt,25.495,19.04,24.764
981P.txt,24.195,20.221,30.391
982P.txt,24.221,15.05,32.251
983P.txt,26.934,19.514,36.502
984P.txt,23.052,21.968,35.619
985P.txt,21.738,24.371,39.048
989P.txt,14.093,28.301,35.445
990P.txt,19.118,27.389,35.056
993P.txt,16.842,28.947,30.215
994P.txt,19.545,26.241,29.234
997P.txt,18.624,29.41,24.2
1009.txt,26.6,8.612,14.736
1012.txt,26.104,7.073,20.52
1013.txt,27.245,12.032,21.673
1016.txt,29.653,8.221,23.603
1017.txt,26.596,13.127,28.075
1022.txt,30.533,12.003,31.27
1023.txt,32.33,15.601,34.31
975.txt,26.999,17.291,14.729
976.txt,25.5,15.582,18.406
977.txt,24.875,19.347,20.195
978.txt,25.495,19.04,24.764
979.txt,22.005,22.524,24.166
981.txt,24.195,20.221,30.391
982.txt,24.221,15.05,32.251
983.txt,26.934,19.514,36.502
