272P.txt,-15.328,21.393,37.638
273P.txt,-13.127,26.438,35.597
274P.txt,-16.967,25.448,30.391
276P.txt,-8.936,26.318,33.762
277P.txt,-7.812,20.301,32.639
376P.txt,-0.194,47.842,20.504
377P.txt,1.342,47.919,26.166
390P.txt,0.897,28.978,42.857
391P.txt,0.847,32.921,40.923
392P.txt,-2.898,31.778,38.705
394P.txt,-6.354,34.089,34.283
396P.txt,-9.261,37.643,29.438
398P.txt,-9.982,31.937,25.584
422P.txt,-3.692,25.799,34.105
429P.txt,-15.934,22.929,24.43
455P.txt,0.993,29.749,-13.085
456P.txt,-0.308,30.478,-7.617
471P.txt,-1.925,34.882,-2.32
477P.txt,-8.267,41.371,-11.524
478P.txt,-8.673,40.792,-15.154
479P.txt,-13.104,38.419,-12.587
480P.txt,-16.494,39.84,-15.36
481P.txt,-16.735,35.826,-10.272
482P.txt,-18.482,37.16,-6.274
509P.txt,3.243,42.493,6.743
510P.txt,-1.427,41.871,9.516
511P.txt,-2.619,42.383,5.377
535P.txt,-33.423,41.92,8.825
568P.txt,-13.937,44.307,-3.651
570P.txt,-7.375,46.961,-3.599
571P.txt,-3.858,45.544,-3.277
572P.txt,-4.197,40.969,-3.861
294.txt,17.174,29.3,26.274
295.txt,19.298,28.21,28.761
296.txt,20.202,24.23,31.146
297.txt,23.785,26.968,36.337
298.txt,22.66,22.891,35.366
299.txt,21.879,19.084,34.919
302.txt,16.616,21.377,33.937
318.txt,22.608,30.699,32.323
319.txt,23.385,34.481,31.418
321.txt,18.209,37.509,30.939
323.txt,18.238,38.505,26.555
324.txt,16.863,33.57,28.833
