112P.txt,22.732,20.693,-17.277
116P.txt,19.57,22.456,-21.216
12P.txt,39.529,29.83,4.187
122P.txt,19.063,6.477,-18.612
123P.txt,22.304,8.472,-23.196
141P.txt,46.001,17.668,-16.233
142P.txt,42.6,22.945,-17.29
152P.txt,35.327,32.032,0.351
175P.txt,1.475,27.847,8.139
176P.txt,-0.677,24.558,7.286
179P.txt,2.829,21.639,11.651
180P.txt,5.027,18.835,12.713
182P.txt,2.866,13.776,14.836
184P.txt,2.879,6.762,12.884
187P.txt,7.588,9.628,12.644
226P.txt,30.301,23.431,16.712
325P.txt,43.11,8.941,-14.654
326P.txt,41.166,4.718,-10.235
336P.txt,26.141,4.443,-14.362
363P.txt,36.269,4.214,25.255
372P.txt,33.092,12.615,30.298
374P.txt,29.273,8.389,30.095
375P.txt,28.928,11.357,25.786
377P.txt,29.266,4.609,25.109
395P.txt,16.72,-7.289,3.213
396P.txt,12.532,-3.287,3.263
399P.txt,16.796,-6.911,-0.964
400P.txt,21.454,-3.466,-6.468
402P.txt,21.682,-4.93,1.887
407P.txt,30.281,-5.27,-1.303
418P.txt,45.386,-8.796,-1.61
421P.txt,49.845,-10.211,1.565
422P.txt,51.558,-7.324,-2.977
3.txt,59.121,24.945,2.932
305.txt,51.942,5.484,-0.066
307.txt,53.585,7.86,3.745
309.txt,53.416,14.257,1.53
310.txt,55.887,17.765,5.542
311.txt,55.842,20.432,2.901
312.txt,50.368,18.397,-0.046
313.txt,48.843,22.067,-3.96
316.txt,46.721,19.361,-7.447
318.txt,49.465,15.22,-4.177
319.txt,51.775,11.159,-5.207
4.txt,55.569,27.815,4.376
435.txt,51.396,16.752,16.681
5.txt,51.957,24.008,3.363
6.txt,49.086,27.12,0.036
