100P.txt,16.402,2.481,2.955
101P.txt,14.208,-1.312,2.566
102P.txt,14.615,-0.857,-2.482
103P.txt,20.556,0.136,-3.219
104P.txt,19.952,0.696,-7.21
105P.txt,16.694,2.689,-6.818
108P.txt,9.587,2.855,-8.339
127P.txt,13.212,1.684,-12.291
172P.txt,0.376,-18.516,-18.244
181P.txt,-5.252,-15.917,1.312
44P.txt,12.281,-15.168,-25.512
49P.txt,4.47,-13.84,-17.796
50P.txt,3.702,-17.478,-14.859
70P.txt,5.336,-14.752,-7.592
71P.txt,5.047,-19.445,-9.169
72P.txt,9.603,-19.862,-5.984
77P.txt,6.565,-22.496,-5.038
78P.txt,5.32,-19.664,-3.294
79P.txt,7.711,-15.562,-4.123
80P.txt,4.692,-14.708,-0.803
81P.txt,8.259,-7.424,-3.89
82P.txt,6.263,-7.175,0.596
83P.txt,5.718,-3.849,-3.126
84P.txt,5.441,0.517,0.364
98P.txt,11.269,2.157,2.773
99P.txt,13.997,4.313,-1.773
10.txt,11.152,7.012,-20.943
106.txt,18.557,6.314,-8.475
107.txt,13.788,6.81,-9.034
109.txt,7.65,6.88,-10.17
11.txt,7.808,7.785,-20.954
12.txt,6.795,11.835,-19.437
126.txt,9.529,4.926,-13.876
127.txt,13.212,1.684,-12.291
128.txt,16.166,5.576,-12.21
13.txt,4.996,10.842,-15.499
14.txt,3.408,15.088,-17.79
15.txt,3.004,11.877,-21.596
89.txt,0.841,14.843,-5.995
9.txt,13.067,6.142,-24.662
90.txt,-2.064,14.254,-10.324
93.txt,0.807,10.122,-8.989
95.txt,6.543,6.935,-4.422
