577P.txt,75.211,72.235,20.472
580P.txt,70.542,62.957,18.255
591P.txt,78.116,45.121,27.028
593P.txt,80.794,43.744,34.967
595P.txt,87.04,45.971,38.713
597P.txt,79.095,47.901,38.731
613P.txt,74.033,63.805,20.845
621P.txt,60.838,44.788,31.506
622P.txt,57.677,47.128,31.242
628P.txt,70.268,58.451,35.245
629P.txt,70.843,54.466,35.722
649P.txt,74.207,53.157,36.65
652P.txt,68.451,46.57,40.331
653P.txt,66.857,43.792,36.159
654P.txt,65.419,42.608,32.802
656P.txt,65.824,45.643,27.296
667P.txt,68.793,46.491,20.936
668P.txt,72.076,45.937,23.918
669P.txt,69.728,42.106,28.016
670P.txt,73.487,43.75,31.816
671P.txt,69.818,40.22,35.161
672P.txt,71.494,45.112,38.644
673P.txt,69.83,39.452,41.134
592.txt,81.247,44.505,30.033
593.txt,80.794,43.744,34.967
594.txt,83.282,47.101,35.555
595.txt,87.04,45.971,38.713
596.txt,83.3,49.717,38.595
598.txt,79.73,49.509,35.698
600.txt,81.463,49.363,29.319
602.txt,83.971,50.419,23.249
631.txt,78.099,57.089,34.243
632.txt,79.105,58.646,30.374
647.txt,80.229,53.868,32.149
649.txt,74.207,53.157,36.65
