118P.txt,34.408,-9.361,-34.133
120P.txt,28.928,-10.65,-34.127
141P.txt,37.877,-7.947,-23.773
148P.txt,41.982,-8.088,-5.268
151P.txt,46.781,-7.767,-9.18
152P.txt,46.225,-12.647,-5.553
161P.txt,32.926,-18.446,-8.675
165P.txt,28.855,-3.054,-9.189
166P.txt,32.613,-2.214,-11.603
168P.txt,37.801,-3.728,-14.027
169P.txt,36.043,-3.699,-19.207
170P.txt,42.298,-6.154,-18.591
193P.txt,55.754,-10.676,-16.005
195P.txt,55.725,-14.201,-11.018
212P.txt,32.645,-10.439,-20.42
215P.txt,31.232,-10.974,-25.069
216P.txt,33.591,-8.091,-26.985
27P.txt,55.098,-6.348,-17.64
29P.txt,52.577,-2.383,-15.918
30P.txt,51.616,1.082,-15.055
32P.txt,46.887,0.83,-19.892
50P.txt,50.013,-18.323,-41.109
69P.txt,43.573,7.562,-24.159
72P.txt,44.92,6.245,-19.318
73P.txt,43.07,2.944,-22.74
78P.txt,41.767,2.847,-31.811
98P.txt,55.086,2.591,-19.226
99P.txt,56.726,6.75,-20.042
12.txt,40.091,-31.434,-27.525
13.txt,43.908,-30.674,-26.448
15.txt,48.896,-25.26,-26.207
155.txt,47.861,-21.153,-11.788
156.txt,49.121,-23.109,-8.22
157.txt,43.359,-22.892,-10.198
17.txt,51.661,-22.886,-24.003
178.txt,41.692,-28.137,-22.345
179.txt,39.897,-31.046,-20.372
18.txt,52.78,-27.621,-28.352
180.txt,40.355,-30.42,-16.13
181.txt,39.224,-31.008,-12.677
182.txt,35.512,-31.531,-15.972
184.txt,35.938,-27.226,-20.661
185.txt,41.302,-25.378,-19.538
187.txt,45.082,-21.529,-22.472
198.txt,51.584,-20.908,-15.183
199.txt,55.071,-19.103,-15.979
20.txt,57.819,-23.925,-30.678
203.txt,45.237,-22.069,-16.817
