101P.txt,-2.19,-11.447,32.202
102P.txt,2.903,-13.255,30.431
104P.txt,3.343,-11.452,25.362
108P.txt,-1.269,-11.359,15.687
184P.txt,24.863,-40.565,-16.015
186P.txt,22.938,-40.506,-12.169
198P.txt,15.649,-10.363,-17.522
200P.txt,10.503,-9.026,-14.756
201P.txt,9.705,-4.894,-11.474
203P.txt,1.86,-3.985,-10.545
236P.txt,11.311,-25.051,2.516
29P.txt,14.373,-9.967,25.395
31P.txt,13.347,-13.146,17.522
32P.txt,16.887,-14.431,18.62
37P.txt,11.739,-14.977,8.132
47P.txt,7.89,-12.868,19.17
49P.txt,8.871,-10.838,25.965
51P.txt,12.63,-8.43,33.52
52P.txt,9.507,-4.274,36.37
53P.txt,12.303,-6.105,39.161
54P.txt,9.755,-4.573,41.384
56P.txt,3.76,-4.701,36.176
69P.txt,12.016,1.186,5.837
72P.txt,12.445,4.432,3.268
84P.txt,-6.842,3.258,29.522
94P.txt,-3.401,-6.928,18.301
97P.txt,-4.741,-7.694,27.017
98P.txt,-4.082,-13.461,26.42
99P.txt,-0.331,-12.44,23.921
110.txt,-3.098,-9.648,10.209
111.txt,-1.648,-10.354,6.456
113.txt,1.304,-7.436,2.693
115.txt,4.763,-3.519,1.152
116.txt,3.952,-4.71,6.385
203.txt,1.86,-3.985,-10.545
41.txt,-0.454,-12.904,2.802
67.txt,7.579,0.502,9.297
72.txt,12.445,4.432,3.268
74.txt,9.153,7.245,7.491
75.txt,9.674,5.543,13.19
76.txt,5.476,4.798,11.67
87.txt,-4.582,3.724,18.718
89.txt,-1.92,3.758,14.432
90.txt,-1.925,-2.971,10.299
91.txt,-5.244,-2.257,9.776
92.txt,-5.351,-5.638,12.853
