10P.txt,32.461,3.31,7.607
11P.txt,29.765,7.228,3.69
2P.txt,25.309,3.449,-14.411
20P.txt,22.622,20.486,-15.041
23P.txt,25.108,12.963,-21.318
24P.txt,28.096,17.624,-24.055
28P.txt,33.53,6.448,-13.801
3P.txt,29.855,2.188,-11.929
36P.txt,23.644,-1.514,7.284
39P.txt,23.179,6.311,6.501
40P.txt,24.359,9.513,3.322
5P.txt,30.049,0.421,-6.738
6P.txt,24.582,-3.588,-5.796
60P.txt,14.343,17.452,-10.763
63P.txt,15.536,12.0,-9.634
64P.txt,13.698,14.891,-15.643
7P.txt,29.214,-2.421,-1.637
72P.txt,16.961,4.508,-24.036
74P.txt,17.972,-3.092,-22.762
76P.txt,21.51,2.6,-26.443
8P.txt,28.036,-2.723,3.093
9P.txt,32.202,-0.196,2.065
20.txt,22.622,20.486,-15.041
23.txt,25.108,12.963,-21.318
24.txt,28.096,17.624,-24.055
26.txt,28.517,12.806,-16.935
27.txt,33.276,10.168,-18.016
28.txt,33.53,6.448,-13.801
29.txt,26.875,8.328,-13.239
30.txt,30.532,5.728,-9.218
48.txt,34.056,14.091,-20.45
50.txt,39.836,13.826,-15.217
61.txt,20.882,16.872,-12.369
64.txt,13.698,14.891,-15.643
65.txt,20.648,11.548,-15.585
68.txt,17.309,8.974,-19.946
