109P.txt,61.639,39.104,17.952
110P.txt,58.015,42.207,17.965
113P.txt,53.412,47.653,7.834
137P.txt,48.7,42.86,-9.604
138P.txt,46.529,41.171,-12.111
145P.txt,51.789,46.585,-3.738
162P.txt,56.811,65.328,3.863
259P.txt,66.532,38.684,18.911
260P.txt,66.804,41.252,24.124
262P.txt,61.932,42.436,25.177
263P.txt,60.003,42.325,28.249
264P.txt,60.69,39.067,30.833
47P.txt,52.195,37.085,16.792
48P.txt,52.232,33.663,13.969
49P.txt,56.263,33.729,12.099
50P.txt,57.201,36.796,7.784
51P.txt,57.544,32.358,6.451
53P.txt,56.609,30.907,1.43
60P.txt,57.329,41.793,2.754
66P.txt,55.936,39.805,-8.881
68P.txt,52.14,35.973,-3.207
74P.txt,50.176,43.744,10.41
77P.txt,57.924,37.707,14.757
78P.txt,60.557,34.482,13.392
80P.txt,62.043,33.307,7.229
87P.txt,60.383,37.524,-6.552
88P.txt,64.691,40.69,-5.192
93P.txt,69.39,47.875,-9.214
115.txt,50.647,54.962,7.077
116.txt,55.296,57.096,7.935
118.txt,50.239,59.307,4.023
121.txt,50.067,63.493,1.56
123.txt,48.737,67.405,-2.833
124.txt,51.315,69.3,-5.09
159.txt,60.513,71.515,-3.846
161.txt,60.455,70.834,2.287
162.txt,56.811,65.328,3.863
163.txt,59.308,65.618,8.118
164.txt,57.964,60.278,10.952
165.txt,58.804,62.556,14.762
167.txt,56.028,59.237,17.997
168.txt,56.778,55.277,17.916
240.txt,64.395,65.445,7.55
241.txt,62.881,63.033,3.208
242.txt,64.75,69.086,0.267
