1P.txt,73.48,53.645,78.764
113P.txt,83.166,46.617,78.355
114P.txt,79.183,44.118,80.508
115P.txt,78.827,39.43,80.539
120P.txt,89.809,39.476,71.276
140P.txt,68.351,32.322,53.453
165P.txt,88.058,47.361,75.883
166P.txt,90.757,50.288,74.131
169P.txt,86.885,54.291,79.923
170P.txt,89.256,57.616,78.178
171P.txt,83.759,58.754,76.219
172P.txt,81.814,56.738,80.481
173P.txt,77.22,57.895,77.787
174P.txt,79.345,59.308,74.544
192P.txt,82.213,57.079,47.968
193P.txt,86.68,53.178,45.851
195P.txt,78.448,54.078,43.048
2P.txt,67.345,52.082,78.53
3P.txt,67.493,56.471,76.083
51P.txt,73.143,32.103,72.305
57P.txt,65.002,33.599,76.546
64P.txt,54.619,42.931,70.264
65P.txt,56.435,46.821,70.112
79P.txt,52.992,47.309,49.252
80P.txt,58.593,52.917,48.102
82P.txt,56.096,50.21,42.588
83P.txt,57.292,54.939,43.131
1.txt,73.48,53.645,78.764
107.txt,74.556,46.875,70.697
110.txt,78.09,46.742,75.048
111.txt,76.255,42.992,75.673
113.txt,83.166,46.617,78.355
114.txt,79.183,44.118,80.508
115.txt,78.827,39.43,80.539
164.txt,82.348,50.118,73.849
168.txt,84.031,53.211,77.594
169.txt,86.885,54.291,79.923
172.txt,81.814,56.738,80.481
173.txt,77.22,57.895,77.787
176.txt,77.619,53.683,72.368
2.txt,67.345,52.082,78.53
5.txt,71.485,50.888,74.37
55.txt,71.029,35.623,77.846
57.txt,65.002,33.599,76.546
59.txt,66.682,40.255,75.054
6.txt,65.828,51.369,73.099
62.txt,60.455,38.503,75.855
9.txt,67.925,47.963,69.118
