10P.txt,-11.855,-57.582,-1.429
101P.txt,50.548,-17.211,47.291
102P.txt,44.132,-17.33,46.348
104P.txt,45.324,-22.214,49.244
106P.txt,51.704,-22.358,47.52
107P.txt,52.755,-24.226,44.704
108P.txt,51.226,-19.995,41.88
11P.txt,-16.617,-58.028,-3.323
13P.txt,-16.874,-64.841,-7.645
15P.txt,-14.208,-70.878,-9.768
16P.txt,-16.411,-74.056,-11.048
18P.txt,-12.792,-74.983,-7.689
20P.txt,-7.855,-72.662,-5.966
22P.txt,-6.039,-66.816,-4.179
225P.txt,23.485,-49.007,27.716
292P.txt,-4.539,-71.056,-2.081
322P.txt,-19.033,-47.683,0.502
323P.txt,-18.317,-51.358,-1.88
347P.txt,-36.904,-55.263,-14.808
353P.txt,-36.787,-62.517,-14.714
354P.txt,-34.166,-63.278,-12.057
355P.txt,-31.968,-59.325,-12.051
357P.txt,-24.811,-61.232,-7.354
36P.txt,-22.714,-72.025,-8.529
381P.txt,-28.645,-54.178,-11.662
382P.txt,-24.932,-50.803,-13.185
384P.txt,-33.695,-48.772,-12.853
399P.txt,-37.106,-48.025,-7.557
403P.txt,-25.588,-44.75,-10.078
404P.txt,-22.293,-46.072,-10.531
405P.txt,-21.789,-43.679,-8.115
406P.txt,-19.492,-45.628,-5.214
57P.txt,19.76,-51.774,24.961
76P.txt,52.423,-31.474,45.119
101.txt,50.548,-17.211,47.291
102.txt,44.132,-17.33,46.348
104.txt,45.324,-22.214,49.244
106.txt,51.704,-22.358,47.52
107.txt,52.755,-24.226,44.704
108.txt,51.226,-19.995,41.88
76.txt,52.423,-31.474,45.119
77.txt,49.097,-32.129,48.135
