512P.txt,19.334,103.743,107.297
524P.txt,27.919,105.129,101.894
532P.txt,28.65,97.791,105.405
533P.txt,23.961,98.988,104.301
534P.txt,23.397,94.631,106.475
536P.txt,16.611,98.981,106.782
551P.txt,31.757,105.697,95.118
552P.txt,30.697,102.892,97.312
554P.txt,32.374,98.96,101.024
555P.txt,31.555,95.904,98.155
560P.txt,38.143,91.211,100.828
561P.txt,34.468,93.369,101.206
563P.txt,36.862,99.852,96.004
557.txt,33.026,93.743,106.514
558.txt,35.937,91.118,105.188
560.txt,38.143,91.211,100.828
561.txt,34.468,93.369,101.206
569.txt,46.297,94.716,97.851
570.txt,48.519,90.698,100.968
571.txt,46.589,89.71,97.818
572.txt,42.675,89.216,99.112
573.txt,43.002,90.499,102.502
