568P.txt,50.869,99.306,100.878
577P.txt,52.833,98.341,108.572
580P.txt,57.387,92.053,108.759
591P.txt,55.791,85.466,106.942
592P.txt,60.151,88.423,107.026
593P.txt,55.323,89.928,102.289
594P.txt,58.587,93.325,98.515
595P.txt,56.423,96.822,98.864
604P.txt,61.054,88.339,100.472
605P.txt,63.525,86.849,97.854
606P.txt,66.317,86.42,101.003
607P.txt,64.47,82.87,103.977
591.txt,55.791,85.466,106.942
593.txt,55.323,89.928,102.289
596.txt,54.657,95.916,94.146
598.txt,50.947,97.759,91.279
600.txt,51.516,94.597,96.225
602.txt,55.248,90.868,96.303
603.txt,57.29,87.523,98.438
604.txt,61.054,88.339,100.472
