28P.txt,-5.636,-24.47,-37.116
249P.txt,11.76,-43.074,-41.301
38P.txt,-2.434,-24.627,-17.58
138P.txt,13.881,-31.297,-28.384
215P.txt,5.538,-26.173,-13.482
76P.txt,-0.547,-52.555,-29.141
216P.txt,9.347,-28.618,-11.332
74P.txt,3.947,-49.123,-34.635
48P.txt,13.485,-45.646,-15.926
170P.txt,-4.234,-46.392,-21.753
212P.txt,8.157,-34.718,-11.34
238P.txt,11.605,-17.458,-40.914
199P.txt,23.242,-32.124,-17.031
198P.txt,21.012,-28.917,-18.614
220P.txt,6.928,-24.302,-21.237
234P.txt,6.54,-21.769,-41.65
42P.txt,-0.304,-35.324,-10.496
235P.txt,11.182,-21.857,-37.115
221P.txt,2.76,-24.177,-22.037
182P.txt,22.584,-42.771,-35.809
140P.txt,11.642,-24.504,-31.676
197P.txt,20.143,-30.447,-22.422
51P.txt,6.465,-52.274,-19.237
231P.txt,5.518,-23.388,-35.356
52P.txt,2.261,-53.73,-19.876
53P.txt,3.966,-54.716,-23.534
34P.txt,-11.868,-29.217,-26.733
137P.txt,15.236,-28.482,-23.262
251P.txt,13.659,-49.207,-38.798
