117P.txt,-10.37,-26.01,59.427
39P.txt,-14.172,-15.986,64.991
176P.txt,-9.477,-11.652,45.219
77P.txt,13.443,-15.513,52.382
160P.txt,-13.436,-18.958,58.789
48P.txt,-10.896,-6.902,56.936
58P.txt,-3.741,-1.191,55.613
170P.txt,-1.959,-11.221,57.189
57P.txt,-4.703,1.142,57.509
43P.txt,-17.803,-12.252,52.8
40P.txt,-17.336,-14.103,61.735
83P.txt,2.983,-26.895,58.985
140P.txt,1.587,-10.82,45.087
51P.txt,-9.902,0.23,53.721
78P.txt,12.706,-18.866,51.263
85P.txt,1.074,-26.74,51.242
84P.txt,2.842,-24.019,54.797
53P.txt,-4.228,-3.296,49.665
135P.txt,-2.338,-6.156,39.607
120P.txt,-6.291,-29.144,57.28
134P.txt,-1.057,-10.968,40.224
136P.txt,-0.74,-2.522,36.55
133P.txt,-0.213,-14.37,36.392
132P.txt,1.931,-11.258,35.808
118P.txt,-8.236,-31.095,62.456
