29P.txt,16.541,19.994,-11.641
28P.txt,11.639,23.052,-6.825
88P.txt,14.609,9.776,-19.543
5P.txt,7.315,12.197,-10.223
94P.txt,-2.761,8.743,-11.035
80P.txt,13.803,15.339,-18.224
83P.txt,18.605,21.026,-23.866
82P.txt,18.468,18.974,-17.799
3P.txt,13.085,8.179,-13.284
86P.txt,18.985,11.312,-21.527
92P.txt,2.043,8.033,-19.143
87P.txt,15.837,10.345,-23.275
2P.txt,10.477,5.389,-10.831
91P.txt,6.28,5.769,-14.278
85P.txt,17.065,14.826,-22.047
84P.txt,21.308,17.91,-23.147
90P.txt,7.547,9.933,-16.651
1P.txt,12.639,3.763,-6.005
26P.txt,7.452,16.203,-8.368
32P.txt,14.209,22.151,-17.574
33P.txt,11.751,22.741,-22.161
31P.txt,16.346,27.722,-17.997
25P.txt,5.617,20.34,-7.811
30P.txt,17.552,25.401,-14.19
