121P.txt,7.976,-84.135,-0.191
122P.txt,10.344,-84.815,2.839
133P.txt,29.292,-87.181,15.149
21P.txt,33.958,-91.123,19.047
276P.txt,0.336,-93.816,-3.515
279P.txt,3.186,-85.058,-5.339
284P.txt,-1.312,-75.853,-12.398
285P.txt,2.669,-80.794,-16.192
330P.txt,17.433,-82.075,-7.095
333P.txt,16.405,-84.208,-12.91
334P.txt,13.444,-84.931,-9.93
335P.txt,10.222,-83.27,-15.424
365P.txt,0.544,-66.557,-22.28
366P.txt,2.196,-61.705,-20.822
369P.txt,6.198,-63.87,-23.068
370P.txt,8.698,-62.159,-19.386
372P.txt,11.246,-65.968,-22.362
373P.txt,12.535,-60.989,-22.517
374P.txt,14.486,-61.125,-18.752
378P.txt,16.214,-62.548,-27.569
381P.txt,17.22,-67.505,-29.881
47P.txt,-3.53,-78.174,17.073
519P.txt,19.179,-55.828,-11.396
527P.txt,6.981,-56.701,-13.955
530P.txt,3.342,-54.903,-10.467
531P.txt,1.941,-58.796,-15.153
534P.txt,-3.268,-56.347,-14.744
535P.txt,-3.724,-59.735,-16.178
56P.txt,13.035,-92.987,35.951
70P.txt,7.204,-90.406,-1.443
71P.txt,10.667,-92.476,-0.965
72P.txt,13.73,-90.636,-4.538
73P.txt,12.733,-94.746,-5.902
74P.txt,15.107,-92.615,-8.999
75P.txt,18.736,-92.796,-10.039
272.txt,1.899,-95.667,1.044
276.txt,0.336,-93.816,-3.515
341.txt,22.127,-88.062,-13.479
342.txt,22.473,-89.998,-16.672
431.txt,27.81,-88.176,-6.498
68.txt,4.701,-93.307,6.991
71.txt,10.667,-92.476,-0.965
72.txt,13.73,-90.636,-4.538
73.txt,12.733,-94.746,-5.902
74.txt,15.107,-92.615,-8.999
75.txt,18.736,-92.796,-10.039
76.txt,18.076,-97.282,-5.956
77.txt,22.397,-96.813,-6.132
78.txt,22.996,-91.756,-6.815
79.txt,24.315,-91.696,-1.595
82.txt,19.129,-92.93,-1.605
85.txt,15.862,-91.153,1.106
86.txt,14.293,-92.436,4.759
90.txt,8.742,-94.661,7.296
