114P.txt,13.295,-15.899,5.96
128P.txt,2.707,-3.421,17.663
117P.txt,13.984,-14.783,11.103
76P.txt,-20.186,-15.612,9.067
75P.txt,-17.372,-12.624,6.186
160P.txt,9.155,-34.82,1.466
175P.txt,-4.577,-17.24,1.943
161P.txt,4.062,-35.647,2.908
74P.txt,-14.321,-17.411,8.703
48P.txt,6.083,-35.034,-7.462
158P.txt,7.136,-39.43,6.078
157P.txt,7.184,-40.533,0.54
182P.txt,-10.093,-7.474,3.655
155P.txt,11.04,-41.636,6.043
69P.txt,-17.571,-20.593,12.433
179P.txt,-10.347,-13.315,3.112
78P.txt,-15.609,-10.84,11.738
46P.txt,12.653,-31.894,-5.431
153P.txt,13.165,-39.274,12.441
34P.txt,5.545,-14.527,-2.284
121P.txt,8.414,-9.365,11.983
35P.txt,8.029,-17.688,0.075
27P.txt,3.673,-5.056,2.344
31P.txt,8.302,-10.908,1.887
24P.txt,4.035,-2.398,9.044
30P.txt,0.303,-8.625,-0.088
