14P.txt,-97.528,80.804,57.439
13P.txt,-97.925,82.712,54.125
12P.txt,-100.128,85.782,51.79
10P.txt,-96.668,80.703,49.24
11P.txt,-96.911,84.415,47.854
49P.txt,-92.09,51.117,67.666
160P.txt,-103.366,74.514,44.518
161P.txt,-103.114,78.9,48.01
158P.txt,-96.474,74.31,45.034
9P.txt,-91.038,80.563,49.876
8P.txt,-92.037,75.82,49.704
155P.txt,-90.421,66.439,44.135
51P.txt,-96.658,52.358,71.069
150P.txt,-90.394,59.609,42.007
151P.txt,-88.067,59.076,38.754
50P.txt,-96.824,51.468,67.099
52P.txt,-95.936,55.317,72.598
153P.txt,-85.985,63.693,41.845
152P.txt,-84.693,59.72,43.118
135P.txt,-109.114,87.094,54.49
134P.txt,-105.024,87.368,54.329
136P.txt,-106.585,80.808,51.93
137P.txt,-110.398,81.575,47.649
133P.txt,-101.928,89.682,57.635
