262P.txt,-0.908,-8.5,-20.127
317P.txt,11.164,-13.665,-14.133
263P.txt,-2.412,-4.475,-22.59
261P.txt,5.329,-8.89,-19.943
249P.txt,-6.299,-4.204,-34.611
248P.txt,-4.769,-1.201,-39.588
260P.txt,1.29,-4.532,-19.437
258P.txt,-0.799,0.888,-21.491
310P.txt,15.315,-8.372,-17.285
305P.txt,8.21,-3.053,-21.456
259P.txt,3.161,-1.157,-21.64
266P.txt,-3.872,-10.567,-24.719
223P.txt,-10.715,-16.464,-18.755
257P.txt,0.182,3.879,-23.318
322P.txt,6.189,-20.566,-6.213
256P.txt,-3.681,3.249,-23.988
320P.txt,6.75,-18.062,-10.813
308P.txt,13.243,-1.904,-18.504
309P.txt,10.746,-5.506,-18.191
321P.txt,2.922,-18.681,-9.431
255P.txt,-3.254,3.018,-28.352
251P.txt,-1.401,-0.543,-32.252
319P.txt,3.183,-14.198,-16.096
318P.txt,4.956,-10.7,-14.425
252P.txt,-6.042,-0.388,-31.295
