16P.txt,58.927,-42.181,25.626
76P.txt,56.763,-23.337,19.145
75P.txt,58.143,-22.463,14.652
60P.txt,60.904,-36.824,7.003
70P.txt,47.815,-22.651,12.175
71P.txt,51.637,-19.564,11.86
67P.txt,43.94,-22.834,13.794
9P.txt,68.064,-34.489,14.72
66P.txt,43.073,-26.824,11.437
72P.txt,52.993,-19.996,17.96
5P.txt,58.989,-31.269,5.84
4P.txt,57.141,-26.9,8.653
68P.txt,42.882,-19.113,15.869
82P.txt,65.691,-30.449,16.401
7P.txt,64.547,-34.282,9.971
69P.txt,47.52,-21.51,17.479
3P.txt,51.985,-28.228,6.037
79P.txt,61.863,-24.657,17.266
2P.txt,51.541,-23.728,8.501
1P.txt,46.577,-25.828,6.949
34P.txt,48.828,-33.826,12.663
36P.txt,52.653,-37.258,8.761
