28P.txt,-2.972,7.79,36.638
89P.txt,-6.494,8.817,20.144
88P.txt,-2.756,8.799,20.249
63P.txt,-8.914,39.139,50.564
60P.txt,-6.849,43.963,49.554
64P.txt,-9.684,39.21,45.263
98P.txt,6.331,18.372,25.637
94P.txt,3.435,9.594,19.682
95P.txt,9.83,10.766,20.938
56P.txt,-2.516,46.938,52.404
83P.txt,11.521,14.01,24.479
97P.txt,9.904,18.699,21.947
96P.txt,7.175,14.104,22.125
92P.txt,-1.219,4.807,17.231
93P.txt,2.614,4.959,20.586
87P.txt,-0.741,5.189,24.448
91P.txt,-5.786,2.83,18.856
85P.txt,6.493,7.528,24.71
90P.txt,-5.628,6.605,17.428
53P.txt,3.586,52.064,52.995
34P.txt,7.672,7.925,28.921
35P.txt,8.754,10.032,31.415
36P.txt,7.205,6.024,34.533
31P.txt,-1.628,9.753,28.627
30P.txt,-1.733,4.637,31.945
