106P.txt,50.238,-26.25,10.36
12P.txt,35.801,-59.867,-2.031
138P.txt,26.408,-44.324,-17.427
76P.txt,24.187,-53.965,0.216
163P.txt,36.569,-35.835,13.0
88P.txt,26.124,-63.033,-12.454
189P.txt,77.621,-46.489,-4.196
228P.txt,68.296,-45.392,-14.931
149P.txt,20.034,-35.999,-2.966
48P.txt,48.674,-54.513,13.414
58P.txt,35.537,-45.529,24.739
206P.txt,68.922,-48.559,3.92
167P.txt,40.328,-39.01,16.815
220P.txt,79.127,-34.468,-15.803
234P.txt,62.433,-52.299,-0.383
142P.txt,22.77,-43.979,-10.448
237P.txt,59.605,-54.634,8.836
83P.txt,22.917,-54.565,-11.153
96P.txt,38.572,-51.069,-3.655
197P.txt,82.644,-53.676,-22.531
193P.txt,80.854,-55.942,-13.461
150P.txt,21.608,-37.002,0.331
192P.txt,77.714,-54.135,-9.287
190P.txt,77.257,-50.818,-4.955
85P.txt,28.213,-52.378,-13.765
147P.txt,26.404,-41.022,-2.899
146P.txt,21.623,-42.453,-4.463
121P.txt,36.874,-49.209,-12.996
120P.txt,39.893,-51.909,-10.781
122P.txt,37.776,-45.293,-10.94
250P.txt,80.749,-46.509,-19.264
