114P.txt,127.819,137.132,275.073
410P.txt,86.928,141.195,294.724
439P.txt,115.367,125.291,285.846
207P.txt,128.288,128.183,278.212
429P.txt,118.418,136.905,257.986
367P.txt,97.554,133.968,267.49
400P.txt,80.065,150.685,286.725
428P.txt,120.033,136.648,263.036
399P.txt,75.453,150.587,287.63
206P.txt,124.043,129.523,282.148
210P.txt,122.236,136.272,275.715
370P.txt,103.949,136.7,271.781
205P.txt,125.166,128.221,285.401
208P.txt,125.745,131.505,277.06
432P.txt,112.501,133.444,265.784
426P.txt,119.166,134.681,268.997
368P.txt,100.558,134.277,268.744
369P.txt,101.433,134.17,272.85
427P.txt,117.757,130.911,264.688
433P.txt,113.514,134.804,270.396
425P.txt,120.221,131.648,271.066
419P.txt,103.006,130.629,280.884
430P.txt,114.544,134.786,261.048
424P.txt,118.973,130.258,275.298
434P.txt,116.149,130.346,270.807
435P.txt,112.333,131.512,274.428
421P.txt,110.059,131.008,279.044
384P.txt,104.914,134.835,277.611
437P.txt,113.038,126.574,281.006
436P.txt,114.317,128.086,278.33
109P.txt,121.537,139.561,267.036
