276P.txt,-29.818,22.068,160.353
261P.txt,-23.479,30.181,155.562
274P.txt,-26.062,25.623,161.444
270P.txt,-16.619,33.919,159.487
259P.txt,-26.396,25.662,155.71
272P.txt,-20.558,29.065,159.291
176P.txt,-11.904,14.144,163.577
77P.txt,-26.581,22.063,152.051
49P.txt,-45.039,-23.143,176.269
174P.txt,-17.374,11.358,167.756
203P.txt,-11.914,27.769,160.482
238P.txt,-48.514,-19.708,172.099
204P.txt,-10.785,30.814,156.058
239P.txt,-46.538,-24.26,170.796
195P.txt,-21.423,27.927,164.46
181P.txt,-13.984,15.315,168.222
194P.txt,-17.311,28.888,163.475
196P.txt,-20.355,23.176,162.935
197P.txt,-15.992,23.376,161.629
183P.txt,-21.507,16.437,167.685
187P.txt,-23.218,24.66,167.154
193P.txt,-16.693,33.409,164.311
179P.txt,-8.834,18.517,165.242
186P.txt,-26.817,23.462,165.395
50P.txt,-43.781,-20.324,174.131
184P.txt,-26.474,14.468,164.989
185P.txt,-25.207,20.406,168.129
191P.txt,-21.284,29.734,171.928
257P.txt,-30.086,19.308,156.114
242P.txt,-51.53,-23.944,165.469
240P.txt,-52.159,-22.711,172.505
