262P.txt,-17.824,33.564,153.742
263P.txt,-19.676,34.968,157.598
270P.txt,-16.619,33.919,159.487
264P.txt,-20.225,38.939,153.646
265P.txt,-16.481,42.241,158.968
271P.txt,-17.061,29.192,154.916
267P.txt,-11.968,41.481,151.047
266P.txt,-15.662,42.829,154.632
201P.txt,-12.36,21.458,153.73
202P.txt,-12.057,25.275,154.996
75P.txt,-24.812,28.97,150.547
74P.txt,-20.957,33.893,148.899
203P.txt,-11.914,27.769,160.482
207P.txt,-13.556,27.554,148.241
70P.txt,-24.698,21.841,143.397
71P.txt,-24.456,25.562,141.867
206P.txt,-10.882,31.75,149.017
204P.txt,-10.785,30.814,156.058
210P.txt,-19.392,23.836,145.366
73P.txt,-19.845,31.977,145.457
72P.txt,-22.724,27.025,145.773
211P.txt,-16.004,23.102,146.437
205P.txt,-11.706,29.511,152.236
208P.txt,-18.005,28.759,143.859
69P.txt,-26.987,23.649,147.124
193P.txt,-16.693,33.409,164.311
178P.txt,-10.553,21.222,161.49
120P.txt,-29.196,-23.292,177.358
268P.txt,-11.612,41.679,156.396
269P.txt,-14.013,36.016,156.522
125P.txt,-31.833,-34.396,183.755
