76P.txt,13.856,11.371,-25.533
61P.txt,9.332,3.718,-37.524
75P.txt,11.388,10.905,-22.93
367P.txt,2.862,-25.491,-9.304
71P.txt,6.744,6.495,-28.417
73P.txt,5.61,6.834,-22.012
371P.txt,6.573,-21.359,-11.141
198P.txt,-14.93,-14.003,-12.749
72P.txt,2.97,7.128,-27.052
220P.txt,12.755,14.211,-11.094
432P.txt,-6.581,-17.124,-16.084
368P.txt,1.389,-22.572,-11.384
369P.txt,3.264,-24.626,-15.719
221P.txt,13.837,17.857,-10.408
223P.txt,14.199,14.249,-6.359
222P.txt,15.599,17.387,-7.055
51P.txt,7.352,9.819,-9.756
434P.txt,-7.196,-17.732,-24.856
78P.txt,20.928,12.485,-22.658
437P.txt,-2.556,-19.911,-32.539
423P.txt,-4.26,-21.284,-22.109
53P.txt,11.636,10.52,-16.283
280P.txt,13.325,-20.555,3.63
281P.txt,11.152,-17.553,1.907
122P.txt,-10.396,-15.763,-17.469
325P.txt,3.332,-29.858,-32.343
246P.txt,20.195,12.568,-14.962
124P.txt,-12.592,-12.077,-11.272
440P.txt,3.366,-19.775,-39.488
326P.txt,2.124,-25.771,-33.933
327P.txt,1.07,-25.733,-29.93
247P.txt,19.283,7.992,-15.84
