313.txt,-24.434,65.809,-9.285
314.txt,-19.337,66.574,-10.949
315.txt,-23.216,66.927,-12.55
352.txt,-17.489,77.804,-11.942
382.txt,-2.786,76.308,-21.057
383.txt,-1.799,74.557,-17.167
385.txt,-7.684,73.715,-16.659
386.txt,-8.209,73.883,-12.35
388.txt,-8.66,73.502,-7.788
392.txt,-3.401,75.397,-5.925
397.txt,-6.473,77.169,-0.262
398.txt,-12.038,75.544,-4.694
399.txt,-12.688,75.463,0.236
400.txt,-16.472,72.867,1.804
460.txt,-29.542,46.513,-25.92
464.txt,-26.125,41.379,-27.681
467.txt,-21.563,40.533,-27.68
471.txt,-18.695,35.752,-26.008
475.txt,-15.917,29.541,-25.057
481.txt,-13.793,26.531,-20.869
482.txt,-10.748,31.051,-20.719
483.txt,-11.671,33.517,-17.516
484.txt,-11.763,36.379,-19.73
485.txt,-10.043,39.758,-19.241
486.txt,-8.12,38.229,-16.665
506.txt,7.056,50.829,-23.905
507.txt,6.475,51.046,-19.103
511.txt,1.455,43.737,-11.944
512.txt,0.214,49.835,-15.897
515.txt,-3.736,45.841,-19.268
516.txt,-2.389,48.222,-21.898
532.txt,-9.719,39.827,-28.02
535.txt,-15.299,41.026,-28.37
536.txt,-10.731,45.444,-26.199
539.txt,-17.483,45.724,-27.327
541.txt,-20.66,51.999,-27.075
542.txt,-19.505,55.305,-22.643
543.txt,-15.952,51.893,-22.63
544.txt,-17.352,48.238,-22.002
545.txt,-18.918,50.328,-18.628
546.txt,-24.21,50.967,-22.242
547.txt,-23.884,55.464,-20.015
548.txt,-28.214,54.695,-19.285
565.txt,-15.089,72.749,-20.231
568.txt,-9.768,71.777,-21.135
569.txt,-8.653,71.831,-24.585
570.txt,-4.793,72.704,-25.681
578.txt,-22.559,63.513,-18.64
580.txt,-16.972,62.731,-23.908
583.txt,-13.492,61.244,-28.684
728.txt,0.269,75.02,-24.984
732.txt,9.358,68.931,-24.33
