359.txt,77.17,-31.098,10.161
363.txt,74.066,-21.383,6.651
365.txt,71.945,-20.471,1.625
390.txt,72.508,-11.017,15.458
391.txt,71.638,-14.632,14.005
392.txt,68.394,-12.89,14.19
395.txt,67.491,-13.266,8.561
426.txt,77.58,-20.565,22.894
436.txt,78.838,-6.033,24.717
482.txt,75.568,-9.01,22.651
484.txt,75.451,-12.199,26.979
485.txt,76.767,-18.101,26.986
486.txt,72.791,-17.393,28.383
487.txt,71.195,-15.821,24.835
488.txt,69.392,-17.03,22.257
489.txt,70.202,-19.233,18.528
491.txt,69.174,-12.614,20.659
492.txt,73.801,-17.16,19.866
494.txt,75.865,-17.483,14.017
