336.txt,-45.848,-0.153,57.409
367.txt,-40.205,-3.362,62.552
372.txt,-49.157,-0.208,70.667
373.txt,-52.311,1.797,74.241
374.txt,-53.522,-0.099,69.344
375.txt,-51.803,-4.994,71.23
377.txt,-52.812,-2.09,77.857
379.txt,-54.751,0.811,83.524
380.txt,-55.223,-4.205,82.712
389.txt,-56.149,-12.69,80.805
391.txt,-53.542,-9.133,76.99
393.txt,-48.823,-8.955,71.606
394.txt,-44.843,-6.915,70.887
395.txt,-46.749,-3.977,67.437
396.txt,-41.419,-6.608,65.389
399.txt,-40.965,-11.581,66.679
414.txt,-48.524,-12.22,79.321
415.txt,-52.057,-15.251,78.61
