125.txt,-17.143,9.352,-23.054
126.txt,-13.916,11.604,-22.269
127.txt,-17.177,14.226,-21.521
154.txt,-7.748,17.567,-18.514
156.txt,-9.502,11.666,-17.788
157.txt,-5.831,14.103,-20.934
158.txt,-2.395,11.856,-17.178
162.txt,-3.578,15.405,-12.935
19.txt,-15.784,1.871,-19.628
20.txt,-12.086,7.146,-19.745
43.txt,-10.518,1.492,-15.621
44.txt,-7.51,1.925,-19.388
45.txt,-9.866,-1.577,-22.109
47.txt,-10.4,-8.462,-22.991
57.txt,-6.178,-2.469,-19.041
59.txt,-2.886,2.334,-15.226
65.txt,6.388,4.21,-12.375
66.txt,2.402,4.696,-13.718
67.txt,1.526,0.993,-13.77
68.txt,-0.138,-1.337,-18.073
70.txt,-2.908,-7.368,-18.012
