138.txt,-2.55,-10.662,7.653
139.txt,0.752,-9.111,7.92
140.txt,3.616,-6.884,8.11
141.txt,6.752,-5.26,9.667
144.txt,7.12,-10.1,12.787
25.txt,-3.393,-15.438,15.161
26.txt,-8.867,-16.947,16.882
27.txt,-8.971,-15.016,12.163
28.txt,-12.337,-13.304,14.081
29.txt,-15.527,-13.267,14.743
30.txt,-18.988,-14.365,13.3
31.txt,-17.734,-18.148,12.115
32.txt,-17.484,-18.986,7.996
35.txt,-14.569,-22.235,10.062
37.txt,-9.239,-19.037,10.231
39.txt,-3.874,-16.037,9.438
42.txt,0.214,-10.726,14.92
43.txt,2.362,-10.145,16.794
44.txt,5.165,-9.061,19.051
79.txt,-7.786,-16.239,26.546
81.txt,-12.912,-17.823,25.395
82.txt,-8.473,-13.034,23.205
83.txt,-8.565,-12.271,18.784
84.txt,-5.325,-10.889,20.902
85.txt,-3.878,-13.023,23.616
