314.txt,-14.745,-36.925,-25.92
315.txt,-16.925,-33.994,-28.211
316.txt,-13.533,-31.482,-28.034
317.txt,-10.899,-34.536,-26.747
318.txt,-7.798,-33.679,-29.217
319.txt,-6.622,-36.726,-32.093
320.txt,-2.509,-35.961,-33.064
367.txt,-4.211,-32.172,-36.567
369.txt,-8.243,-29.567,-33.595
370.txt,-12.058,-27.227,-30.046
372.txt,-16.647,-29.773,-34.739
373.txt,-19.696,-33.673,-34.472
375.txt,-14.504,-33.665,-37.495
401.txt,-22.748,-36.015,-23.398
402.txt,-26.439,-37.237,-22.24
439.txt,-35.388,-26.778,-13.916
493.txt,-25.554,-36.045,-17.337
