110.txt,140.248,365.686,669.792
112.txt,137.455,371.094,666.037
113.txt,141.373,371.134,661.841
115.txt,138.679,377.781,657.761
119.txt,143.554,379.783,650.942
137.txt,151.416,366.123,647.581
138.txt,152.48,363.282,645.113
145.txt,148.597,370.718,653.67
167.txt,133.165,382.799,668.25
168.txt,134.823,378.882,668.466
169.txt,131.916,378.62,672.731
252.txt,142.971,375.046,658.31
255.txt,138.255,373.917,668.714
257.txt,137.461,369.781,672.368
258.txt,138.118,366.038,674.183
68.txt,149.043,363.943,654.795
69.txt,148.691,359.347,658.863
71.txt,145.074,365.845,657.786
72.txt,141.908,364.818,660.31
