114P.txt,82.666,87.364,-0.696
115P.txt,84.523,86.09,2.883
14P.txt,86.536,95.393,9.938
28P.txt,70.828,90.786,-3.762
112P.txt,77.776,81.21,-1.507
107P.txt,66.245,78.029,-9.797
111P.txt,73.942,81.448,-6.228
105P.txt,68.064,80.322,-2.676
110P.txt,73.452,77.784,-2.759
60P.txt,56.68,90.715,4.158
48P.txt,86.266,75.153,7.359
64P.txt,64.698,83.52,11.032
99P.txt,86.603,84.465,8.497
66P.txt,70.06,80.657,15.31
57P.txt,62.674,88.218,3.984
68P.txt,72.643,78.227,18.195
6P.txt,75.738,89.483,-8.788
52P.txt,72.019,80.276,10.099
91P.txt,79.193,94.805,22.117
34P.txt,62.424,84.523,-1.789
109P.txt,71.161,77.271,-7.012
108P.txt,67.568,75.007,-6.423
32P.txt,66.078,85.685,-8.633
119P.txt,89.684,89.851,12.203
