464P.txt,85.397,8.145,-15.45
465P.txt,87.568,11.624,-11.149
467P.txt,84.886,17.446,-16.931
466P.txt,86.459,13.704,-16.432
462P.txt,82.385,11.866,-14.82
463P.txt,81.708,8.014,-14.315
589P.txt,96.702,8.405,4.393
417P.txt,72.5,14.12,-16.233
601P.txt,92.734,4.91,2.107
426P.txt,83.383,7.826,-8.247
427P.txt,85.863,7.665,-5.465
579P.txt,102.599,33.576,-5.342
425P.txt,78.947,7.933,-10.464
418P.txt,70.974,18.357,-17.237
578P.txt,105.813,30.67,-2.436
421P.txt,70.48,12.216,-9.335
580P.txt,100.49,31.238,-7.376
423P.txt,74.312,9.675,-6.695
444P.txt,78.327,5.657,12.034
524P.txt,108.286,8.639,-12.503
494P.txt,96.003,23.013,-17.648
443P.txt,78.047,5.451,16.924
442P.txt,76.843,8.832,14.401
495P.txt,93.374,26.058,-21.523
520P.txt,97.444,16.068,-7.803
468P.txt,81.023,19.331,-19.263
440P.txt,78.921,13.226,14.654
441P.txt,78.973,11.94,18.386
469P.txt,84.943,24.687,-17.735
496P.txt,93.666,32.106,-19.071
