289P.txt,31.25,5.141,21.441
128P.txt,35.697,-8.923,12.324
115P.txt,20.17,-0.475,25.278
277P.txt,47.338,5.91,30.315
288P.txt,33.073,8.512,25.067
116P.txt,21.194,0.314,21.114
215P.txt,37.552,12.705,29.124
200P.txt,27.238,-17.782,14.456
207P.txt,30.477,0.359,15.169
204P.txt,29.946,-8.395,13.33
166P.txt,11.918,-22.108,9.167
205P.txt,28.002,-5.763,14.396
151P.txt,13.18,-16.354,1.316
152P.txt,13.008,-16.522,4.832
280P.txt,48.994,-0.278,30.035
243P.txt,37.532,-2.486,14.339
242P.txt,34.861,3.605,17.639
282P.txt,47.843,2.419,26.286
279P.txt,46.013,2.186,32.263
250P.txt,45.31,2.01,20.969
287P.txt,36.584,9.572,21.382
291P.txt,24.94,4.803,22.652
246P.txt,41.038,2.174,18.507
130P.txt,34.969,-14.458,12.939
131P.txt,39.328,-15.293,12.852
247P.txt,43.161,-1.205,15.122
284P.txt,43.783,8.184,25.761
