114P.txt,-1.391,28.22,36.279
101P.txt,21.393,34.753,32.135
103P.txt,15.034,34.965,38.109
116P.txt,6.386,29.72,41.394
102P.txt,18.568,34.893,35.288
106P.txt,10.947,33.426,37.04
112P.txt,6.059,34.102,37.099
107P.txt,11.205,33.759,32.253
104P.txt,15.188,31.458,35.912
62P.txt,17.434,40.267,23.353
63P.txt,16.859,34.46,24.158
61P.txt,14.43,42.065,20.582
75P.txt,21.446,35.107,22.937
48P.txt,7.754,44.156,19.719
73P.txt,20.759,41.394,19.59
5P.txt,1.147,14.574,30.463
34P.txt,-0.317,26.535,31.51
21P.txt,21.125,24.879,36.312
23P.txt,14.64,24.836,38.085
123P.txt,1.566,18.925,34.921
22P.txt,16.675,22.364,40.122
33P.txt,-0.357,23.188,29.079
118P.txt,2.543,24.153,42.554
125P.txt,-0.792,10.541,37.326
