289P.txt,41.928,13.245,-44.607
15P.txt,25.099,15.224,-17.614
317P.txt,67.964,6.152,-25.808
14P.txt,25.029,15.577,-22.252
472P.txt,91.427,-1.979,-55.664
17P.txt,19.38,13.556,-12.63
274P.txt,39.912,24.621,-27.66
476P.txt,85.332,-4.234,-61.395
305P.txt,49.225,15.818,-49.374
273P.txt,39.93,29.788,-26.613
475P.txt,84.999,-0.367,-59.998
461P.txt,88.388,12.651,-36.816
460P.txt,88.142,16.852,-38.894
306P.txt,48.555,12.687,-48.499
611P.txt,18.366,32.302,-70.233
407P.txt,83.3,5.495,-28.247
599P.txt,18.791,36.809,-64.7
607P.txt,19.276,41.48,-73.476
48P.txt,21.575,19.049,-6.603
415P.txt,79.02,-7.052,-37.977
358P.txt,58.546,-13.689,-32.03
417P.txt,77.746,-9.714,-44.048
577P.txt,30.42,41.572,-53.409
354P.txt,66.702,-14.971,-23.94
355P.txt,62.097,-11.418,-22.929
357P.txt,59.82,-11.815,-28.618
418P.txt,73.775,-9.865,-47.161
356P.txt,58.556,-16.139,-24.591
346P.txt,71.078,-9.843,-33.398
353P.txt,64.257,-16.498,-26.659
93P.txt,12.519,11.016,-21.61
322P.txt,67.627,-2.441,-26.347
23P.txt,28.98,20.277,-3.843
320P.txt,58.629,0.4,-23.407
321P.txt,60.545,-0.795,-26.586
318P.txt,64.767,6.494,-23.685
19P.txt,26.172,14.551,-9.337
483P.txt,76.228,9.076,-65.257
18P.txt,23.936,12.623,-12.614
