289P.txt,-5.838,-72.872,-60.416
316P.txt,-9.043,-89.359,-51.291
317P.txt,-10.043,-91.979,-48.327
115P.txt,-1.252,-32.811,-89.542
315P.txt,-7.373,-87.073,-54.283
116P.txt,-4.243,-35.369,-92.648
138P.txt,-7.414,-23.306,-71.309
206P.txt,-19.41,-43.959,-101.926
210P.txt,-28.106,-34.938,-96.132
66P.txt,-11.858,-32.249,-70.51
4P.txt,-6.483,-106.429,-39.687
6P.txt,-7.744,-100.89,-43.769
141P.txt,-15.382,-21.725,-76.104
7P.txt,-10.309,-97.062,-44.241
3P.txt,-4.083,-109.668,-39.956
145P.txt,-7.541,-30.615,-79.516
2P.txt,-5.464,-110.491,-35.134
20P.txt,-26.112,-89.796,-53.836
120P.txt,-3.591,-23.428,-92.132
21P.txt,-23.051,-88.063,-50.492
295P.txt,-15.34,-60.753,-65.196
297P.txt,-13.28,-59.865,-69.859
320P.txt,-13.442,-91.705,-40.264
309P.txt,-19.461,-70.453,-55.991
137P.txt,-8.531,-25.767,-74.342
296P.txt,-16.282,-63.002,-67.998
318P.txt,-15.8,-91.876,-47.883
291P.txt,-10.973,-73.94,-64.322
19P.txt,-24.023,-88.053,-57.649
118P.txt,-3.517,-28.528,-92.108
24P.txt,-18.17,-85.9,-48.211
290P.txt,-7.567,-74.619,-64.121
