132P.txt,-1.786,-26.311,-22.958
215P.txt,5.538,-26.173,-13.482
218P.txt,9.963,-26.046,-16.949
220P.txt,6.928,-24.302,-21.237
221P.txt,2.76,-24.177,-22.037
35P.txt,-11.329,-27.219,-21.53
36P.txt,-6.47,-27.844,-24.547
37P.txt,-6.078,-27.932,-19.024
38P.txt,-2.434,-24.627,-17.58
132.txt,-1.786,-26.311,-22.958
134.txt,3.554,-28.595,-20.455
215.txt,5.538,-26.173,-13.482
216.txt,9.347,-28.618,-11.332
218.txt,9.963,-26.046,-16.949
220.txt,6.928,-24.302,-21.237
221.txt,2.76,-24.177,-22.037
38.txt,-2.434,-24.627,-17.58
39.txt,-2.881,-29.64,-14.162
