289P.txt,26.219,84.496,19.344
288P.txt,22.561,88.209,19.259
163P.txt,18.658,98.938,7.625
162P.txt,17.396,92.928,7.275
160P.txt,17.884,95.078,14.816
217P.txt,12.763,91.111,3.41
158P.txt,19.516,87.496,15.239
166P.txt,20.023,95.521,3.032
220P.txt,12.517,85.237,9.55
157P.txt,14.515,86.548,14.143
223P.txt,14.28,77.01,13.456
222P.txt,12.949,80.821,15.311
193P.txt,12.162,78.348,5.262
192P.txt,12.872,78.006,10.211
219P.txt,12.5,84.524,6.46
218P.txt,14.912,90.569,10.094
323P.txt,30.709,96.295,10.581
322P.txt,27.069,98.59,11.805
336P.txt,35.022,89.291,-9.207
320P.txt,29.215,94.517,14.121
292P.txt,25.135,88.531,24.599
319P.txt,32.314,92.63,15.045
293P.txt,27.74,88.774,27.401
291P.txt,24.566,92.424,19.745
326P.txt,33.884,97.207,6.533
290P.txt,29.741,89.852,20.62
