316P.txt,-6.23,57.495,63.863
317P.txt,-3.761,60.601,66.827
338P.txt,-5.769,59.488,88.149
311P.txt,-15.775,50.039,75.252
298P.txt,-16.51,75.611,92.418
313P.txt,-11.783,54.231,72.426
299P.txt,-18.453,72.601,90.641
349P.txt,-1.248,60.158,82.532
348P.txt,1.845,56.786,83.822
373P.txt,3.411,54.408,74.398
370P.txt,-2.211,61.087,76.386
354P.txt,-9.108,69.174,80.964
368P.txt,-9.518,62.674,74.905
355P.txt,-12.027,69.864,84.629
394P.txt,1.41,51.221,69.587
342P.txt,0.664,48.175,86.272
391P.txt,-5.831,50.838,76.911
352P.txt,-6.667,65.611,76.364
353P.txt,-10.836,66.236,78.371
347P.txt,0.811,59.167,87.413
351P.txt,-6.915,64.39,81.233
350P.txt,-1.861,64.346,78.945
321P.txt,-12.453,58.14,74.196
