38P.txt,35.18,-8.886,0.205
177P.txt,18.635,6.41,-4.211
176P.txt,15.184,3.552,-3.965
49P.txt,16.023,-10.766,-2.597
75P.txt,1.57,-4.337,17.073
166P.txt,21.814,-8.329,3.076
167P.txt,24.866,-10.204,5.053
156P.txt,30.72,5.889,-1.89
80P.txt,14.319,4.917,22.332
155P.txt,25.349,10.031,-1.789
41P.txt,29.222,-3.887,-3.332
45P.txt,18.076,1.193,-8.982
178P.txt,22.154,8.432,-6.518
179P.txt,20.317,9.147,-1.175
44P.txt,21.436,3.308,-8.885
152P.txt,29.614,10.033,6.262
47P.txt,16.203,-5.905,-6.582
34P.txt,43.797,-15.557,6.864
135P.txt,2.906,5.248,-2.975
134P.txt,6.919,6.22,0.317
37P.txt,36.293,-12.035,1.201
133P.txt,6.148,11.121,1.676
132P.txt,2.476,9.622,1.734
126P.txt,11.689,7.954,5.977
25P.txt,35.085,-32.364,9.97
131P.txt,2.845,12.093,5.718
