274P.txt,-46.922,82.069,-17.076
298P.txt,-60.15,46.342,-14.366
413P.txt,-68.547,56.144,-4.132
410P.txt,-60.871,62.305,-0.14
411P.txt,-62.328,58.289,-1.39
398P.txt,-43.687,77.029,-10.375
400P.txt,-38.179,72.06,-12.636
359P.txt,-51.387,64.267,-1.016
397P.txt,-43.624,76.742,-6.212
426P.txt,-37.315,73.773,-19.967
427P.txt,-36.324,77.206,-23.487
380P.txt,-54.801,68.211,0.857
394P.txt,-52.791,75.684,-9.097
353P.txt,-67.41,55.917,-9.082
409P.txt,-57.418,61.355,0.112
392P.txt,-57.631,73.29,-12.424
351P.txt,-72.458,53.494,-9.403
323P.txt,-52.063,53.06,1.719
322P.txt,-53.854,56.374,2.715
297P.txt,-61.453,46.584,-10.012
320P.txt,-61.224,52.53,-2.338
335P.txt,-41.057,74.846,-16.144
321P.txt,-56.842,53.788,-0.28
319P.txt,-58.078,48.869,-1.955
318P.txt,-58.103,48.037,-6.23
