314P.txt,-7.162,53.677,70.573
338P.txt,-5.769,59.488,88.149
311P.txt,-15.775,50.039,75.252
298P.txt,-16.51,75.611,92.418
313P.txt,-11.783,54.231,72.426
307P.txt,-22.488,53.4,84.223
375P.txt,0.545,48.493,80.454
374P.txt,1.34,50.4,77.346
373P.txt,3.411,54.408,74.398
372P.txt,0.875,55.407,78.568
354P.txt,-9.108,69.174,80.964
368P.txt,-9.518,62.674,74.905
394P.txt,1.41,51.221,69.587
357P.txt,-17.647,68.429,85.109
342P.txt,0.664,48.175,86.272
391P.txt,-5.831,50.838,76.911
347P.txt,0.811,59.167,87.413
392P.txt,-1.228,47.796,75.426
351P.txt,-6.915,64.39,81.233
350P.txt,-1.861,64.346,78.945
323P.txt,-19.841,58.075,76.448
334P.txt,-14.834,68.234,89.912
331P.txt,-24.596,67.046,91.764
