504P.txt,29.58,60.611,117.569
249P.txt,24.497,76.3,102.156
498P.txt,31.863,65.479,105.162
499P.txt,28.893,67.634,110.365
248P.txt,29.19,79.417,101.746
502P.txt,33.293,63.388,110.084
503P.txt,28.101,62.395,112.884
501P.txt,30.118,60.671,106.702
500P.txt,26.607,63.139,108.63
201P.txt,38.621,49.204,44.757
177P.txt,22.437,41.669,68.778
361P.txt,47.624,43.423,58.97
176P.txt,24.328,44.002,71.711
202P.txt,34.731,46.64,45.15
160P.txt,20.092,42.458,74.397
207P.txt,33.707,52.56,52.828
399P.txt,22.735,53.674,111.354
204P.txt,35.461,53.55,47.863
198P.txt,41.591,42.771,41.306
211P.txt,28.353,56.628,55.411
205P.txt,31.71,51.176,47.847
208P.txt,29.542,54.012,51.279
197P.txt,44.736,42.224,43.862
350P.txt,45.871,25.365,45.206
447P.txt,52.379,34.232,54.718
251P.txt,21.1,73.202,104.116
495P.txt,33.006,66.271,99.955
244P.txt,25.252,69.979,96.173
250P.txt,25.828,74.301,106.121
246P.txt,26.419,77.246,98.244
252P.txt,19.226,68.257,106.946
247P.txt,31.391,75.076,99.274
