458P.txt,15.748,37.362,-0.918
459P.txt,18.047,35.43,1.22
275P.txt,14.091,35.578,-17.285
300P.txt,-20.948,62.855,-3.809
462P.txt,18.144,26.752,5.2
461P.txt,18.566,31.629,5.089
460P.txt,22.087,32.841,1.37
367P.txt,9.859,52.975,-2.519
204P.txt,-3.068,74.46,-20.187
73P.txt,-3.07,56.493,-34.617
72P.txt,-4.488,60.25,-34.841
220P.txt,3.896,45.893,-41.61
368P.txt,8.562,55.881,-5.178
221P.txt,3.608,44.631,-46.082
223P.txt,7.616,42.576,-41.993
222P.txt,6.443,41.7,-45.655
434P.txt,1.178,70.11,-10.619
421P.txt,-0.933,61.848,-4.893
437P.txt,-7.37,70.72,-8.136
280P.txt,16.175,37.564,-5.861
444P.txt,-17.681,53.25,-9.533
281P.txt,16.616,40.315,-9.389
283P.txt,10.07,41.207,-12.603
122P.txt,9.348,69.507,-11.838
446P.txt,-16.617,49.096,-12.236
282P.txt,15.165,38.706,-13.493
279P.txt,17.392,35.673,-10.44
325P.txt,-11.106,64.626,1.929
457P.txt,11.83,38.09,-0.302
442P.txt,-19.382,60.046,-7.719
278P.txt,16.286,30.698,-8.82
326P.txt,-11.935,66.551,-3.03
