129P.txt,50.136,4.928,78.981
103P.txt,35.761,22.352,67.537
148P.txt,44.599,21.632,66.331
149P.txt,48.633,20.315,66.225
64P.txt,44.916,7.591,55.028
5P.txt,38.923,17.446,55.585
4P.txt,35.576,21.745,53.914
6P.txt,41.915,19.638,58.049
7P.txt,45.274,16.323,58.069
150P.txt,46.711,22.896,61.722
151P.txt,49.41,17.892,59.477
2P.txt,32.75,17.551,48.924
46P.txt,35.112,20.653,59.268
147P.txt,46.087,22.021,71.468
152P.txt,50.889,18.103,55.731
1P.txt,29.863,18.542,47.97
53P.txt,31.214,31.965,66.063
108P.txt,43.449,30.292,73.987
21P.txt,45.753,1.154,72.776
23P.txt,42.639,-1.971,67.878
36P.txt,56.269,12.651,68.254
22P.txt,45.297,-0.928,70.044
133P.txt,38.043,9.353,79.235
130P.txt,45.648,5.702,81.051
131P.txt,42.665,5.383,78.536
24P.txt,39.102,-1.058,67.591
