114P.txt,19.671,71.905,61.693
128P.txt,15.767,86.007,83.249
117P.txt,10.102,69.763,64.052
116P.txt,9.913,72.364,60.117
112P.txt,13.69,74.575,54.605
113P.txt,17.149,71.604,56.956
62P.txt,14.643,87.023,44.252
48P.txt,24.518,82.085,42.158
73P.txt,14.945,90.474,41.272
6P.txt,19.01,85.023,75.412
45P.txt,30.159,80.736,48.393
46P.txt,25.467,81.042,46.69
47P.txt,25.578,78.351,43.154
34P.txt,21.473,76.458,62.79
121P.txt,10.415,76.156,73.412
109P.txt,17.655,76.541,54.261
35P.txt,21.167,80.591,58.299
37P.txt,26.392,80.747,64.171
22P.txt,2.614,82.211,64.294
126P.txt,16.274,80.627,79.953
33P.txt,22.509,78.85,65.607
118P.txt,12.321,70.854,66.342
125P.txt,13.606,76.136,77.05
119P.txt,12.12,71.716,71.068
