129P.txt,23.839,-11.189,-11.96
115P.txt,3.559,-5.517,-27.706
116P.txt,8.653,-3.131,-29.687
112P.txt,-1.476,-10.225,-19.688
38P.txt,14.962,-0.044,-0.509
139P.txt,4.293,-12.355,-31.225
105P.txt,17.595,-8.472,-11.219
177P.txt,31.367,-13.922,-21.85
163P.txt,0.613,-14.003,-27.678
162P.txt,1.573,-16.424,-25.108
148P.txt,27.703,-7.008,-25.051
203P.txt,24.515,-25.574,-17.489
58P.txt,10.23,-1.937,-6.544
206P.txt,15.611,-25.745,-17.481
212P.txt,0.94,-24.709,-28.269
239P.txt,8.608,-36.134,-31.513
195P.txt,23.426,-22.823,-36.049
80P.txt,18.885,-4.891,-7.406
157P.txt,13.734,-16.17,-15.868
155P.txt,19.513,-16.69,-14.628
82P.txt,12.957,-5.438,-9.686
183P.txt,14.976,-20.961,-16.323
151P.txt,28.116,-13.046,-14.416
153P.txt,27.083,-19.352,-13.998
152P.txt,30.71,-16.441,-14.285
109P.txt,6.914,-10.456,-13.05
36P.txt,18.983,1.191,2.622
130P.txt,19.753,-12.478,-12.101
119P.txt,15.845,-4.027,-30.894
