15P.txt,-49.241,67.346,-216.344
275P.txt,-14.937,60.341,-197.037
270P.txt,-21.075,68.383,-200.078
112P.txt,-46.217,75.934,-220.982
10P.txt,-62.912,75.207,-216.707
11P.txt,-59.691,71.978,-218.091
272P.txt,-18.737,65.187,-193.719
215P.txt,-23.898,47.049,-201.118
62P.txt,-57.6,87.533,-212.71
63P.txt,-55.763,83.97,-215.784
189P.txt,-34.014,67.391,-194.418
56P.txt,-55.683,93.149,-219.639
194P.txt,-29.853,59.079,-200.866
237P.txt,-22.683,79.08,-205.344
223P.txt,-20.348,57.949,-207.256
232P.txt,-27.069,71.025,-207.796
51P.txt,-54.106,78.436,-222.728
231P.txt,-23.158,70.68,-211.301
52P.txt,-56.209,83.187,-222.992
47P.txt,-50.705,76.033,-218.497
224P.txt,-25.421,59.413,-208.411
281P.txt,-18.092,52.071,-201.258
240P.txt,-25.468,84.968,-203.982
123P.txt,-50.142,92.584,-221.03
22P.txt,-36.05,64.806,-208.483
241P.txt,-20.838,84.879,-206.289
244P.txt,-24.987,89.972,-203.711
278P.txt,-14.664,56.323,-199.685
119P.txt,-48.879,85.734,-223.83
