101P.txt,46.296,1.994,6.297
115P.txt,38.94,-0.075,14.357
103P.txt,42.361,3.058,10.933
117P.txt,39.537,-0.4,7.278
61P.txt,50.623,5.275,15.049
60P.txt,53.668,4.585,12.815
70P.txt,27.159,16.259,20.232
71P.txt,23.743,16.181,20.486
67P.txt,35.394,15.524,15.97
98P.txt,52.129,2.936,-2.873
99P.txt,50.21,0.599,0.014
156P.txt,35.651,-3.221,19.528
80P.txt,30.247,14.901,7.142
157P.txt,31.399,-4.914,24.207
56P.txt,63.836,3.785,7.041
68P.txt,33.666,15.575,20.218
54P.txt,55.343,1.586,5.941
155P.txt,30.735,-5.063,16.183
154P.txt,36.1,-3.97,14.223
55P.txt,58.317,3.088,8.23
69P.txt,29.492,14.827,17.637
79P.txt,29.257,13.383,10.923
150P.txt,38.437,-3.947,-0.334
78P.txt,23.558,11.167,7.564
52P.txt,48.755,3.145,8.946
152P.txt,39.048,-5.443,8.837
119P.txt,44.348,-1.699,2.564
