28P.txt,45.79,20.449,33.009
76P.txt,31.542,10.219,41.577
200P.txt,53.352,12.934,27.109
149P.txt,56.098,12.285,47.649
213P.txt,42.262,-0.042,43.77
165P.txt,51.628,3.478,52.212
170P.txt,40.732,7.013,46.463
164P.txt,54.338,1.458,48.976
158P.txt,58.672,2.785,34.327
73P.txt,36.725,20.179,46.71
199P.txt,54.937,9.324,28.144
166P.txt,50.83,5.319,55.66
167P.txt,44.931,5.337,53.765
72P.txt,37.27,21.292,42.903
195P.txt,52.111,16.776,28.454
157P.txt,61.604,7.6,31.975
196P.txt,54.292,17.823,32.048
155P.txt,59.138,9.374,34.42
169P.txt,45.415,9.439,47.79
154P.txt,55.299,8.161,36.189
55P.txt,37.022,15.57,17.451
51P.txt,31.108,3.966,18.411
150P.txt,55.813,9.244,43.29
153P.txt,57.649,13.499,41.326
152P.txt,52.883,14.048,42.517
21P.txt,44.033,9.171,16.068
35P.txt,39.489,13.772,38.346
31P.txt,43.97,23.186,40.872
