2200P.txt,28.031,3.489,67.234
2215P.txt,22.872,4.062,61.229
2201P.txt,28.466,6.913,62.482
2229P.txt,35.854,18.302,47.718
2203P.txt,26.418,10.951,58.02
2174P.txt,21.555,12.475,27.269
2202P.txt,29.75,6.814,58.533
2206P.txt,29.564,6.251,49.595
2198P.txt,29.436,10.248,65.394
2199P.txt,29.101,7.082,68.668
2316P.txt,24.22,20.013,58.797
2312P.txt,23.735,27.114,51.155
2267P.txt,43.289,15.806,35.916
2254P.txt,15.774,18.327,57.952
2250P.txt,17.069,12.495,60.933
2251P.txt,14.462,10.663,64.066
2195P.txt,34.424,11.075,56.165
2220P.txt,27.2,15.117,57.51
2222P.txt,33.897,16.539,59.971
2197P.txt,32.801,10.633,61.927
2196P.txt,30.383,13.754,60.91
2223P.txt,33.216,21.035,59.03
2226P.txt,32.332,27.198,51.796
2224P.txt,29.226,22.59,57.838
2191P.txt,35.786,11.271,46.878
