263P.txt,-47.011,-21.881,56.218
249P.txt,-43.203,-13.908,66.862
248P.txt,-39.793,-14.534,70.65
274P.txt,-60.603,-10.011,58.584
264P.txt,-46.508,-17.358,59.666
489P.txt,-26.944,3.863,41.583
488P.txt,-30.762,6.042,40.403
271P.txt,-56.286,-10.857,61.363
529P.txt,-37.122,10.39,35.655
267P.txt,-52.5,-14.933,61.355
139P.txt,-57.141,-7.946,77.483
266P.txt,-51.609,-19.326,54.513
412P.txt,-53.817,-8.397,66.518
405P.txt,-64.572,-7.437,69.006
71P.txt,-50.113,7.642,36.364
67P.txt,-54.989,10.124,38.608
66P.txt,-56.96,7.749,42.666
357P.txt,-59.784,2.274,47.905
342P.txt,-46.221,-9.987,34.151
408P.txt,-58.759,-6.752,71.121
346P.txt,-49.551,-7.542,37.865
409P.txt,-59.596,-6.618,66.104
350P.txt,-55.146,-4.977,42.636
525P.txt,-35.8,6.103,29.243
519P.txt,-43.641,-3.347,31.866
135P.txt,-54.066,-7.271,72.183
492P.txt,-28.666,2.86,36.116
518P.txt,-45.232,0.188,29.726
532P.txt,-34.191,11.768,40.363
136P.txt,-51.158,-7.2,75.826
241P.txt,-42.277,-7.995,77.501
255P.txt,-36.326,-21.612,63.956
245P.txt,-43.248,-10.958,72.552
252P.txt,-39.552,-19.264,67.203
496P.txt,-28.844,2.779,30.357
