315P.txt,-0.701,41.442,54.6
329P.txt,8.955,20.173,66.556
112P.txt,0.783,37.608,42.078
113P.txt,6.261,35.339,46.152
110P.txt,4.2,39.354,49.748
201P.txt,10.891,6.798,22.841
361P.txt,-6.579,-2.641,53.895
360P.txt,-10.772,-2.819,51.389
389P.txt,-13.26,6.732,52.883
438P.txt,15.165,31.205,46.582
358P.txt,-6.594,-7.215,53.769
397P.txt,0.262,20.393,60.363
354P.txt,-6.745,-2.547,60.171
382P.txt,-19.44,0.673,43.943
223P.txt,2.917,6.675,27.881
419P.txt,7.25,36.558,53.145
356P.txt,-4.433,-9.629,59.86
381P.txt,-16.782,1.07,47.875
420P.txt,8.268,37.908,57.812
352P.txt,-6.884,2.04,58.817
421P.txt,12.722,40.684,56.578
390P.txt,-9.399,6.68,53.018
379P.txt,-15.585,-5.908,51.481
351P.txt,-5.913,7.462,59.403
344P.txt,3.721,16.251,60.248
378P.txt,-16.198,-6.989,47.724
109P.txt,1.336,42.926,48.404
309P.txt,17.01,35.36,55.072
319P.txt,1.618,44.062,58.594
318P.txt,-0.72,45.898,56.318
327P.txt,3.577,22.831,66.26
