140P.txt,36.006,-14.028,-36.459
143P.txt,41.803,-12.5,-29.758
144P.txt,41.216,-8.379,-28.102
175P.txt,32.799,-8.237,-44.455
176P.txt,33.128,-4.248,-44.706
177P.txt,35.515,-2.974,-47.018
200P.txt,34.794,0.024,-32.625
201P.txt,37.26,-6.148,-33.471
202P.txt,34.796,-5.012,-37.916
203P.txt,34.456,-9.628,-34.75
204P.txt,32.97,-10.021,-39.367
205P.txt,34.657,-12.3,-42.828
214P.txt,37.588,1.157,-49.685
218P.txt,36.779,5.196,-52.065
144.txt,41.216,-8.379,-28.102
147.txt,42.499,-5.129,-33.276
148.txt,45.789,-3.061,-29.117
151.txt,46.022,-0.688,-33.308
155.txt,50.141,3.93,-32.866
191.txt,48.051,11.728,-32.085
193.txt,47.149,7.618,-29.784
194.txt,43.713,10.432,-31.446
197.txt,40.006,7.927,-30.134
198.txt,36.762,6.99,-32.084
199.txt,38.86,1.757,-33.562
200.txt,34.794,0.024,-32.625
201.txt,37.26,-6.148,-33.471
203.txt,34.456,-9.628,-34.75
