29P.txt,36.325,-38.235,57.674
129P.txt,25.921,-15.707,55.966
16P.txt,16.388,-46.296,71.751
10P.txt,35.005,-44.736,70.221
38P.txt,43.04,-39.102,60.107
39P.txt,39.514,-43.124,59.597
11P.txt,32.39,-43.862,73.256
76P.txt,23.054,-51.425,60.591
63P.txt,43.248,-35.844,50.039
61P.txt,49.771,-31.464,49.831
74P.txt,18.721,-53.256,64.75
71P.txt,20.766,-48.278,57.336
73P.txt,18.026,-52.88,59.494
8P.txt,35.408,-39.394,66.978
66P.txt,33.674,-36.585,53.26
80P.txt,33.291,-51.665,59.666
42P.txt,30.18,-39.702,63.621
40P.txt,37.395,-39.182,61.405
54P.txt,30.72,-39.363,48.486
140P.txt,31.691,-24.48,57.093
7P.txt,31.821,-39.955,70.594
79P.txt,29.644,-52.104,60.852
92P.txt,39.71,-44.945,37.331
93P.txt,35.572,-39.249,36.175
78P.txt,28.041,-52.743,64.956
2P.txt,18.302,-50.884,68.476
37P.txt,45.029,-41.698,56.319
32P.txt,47.323,-38.075,51.755
18P.txt,13.417,-40.854,67.376
30P.txt,38.753,-41.624,55.003
