459P.txt,25.969,21.941,78.919
275P.txt,26.565,9.277,65.884
300P.txt,-11.417,29.361,51.31
61P.txt,-1.321,7.839,34.402
75P.txt,11.895,0.005,38.523
60P.txt,2.255,6.744,34.887
203P.txt,12.462,29.367,36.418
367P.txt,17.185,29.955,64.315
206P.txt,4.497,26.072,37.045
72P.txt,12.131,8.996,35.296
208P.txt,1.534,20.008,39.549
57P.txt,3.441,1.031,43.05
432P.txt,17.595,32.263,49.295
368P.txt,16.724,29.486,60.548
221P.txt,23.821,-7.681,40.734
83P.txt,12.469,-11.503,54.351
45P.txt,28.331,-11.146,53.929
51P.txt,24.344,2.863,42.332
44P.txt,30.05,-14.709,51.94
53P.txt,17.317,-1.094,41.919
280P.txt,25.529,18.202,73.047
492P.txt,31.054,-14.084,45.441
281P.txt,25.99,17.773,69.133
491P.txt,28.463,-11.543,47.509
282P.txt,25.37,14.213,67.563
279P.txt,27.865,14.878,71.598
325P.txt,-4.358,35.838,56.554
457P.txt,20.551,21.835,76.016
278P.txt,27.799,11.729,75.259
246P.txt,15.265,-8.593,47.198
440P.txt,-8.158,30.196,48.468
247P.txt,14.021,-4.268,48.756
