510P.txt,30.432,-49.776,26.83
458P.txt,29.009,-60.643,23.517
459P.txt,28.187,-56.237,26.399
539P.txt,49.655,-46.735,30.389
499P.txt,42.141,-36.504,49.554
506P.txt,37.443,-42.466,37.049
489P.txt,32.429,-46.145,21.836
488P.txt,30.518,-41.16,21.864
501P.txt,47.419,-31.64,45.186
448P.txt,41.841,-51.219,35.543
544P.txt,41.095,-62.031,27.528
540P.txt,47.274,-50.793,27.68
542P.txt,43.589,-56.632,27.702
525P.txt,46.112,-41.217,23.991
492P.txt,35.008,-38.551,30.958
486P.txt,34.385,-42.307,18.468
444P.txt,49.557,-41.258,37.929
450P.txt,35.41,-55.889,33.366
487P.txt,34.627,-38.564,21.496
491P.txt,32.265,-41.638,29.542
446P.txt,46.868,-46.27,37.0
452P.txt,32.222,-62.754,31.778
453P.txt,28.012,-59.706,35.948
457P.txt,27.152,-64.933,26.992
456P.txt,27.768,-59.905,29.523
508P.txt,32.04,-46.61,31.052
497P.txt,39.671,-31.589,44.756
454P.txt,26.214,-62.915,34.723
455P.txt,25.06,-62.138,30.381
