539P.txt,94.382,79.286,-5.058
513P.txt,97.068,87.648,9.302
499P.txt,91.722,97.07,-1.545
506P.txt,87.45,83.96,8.603
501P.txt,93.964,92.706,0.975
500P.txt,94.651,93.671,-2.123
638P.txt,76.549,52.423,26.155
613P.txt,92.104,28.943,17.934
617P.txt,95.874,32.293,9.473
616P.txt,95.587,32.952,15.046
629P.txt,80.76,53.697,22.607
632P.txt,76.457,46.499,22.186
637P.txt,74.077,49.092,23.531
635P.txt,73.231,48.49,17.37
621P.txt,95.467,35.879,19.421
620P.txt,97.987,36.959,15.618
646P.txt,72.646,50.491,27.719
644P.txt,80.108,46.29,32.545
645P.txt,76.65,46.679,27.652
641P.txt,85.101,52.834,30.716
640P.txt,80.914,51.127,29.751
642P.txt,83.594,50.366,33.846
497P.txt,87.928,91.879,0.845
483P.txt,92.147,93.614,9.401
496P.txt,84.142,94.273,0.492
643P.txt,84.904,47.077,29.573
