275P.txt,84.806,-44.563,-2.079
274P.txt,82.714,-46.638,-6.476
139P.txt,26.585,-46.582,-13.647
138P.txt,26.408,-44.324,-17.427
229P.txt,66.525,-49.77,-12.21
188P.txt,75.439,-48.209,0.324
202P.txt,72.777,-50.869,-7.148
48P.txt,48.674,-54.513,13.414
206P.txt,68.922,-48.559,3.92
204P.txt,71.234,-49.924,-1.674
8P.txt,43.111,-47.983,2.897
234P.txt,62.433,-52.299,-0.383
142P.txt,22.77,-43.979,-10.448
194P.txt,78.119,-56.237,-16.545
235P.txt,58.766,-52.578,3.265
237P.txt,59.605,-54.634,8.836
83P.txt,22.917,-54.565,-11.153
236P.txt,61.886,-53.537,6.183
232P.txt,58.267,-49.727,-5.712
193P.txt,80.854,-55.942,-13.461
86P.txt,23.83,-55.929,-16.253
192P.txt,77.714,-54.135,-9.287
231P.txt,63.184,-49.668,-6.961
190P.txt,77.257,-50.818,-4.955
85P.txt,28.213,-52.378,-13.765
84P.txt,23.799,-50.122,-10.408
191P.txt,81.142,-51.494,-9.051
21P.txt,37.772,-61.449,3.084
242P.txt,64.561,-50.67,2.093
27P.txt,47.954,-47.166,6.937
244P.txt,67.555,-50.382,-6.183
