114P.txt,-11.554,-6.142,62.946
101P.txt,-4.886,-15.768,25.582
14P.txt,-7.631,-13.291,65.239
16P.txt,-8.859,-15.262,60.444
17P.txt,-4.773,-19.21,60.427
13P.txt,-10.097,-11.562,62.704
106P.txt,-6.98,-4.571,36.925
113P.txt,-7.847,-6.765,61.844
11P.txt,-12.533,-9.248,56.687
89P.txt,1.806,-5.636,57.904
88P.txt,-0.884,-8.307,60.137
61P.txt,10.655,-12.046,51.739
75P.txt,-12.398,-23.215,37.397
58P.txt,7.191,-15.123,41.985
5P.txt,-17.47,-11.731,40.68
6P.txt,-16.471,-7.883,42.305
7P.txt,-15.475,-7.991,46.196
55P.txt,4.572,-23.844,35.719
3P.txt,-15.783,-9.404,33.005
91P.txt,-3.655,-3.694,55.7
1P.txt,-12.511,-7.564,28.273
53P.txt,4.911,-20.443,30.466
26P.txt,-16.727,-14.12,34.434
24P.txt,-13.525,-15.274,41.462
