1P.txt,66.277,-4.008,31.238
105P.txt,70.552,0.407,17.009
108P.txt,72.069,0.051,22.791
109P.txt,70.354,5.832,23.34
110P.txt,66.921,4.341,26.356
111P.txt,71.9,1.011,27.734
112P.txt,74.399,4.479,26.821
113P.txt,71.402,6.219,29.665
2P.txt,65.869,-0.585,28.167
26P.txt,55.217,4.532,11.323
3P.txt,70.07,-5.714,28.074
33P.txt,68.662,12.388,22.837
36P.txt,65.128,8.617,24.401
4P.txt,66.618,-7.827,29.064
45P.txt,52.392,0.607,18.955
48P.txt,51.656,-4.309,19.607
52P.txt,47.827,-7.986,14.84
64P.txt,53.523,-9.624,26.857
72P.txt,58.237,-0.972,34.03
73P.txt,62.036,1.155,32.155
74P.txt,60.017,4.263,30.283
75P.txt,58.299,4.281,34.751
89P.txt,51.799,9.191,13.155
22.txt,55.114,-8.22,6.348
23.txt,54.646,-4.731,6.625
26.txt,55.217,4.532,11.323
38.txt,58.752,9.408,22.045
41.txt,56.365,5.712,23.889
44.txt,56.651,-0.359,22.424
45.txt,52.392,0.607,18.955
46.txt,54.598,-0.011,15.511
48.txt,51.656,-4.309,19.607
49.txt,51.79,-4.591,14.18
52.txt,47.827,-7.986,14.84
53.txt,50.372,-9.144,10.819
55.txt,49.258,-15.884,15.316
64.txt,53.523,-9.624,26.857
67.txt,55.86,-4.337,26.424
68.txt,56.574,-6.08,30.923
71.txt,56.252,-0.246,29.812
72.txt,58.237,-0.972,34.03
75.txt,58.299,4.281,34.751
88.txt,54.575,8.008,15.536
89.txt,51.799,9.191,13.155
93.txt,56.823,3.519,6.628
