1P.txt,-1.119,-15.129,58.147
13P.txt,-13.622,-7.022,53.209
15P.txt,-14.38,0.53,52.732
17P.txt,-10.923,5.986,52.148
19P.txt,-4.7,3.364,48.917
2P.txt,-0.324,-11.104,55.15
20P.txt,-1.902,2.475,51.764
21P.txt,0.77,3.804,54.22
3P.txt,-5.101,-10.511,55.602
4P.txt,-8.378,-8.71,52.914
40P.txt,-1.484,-2.606,53.7
41P.txt,-5.213,0.279,52.226
42P.txt,-4.847,-4.344,48.375
43P.txt,-8.319,-2.33,47.304
44P.txt,-9.731,1.341,48.205
47P.txt,-3.83,-7.598,53.327
58P.txt,-12.57,-12.836,52.893
59P.txt,-13.273,-15.999,54.211
64P.txt,-23.014,-13.135,50.898
65P.txt,-21.759,-8.774,52.859
14.txt,-13.351,-3.443,58.641
15.txt,-14.38,0.53,52.732
17.txt,-10.923,5.986,52.148
18.txt,-6.124,7.683,53.34
19.txt,-4.7,3.364,48.917
22.txt,-4.133,3.554,56.676
24.txt,-9.388,2.684,59.895
27.txt,-6.849,2.464,64.508
42.txt,-4.847,-4.344,48.375
43.txt,-8.319,-2.33,47.304
44.txt,-9.731,1.341,48.205
45.txt,-9.259,-2.869,52.185
7.txt,-17.129,-7.981,60.761
