103P.txt,-96.451,60.806,63.842
105P.txt,-96.715,65.608,71.289
12P.txt,-100.128,85.782,51.79
120P.txt,-82.741,67.856,59.445
126P.txt,-97.698,67.046,55.982
128P.txt,-100.546,71.626,57.522
129P.txt,-97.796,76.417,53.579
133P.txt,-101.928,89.682,57.635
134P.txt,-105.024,87.368,54.329
135P.txt,-109.114,87.094,54.49
136P.txt,-106.585,80.808,51.93
137P.txt,-110.398,81.575,47.649
14P.txt,-97.528,80.804,57.439
143P.txt,-103.301,74.011,51.997
144P.txt,-101.752,70.048,52.513
16P.txt,-96.137,76.145,61.181
18P.txt,-97.979,69.816,64.265
19P.txt,-96.328,65.799,63.1
2P.txt,-83.69,62.305,54.327
25P.txt,-82.672,65.207,62.641
4P.txt,-82.174,67.372,50.008
41P.txt,-73.876,65.703,72.06
42P.txt,-75.176,64.464,68.12
43P.txt,-77.953,65.764,65.154
1.txt,-86.575,57.567,55.261
118.txt,-82.965,73.633,62.082
120.txt,-82.741,67.856,59.445
149.txt,-89.215,59.455,46.397
152.txt,-84.693,59.72,43.118
153.txt,-85.985,63.693,41.845
154.txt,-86.63,64.544,46.824
2.txt,-83.69,62.305,54.327
25.txt,-82.672,65.207,62.641
27.txt,-79.352,70.944,65.268
4.txt,-82.174,67.372,50.008
42.txt,-75.176,64.464,68.12
43.txt,-77.953,65.764,65.154
5.txt,-86.005,70.504,48.994
6.txt,-85.837,73.284,51.896
