136P.txt,50.836,67.042,7.81
137P.txt,47.019,62.645,5.562
173P.txt,42.739,40.456,19.97
175P.txt,40.675,44.757,25.421
198P.txt,39.007,75.263,-7.056
199P.txt,42.308,76.428,-6.294
200P.txt,43.787,78.821,-9.232
201P.txt,48.477,77.07,-9.314
203P.txt,52.403,77.348,-12.528
207P.txt,55.098,76.022,-7.444
209P.txt,50.841,74.088,-5.211
211P.txt,44.673,74.464,-2.677
219P.txt,35.427,68.887,-5.311
220P.txt,32.26,68.635,-8.524
221P.txt,34.641,70.196,-10.817
222P.txt,35.534,73.688,-10.105
223P.txt,32.528,74.238,-7.437
225P.txt,29.705,71.072,-3.272
248P.txt,56.872,68.169,5.714
250P.txt,51.427,72.579,0.057
261P.txt,43.883,86.202,-16.982
262P.txt,40.168,82.556,-14.564
263P.txt,37.503,83.794,-12.834
264P.txt,35.545,86.791,-17.494
269P.txt,30.541,84.148,-6.841
271P.txt,27.151,81.23,-2.499
311P.txt,14.093,82.338,-6.076
313P.txt,19.482,87.505,-3.872
53P.txt,32.8,43.248,28.218
77P.txt,33.287,43.84,20.565
78P.txt,36.613,42.762,19.054
80P.txt,38.147,41.505,15.553
277.txt,17.759,84.546,10.603
279.txt,22.381,90.434,11.824
281.txt,28.218,94.402,12.222
282.txt,30.514,92.558,9.249
284.txt,37.156,90.537,8.676
307.txt,14.741,86.404,5.271
314.txt,16.17,90.967,1.588
320.txt,33.14,98.533,0.452
335.txt,36.456,95.434,6.91
337.txt,30.169,97.217,5.599
339.txt,23.899,96.817,7.731
340.txt,22.425,94.486,9.474
341.txt,20.808,93.845,4.725
342.txt,18.283,90.228,8.321
365.txt,30.783,90.23,12.462
367.txt,23.904,89.546,16.114
369.txt,17.29,87.291,15.464
