111P.txt,-57.841,-26.145,82.087
112P.txt,-59.346,-22.012,82.909
115P.txt,-55.137,-20.556,84.627
117P.txt,-53.6,-12.777,72.678
12P.txt,-66.526,-20.819,158.902
13P.txt,-63.116,-22.812,155.189
14P.txt,-66.226,-22.1,152.568
15P.txt,-65.667,-24.61,149.158
16P.txt,-66.43,-22.615,145.528
17P.txt,-69.263,-22.426,142.212
171P.txt,-41.769,-20.369,70.199
173P.txt,-42.538,-21.364,76.484
177P.txt,-55.68,-22.647,74.326
18P.txt,-66.576,-17.373,138.961
239P.txt,-43.469,-26.658,75.26
240P.txt,-40.49,-26.154,72.306
258P.txt,-55.123,-17.74,74.349
259P.txt,-48.221,-18.119,76.704
260P.txt,-50.261,-20.831,80.035
261P.txt,-48.45,-17.146,81.877
30P.txt,-78.594,-34.37,128.966
31P.txt,-79.097,-29.324,130.0
319P.txt,-66.537,-22.775,131.532
320P.txt,-68.389,-22.933,135.175
321P.txt,-73.924,-24.969,135.091
323P.txt,-75.095,-20.71,139.888
324P.txt,-77.449,-17.883,140.775
325P.txt,-74.946,-16.348,145.033
326P.txt,-78.869,-17.602,146.686
69P.txt,-62.019,-14.488,77.626
70P.txt,-61.515,-17.333,74.838
84P.txt,-56.656,-14.412,86.015
131.txt,-62.487,-13.798,51.916
133.txt,-63.439,-9.388,55.164
134.txt,-66.182,-11.51,56.785
135.txt,-69.549,-11.498,58.261
136.txt,-72.62,-11.758,60.69
137.txt,-77.017,-9.975,59.983
140.txt,-73.15,-7.0,65.092
143.txt,-75.18,-2.764,62.603
144.txt,-71.543,-3.53,60.69
145.txt,-71.677,-6.641,59.729
153.txt,-66.892,-16.907,58.238
155.txt,-64.741,-17.147,52.1
156.txt,-65.502,-17.325,47.343
158.txt,-62.641,-15.738,42.906
189.txt,-77.219,-22.882,48.621
190.txt,-74.973,-21.341,53.099
193.txt,-72.369,-19.165,48.296
194.txt,-69.852,-19.291,51.558
226.txt,-78.358,-17.068,61.543
