101P.txt,11.45,16.94,-10.738
102P.txt,11.97,16.98,-6.663
132P.txt,6.45,15.721,-7.809
14P.txt,25.029,15.577,-22.252
17P.txt,19.38,13.556,-12.63
18P.txt,23.936,12.623,-12.614
31P.txt,30.02,31.101,-12.547
316P.txt,66.632,2.904,-26.738
317P.txt,67.964,6.152,-25.808
319P.txt,62.842,3.576,-24.124
320P.txt,58.629,0.4,-23.407
322P.txt,67.627,-2.441,-26.347
345P.txt,69.552,-5.284,-32.173
346P.txt,71.078,-9.843,-33.398
347P.txt,67.651,-10.129,-30.494
350P.txt,66.698,-13.241,-35.421
352P.txt,64.084,-12.661,-27.253
353P.txt,64.257,-16.498,-26.659
354P.txt,66.702,-14.971,-23.94
355P.txt,62.097,-11.418,-22.929
36P.txt,28.483,37.869,-20.274
381P.txt,73.772,-3.983,-34.987
405P.txt,74.632,3.343,-29.974
406P.txt,78.562,3.628,-28.255
407P.txt,83.3,5.495,-28.247
414P.txt,77.697,-3.275,-37.129
415P.txt,79.02,-7.052,-37.977
436P.txt,80.989,2.253,-36.994
503P.txt,71.644,18.684,-65.11
504P.txt,67.563,20.042,-64.707
513P.txt,65.52,16.968,-70.554
516P.txt,61.633,22.207,-70.726
517P.txt,60.348,21.617,-76.068
56P.txt,23.556,36.307,-11.866
60P.txt,23.437,38.396,-18.99
72P.txt,17.11,17.76,-7.414
92P.txt,14.592,14.622,-20.125
93P.txt,12.519,11.016,-21.61
99P.txt,11.93,17.622,-16.537
101.txt,11.45,16.94,-10.738
102.txt,11.97,16.98,-6.663
104.txt,10.873,19.432,-2.511
106.txt,14.013,17.157,3.377
129.txt,7.353,17.006,-16.047
132.txt,6.45,15.721,-7.809
145.txt,-0.599,24.398,-26.108
153.txt,3.297,18.359,-27.283
154.txt,2.995,15.567,-23.347
155.txt,1.545,20.344,-21.617
156.txt,2.528,17.731,-17.618
158.txt,0.355,17.492,-12.496
159.txt,1.444,17.529,-7.865
162.txt,-1.066,21.964,-1.929
72.txt,17.11,17.76,-7.414
93.txt,12.519,11.016,-21.61
96.txt,9.079,16.458,-21.634
99.txt,11.93,17.622,-16.537
