100P.txt,8.694,-26.652,-0.144
101P.txt,5.215,-27.229,-2.705
102P.txt,9.702,-27.956,-4.276
103P.txt,13.458,-27.308,-5.583
104P.txt,14.998,-26.585,1.169
105P.txt,20.305,-25.624,-1.614
106P.txt,21.454,-23.818,1.34
107P.txt,16.812,-21.551,2.703
112P.txt,8.149,-24.964,-11.487
114P.txt,4.698,-24.537,-16.159
116P.txt,6.801,-22.112,-21.616
141P.txt,28.573,-25.995,-9.206
142P.txt,24.167,-27.271,-7.314
143P.txt,20.102,-30.159,-5.845
146P.txt,20.132,-30.841,-13.437
147P.txt,15.827,-30.123,-11.009
149P.txt,19.29,-26.653,-17.47
177P.txt,9.547,-23.346,-18.093
179P.txt,12.301,-22.423,-10.987
185P.txt,13.902,-22.049,7.31
98P.txt,9.418,-28.195,5.312
99P.txt,6.408,-26.41,3.563
116.txt,6.801,-22.112,-21.616
117.txt,5.789,-16.246,-19.403
118.txt,8.619,-13.035,-22.098
119.txt,13.043,-11.387,-17.7
154.txt,17.866,-12.462,-12.268
155.txt,20.353,-11.921,-15.71
156.txt,17.69,-12.462,-18.368
157.txt,20.353,-14.452,-19.457
168.txt,22.065,-16.17,-33.51
170.txt,17.243,-11.57,-29.094
171.txt,17.06,-13.648,-24.856
172.txt,14.332,-10.165,-25.146
173.txt,12.069,-11.002,-28.288
174.txt,13.42,-16.09,-26.206
175.txt,9.364,-17.977,-24.123
