135P.txt,-54.066,-7.271,72.183
136P.txt,-51.158,-7.2,75.826
139P.txt,-57.141,-7.946,77.483
241P.txt,-42.277,-7.995,77.501
245P.txt,-43.248,-10.958,72.552
248P.txt,-39.793,-14.534,70.65
249P.txt,-43.203,-13.908,66.862
252P.txt,-39.552,-19.264,67.203
255P.txt,-36.326,-21.612,63.956
263P.txt,-47.011,-21.881,56.218
264P.txt,-46.508,-17.358,59.666
266P.txt,-51.609,-19.326,54.513
267P.txt,-52.5,-14.933,61.355
271P.txt,-56.286,-10.857,61.363
274P.txt,-60.603,-10.011,58.584
342P.txt,-46.221,-9.987,34.151
346P.txt,-49.551,-7.542,37.865
350P.txt,-55.146,-4.977,42.636
357P.txt,-59.784,2.274,47.905
405P.txt,-64.572,-7.437,69.006
408P.txt,-58.759,-6.752,71.121
409P.txt,-59.596,-6.618,66.104
412P.txt,-53.817,-8.397,66.518
488P.txt,-30.762,6.042,40.403
489P.txt,-26.944,3.863,41.583
492P.txt,-28.666,2.86,36.116
496P.txt,-28.844,2.779,30.357
518P.txt,-45.232,0.188,29.726
519P.txt,-43.641,-3.347,31.866
525P.txt,-35.8,6.103,29.243
529P.txt,-37.122,10.39,35.655
532P.txt,-34.191,11.768,40.363
66P.txt,-56.96,7.749,42.666
67P.txt,-54.989,10.124,38.608
71P.txt,-50.113,7.642,36.364
337.txt,-35.508,-20.008,35.556
338.txt,-39.074,-22.125,34.011
498.txt,-27.601,-7.257,32.602
502.txt,-27.596,-8.814,28.964
505.txt,-32.212,-12.897,26.866
506.txt,-32.95,-13.189,31.369
508.txt,-37.958,-16.425,26.12
509.txt,-35.406,-18.566,29.535
511.txt,-42.076,-16.093,31.541
512.txt,-41.527,-17.342,27.434
513.txt,-43.599,-13.777,28.063
514.txt,-40.721,-11.102,25.932
598.txt,-25.079,-16.257,32.221
90.txt,-32.534,-15.131,36.319
