110P.txt,-31.218,14.192,-2.292
113P.txt,-36.034,14.266,0.372
114P.txt,-32.247,15.062,3.61
117P.txt,-37.498,13.817,4.87
118P.txt,-33.435,14.354,8.858
120P.txt,-39.807,15.447,9.416
121P.txt,-36.46,12.067,12.617
124P.txt,-40.552,11.821,15.1
125P.txt,-35.973,11.125,17.814
155P.txt,-35.174,37.945,-7.4
157P.txt,-28.831,38.622,-5.013
158P.txt,-34.0,38.072,-3.059
160P.txt,-29.626,32.841,-3.563
161P.txt,-29.675,36.242,0.509
164P.txt,-27.141,33.048,3.946
165P.txt,-30.645,34.273,5.925
168P.txt,-26.32,32.806,9.347
19P.txt,-35.965,4.03,19.969
24P.txt,-30.547,7.132,18.75
27P.txt,-25.653,10.678,16.48
28P.txt,-30.373,13.358,13.75
31P.txt,-26.632,13.525,9.398
46P.txt,-23.635,29.583,-7.482
47P.txt,-23.178,34.059,-4.709
48P.txt,-19.831,34.046,-4.128
61P.txt,-38.136,40.458,7.099
129.txt,-37.415,13.924,25.469
179.txt,-24.759,24.934,23.941
182.txt,-25.13,16.872,26.991
183.txt,-27.415,19.906,30.657
184.txt,-32.298,18.442,28.988
21.txt,-31.608,8.237,22.648
22.txt,-29.758,11.473,24.206
23.txt,-26.317,8.606,21.259
26.txt,-26.234,14.563,19.763
27.txt,-25.653,10.678,16.48
30.txt,-23.102,16.878,16.248
73.txt,-31.915,27.254,26.075
74.txt,-29.368,30.636,26.102
75.txt,-25.577,29.288,31.716
78.txt,-31.343,25.789,31.546
80.txt,-35.669,21.049,31.77
