101P.txt,-99.558,1.706,2.008
103P.txt,-102.697,6.178,-1.97
104P.txt,-104.411,1.141,1.296
106P.txt,-105.767,8.96,0.335
107P.txt,-108.977,3.233,-0.091
163P.txt,-83.237,-2.463,25.383
208P.txt,-102.994,-9.682,11.298
209P.txt,-97.348,-5.357,10.448
210P.txt,-94.134,-8.723,11.362
211P.txt,-92.764,-5.687,9.273
212P.txt,-88.329,-7.82,12.42
213P.txt,-88.046,-2.237,10.948
214P.txt,-82.333,-3.025,9.974
216P.txt,-78.927,1.191,6.964
220P.txt,-80.214,9.782,1.089
233P.txt,-93.324,2.304,8.337
55P.txt,-111.832,20.458,4.638
74P.txt,-108.381,18.713,16.76
75P.txt,-112.963,19.663,15.901
77P.txt,-117.033,15.052,12.033
81P.txt,-116.905,10.004,3.101
82P.txt,-113.705,12.593,-0.33
83P.txt,-111.249,13.772,2.407
84P.txt,-110.685,17.54,1.568
85P.txt,-106.549,16.533,-0.296
87P.txt,-104.223,19.636,-5.645
88P.txt,-100.19,20.09,-4.884
98P.txt,-91.913,6.242,2.177
135.txt,-87.894,18.967,18.111
136.txt,-87.578,19.969,13.865
137.txt,-86.988,23.16,11.978
153.txt,-87.032,12.364,17.318
159.txt,-76.368,8.074,28.179
190.txt,-76.232,11.996,14.234
192.txt,-72.134,6.986,17.34
193.txt,-75.989,10.884,19.774
194.txt,-79.725,10.41,18.939
196.txt,-76.316,6.366,23.152
198.txt,-72.729,1.496,15.998
226.txt,-82.905,17.7,7.332
