263P.txt,4.692,7.879,22.314
102P.txt,9.322,-12.01,6.244
248P.txt,9.685,16.0,3.477
260P.txt,2.896,9.899,17.611
264P.txt,-1.916,7.183,21.945
112P.txt,14.424,11.515,-6.565
113P.txt,11.039,6.465,-4.852
107P.txt,14.95,-3.979,-1.219
271P.txt,0.69,10.975,30.055
259P.txt,9.196,8.78,17.924
111P.txt,14.654,11.413,-1.851
105P.txt,14.183,-10.609,2.814
104P.txt,15.137,-8.043,5.74
110P.txt,15.331,6.53,-3.398
201P.txt,5.864,-1.869,-3.213
208P.txt,14.422,-2.687,8.005
233P.txt,-1.248,1.141,13.426
109P.txt,13.227,2.517,-1.379
108P.txt,16.41,0.041,2.139
120P.txt,1.74,5.541,-8.714
256P.txt,5.282,12.894,14.223
241P.txt,-2.243,12.187,7.069
255P.txt,9.802,8.874,11.858
251P.txt,11.84,8.96,5.946
246P.txt,5.819,19.689,0.565
252P.txt,11.552,12.339,7.827
247P.txt,10.007,18.409,-1.01
