262P.txt,-22.175,16.536,-76.512
263P.txt,-19.215,16.227,-78.274
261P.txt,-26.345,16.604,-74.866
260P.txt,-26.837,21.494,-74.283
264P.txt,-16.842,21.395,-75.633
265P.txt,-20.791,21.086,-73.224
139P.txt,3.002,4.45,-80.426
138P.txt,1.019,5.746,-83.579
228P.txt,-8.371,24.538,-77.761
217P.txt,-2.007,16.333,-76.055
220P.txt,-4.582,12.143,-84.997
180P.txt,-10.948,12.29,-83.011
194P.txt,14.959,18.745,-79.156
221P.txt,-5.42,17.392,-82.262
223P.txt,-3.1,23.938,-85.367
196P.txt,17.021,25.449,-81.215
140P.txt,2.879,6.533,-77.202
222P.txt,-4.898,20.166,-86.049
226P.txt,-3.028,20.499,-80.147
193P.txt,11.768,19.581,-75.054
178P.txt,-17.815,9.36,-84.568
179P.txt,-16.78,12.297,-82.588
192P.txt,15.738,15.82,-71.105
227P.txt,-2.227,25.395,-80.346
219P.txt,-3.334,13.288,-81.304
225P.txt,-7.222,21.771,-81.216
224P.txt,-6.396,24.381,-83.241
218P.txt,-1.439,12.106,-76.943
135P.txt,-4.035,0.664,-90.92
134P.txt,-0.894,-1.224,-95.72
136P.txt,0.313,5.327,-89.69
137P.txt,-0.705,2.291,-86.11
133P.txt,-6.231,1.576,-99.216
132P.txt,-1.732,-1.106,-100.603
131P.txt,-2.486,1.549,-103.462
