100P.txt,-8.247,83.71,40.034
103P.txt,-5.552,86.822,48.08
102P.txt,-4.066,87.223,44.124
139P.txt,24.342,57.519,22.448
138P.txt,23.37,53.145,26.792
148P.txt,31.334,56.518,34.623
149P.txt,25.843,55.264,32.386
159P.txt,20.815,69.311,37.948
204P.txt,17.141,54.234,51.295
211P.txt,19.377,63.935,49.968
156P.txt,22.67,64.143,32.719
142P.txt,28.983,54.144,23.219
143P.txt,32.643,52.375,23.576
194P.txt,6.734,43.359,48.405
141P.txt,29.34,58.688,26.168
155P.txt,24.632,64.827,37.013
97P.txt,-7.507,79.387,34.79
96P.txt,-3.8,83.032,36.223
154P.txt,21.741,59.819,39.747
140P.txt,26.104,60.836,24.505
144P.txt,30.754,56.495,29.442
150P.txt,24.32,55.431,36.095
151P.txt,27.725,57.593,37.955
145P.txt,30.999,51.506,32.455
153P.txt,21.748,59.628,34.614
147P.txt,30.043,52.551,37.548
146P.txt,26.35,50.392,34.123
152P.txt,25.915,61.397,33.881
120P.txt,16.139,54.191,44.403
127P.txt,11.812,51.461,34.888
130P.txt,15.475,54.397,35.547
