673P.txt,69.83,39.452,41.134
649P.txt,74.207,53.157,36.65
628P.txt,70.268,58.451,35.245
629P.txt,70.843,54.466,35.722
577P.txt,75.211,72.235,20.472
630P.txt,74.051,57.515,31.27
625P.txt,62.367,56.407,28.855
631P.txt,78.099,57.089,34.243
592P.txt,81.247,44.505,30.033
627P.txt,66.239,58.353,33.818
633P.txt,79.796,62.506,29.722
632P.txt,79.105,58.646,30.374
578P.txt,77.019,68.969,19.579
593P.txt,80.794,43.744,34.967
597P.txt,79.095,47.901,38.731
596P.txt,83.3,49.717,38.595
594P.txt,83.282,47.101,35.555
635P.txt,77.496,60.691,25.181
634P.txt,77.255,63.931,27.097
595P.txt,87.04,45.971,38.713
653P.txt,66.857,43.792,36.159
652P.txt,68.451,46.57,40.331
656P.txt,65.824,45.643,27.296
