76P.txt,-112.02,15.899,14.588
77P.txt,-117.033,15.052,12.033
214P.txt,-82.333,-3.025,9.974
216P.txt,-78.927,1.191,6.964
75P.txt,-112.963,19.663,15.901
74P.txt,-108.381,18.713,16.76
217P.txt,-76.416,5.387,8.285
212P.txt,-88.329,-7.82,12.42
210P.txt,-94.134,-8.723,11.362
199P.txt,-75.931,-2.112,15.67
211P.txt,-92.764,-5.687,9.273
205P.txt,-95.217,-7.62,16.508
220P.txt,-80.214,9.782,1.089
208P.txt,-102.994,-9.682,11.298
80P.txt,-115.11,12.168,7.278
81P.txt,-116.905,10.004,3.101
143P.txt,-90.914,30.092,15.029
221P.txt,-80.639,14.414,-0.725
82P.txt,-113.705,12.593,-0.33
55P.txt,-111.832,20.458,4.638
187P.txt,-74.185,10.942,10.543
79P.txt,-118.348,12.882,9.691
78P.txt,-118.056,10.135,13.717
219P.txt,-75.307,12.156,3.044
184P.txt,-83.194,5.908,8.435
84P.txt,-110.685,17.54,1.568
244P.txt,-95.336,-5.873,20.834
246P.txt,-89.236,-4.809,21.074
