465P.txt,49.912,9.562,43.844
506P.txt,49.683,14.794,43.963
463P.txt,44.247,12.27,39.629
339P.txt,66.944,29.452,39.527
448P.txt,42.708,8.142,41.978
428P.txt,79.597,35.885,39.046
371P.txt,76.94,37.061,29.154
426P.txt,78.378,42.056,41.5
427P.txt,80.06,38.687,43.753
545P.txt,33.415,2.05,37.439
419P.txt,80.291,32.415,34.61
430P.txt,78.945,29.872,39.135
424P.txt,75.306,47.006,36.372
540P.txt,44.608,3.402,34.334
423P.txt,79.228,44.494,33.589
492P.txt,52.502,18.333,38.013
451P.txt,33.249,12.089,41.862
337P.txt,68.241,34.52,40.659
450P.txt,36.348,13.094,40.208
491P.txt,48.967,20.263,36.932
446P.txt,48.881,4.8,43.259
334P.txt,66.491,43.952,41.517
335P.txt,67.516,39.538,43.704
453P.txt,30.857,18.587,43.543
447P.txt,44.699,6.835,39.338
537P.txt,55.358,3.604,35.387
456P.txt,30.159,20.872,36.352
454P.txt,27.431,19.326,41.814
455P.txt,27.082,21.56,38.168
