1090P.txt,47.386,45.483,84.457
1084P.txt,29.672,48.178,92.992
937P.txt,36.873,31.284,74.623
1079P.txt,21.276,50.118,91.681
1097P.txt,41.817,43.297,94.004
925P.txt,26.612,40.172,109.924
1080P.txt,25.255,50.967,92.201
1024P.txt,22.391,26.172,100.497
1019P.txt,17.726,32.695,96.011
997P.txt,40.747,20.832,89.858
1022P.txt,16.617,23.199,97.53
945P.txt,45.181,30.105,85.526
1023P.txt,19.871,23.982,95.795
1021P.txt,16.964,28.482,100.632
984P.txt,27.862,22.814,106.001
985P.txt,31.664,21.274,106.991
962P.txt,28.4,28.613,110.229
1004P.txt,30.248,31.688,74.539
1006P.txt,26.173,33.232,77.383
1002P.txt,34.152,27.635,77.409
1000P.txt,38.859,27.661,79.4
999P.txt,40.216,22.942,83.799
1110P.txt,29.704,46.638,103.811
1048P.txt,19.685,39.437,85.431
1100P.txt,46.799,44.735,98.76
1101P.txt,44.525,44.181,102.079
1089P.txt,44.906,48.03,82.549
