114P.txt,4.163,30.921,12.714
101P.txt,-3.247,24.657,32.045
103P.txt,-2.113,30.19,29.119
117P.txt,-4.559,37.119,14.831
116P.txt,-2.24,35.104,18.739
106P.txt,-0.66,31.173,24.455
112P.txt,2.874,33.704,21.148
62P.txt,5.107,20.065,32.483
63P.txt,1.197,17.978,29.278
75P.txt,-0.187,15.575,33.261
48P.txt,14.61,21.316,28.335
70P.txt,14.676,14.601,33.553
73P.txt,4.385,16.432,36.178
5P.txt,-5.894,22.293,4.553
34P.txt,3.29,26.846,11.414
21P.txt,-11.333,25.746,27.154
23P.txt,-9.015,28.514,21.14
123P.txt,-4.246,27.336,7.859
22P.txt,-12.849,28.737,21.673
33P.txt,1.699,23.785,9.018
19P.txt,-15.049,26.198,18.921
118P.txt,-4.005,35.33,12.081
125P.txt,-11.044,29.26,3.132
119P.txt,-7.254,34.58,8.45
