261P.txt,-41.689,4.258,104.577
260P.txt,-43.434,-0.61,105.551
258P.txt,-47.56,-4.482,102.008
259P.txt,-44.188,-2.368,101.874
273P.txt,-34.787,-6.036,117.674
39P.txt,-34.686,37.318,93.08
62P.txt,-25.268,45.418,96.66
214P.txt,-27.276,-11.222,104.546
61P.txt,-23.242,42.19,99.917
60P.txt,-27.931,41.136,104.857
217P.txt,-30.385,-7.66,94.81
64P.txt,-21.675,46.58,91.325
204P.txt,-21.541,-11.294,116.567
211P.txt,-25.441,-16.085,112.547
236P.txt,-35.855,-1.562,100.284
179P.txt,-23.196,2.428,110.822
219P.txt,-30.286,-4.515,91.332
231P.txt,-35.662,-16.123,101.939
184P.txt,-25.014,-9.207,117.866
230P.txt,-37.524,-19.847,108.164
218P.txt,-27.498,-4.678,93.119
257P.txt,-48.11,-8.18,102.086
256P.txt,-46.424,-11.858,103.647
23P.txt,-30.795,48.325,94.043
269P.txt,-31.676,0.683,116.27
255P.txt,-42.721,-11.281,100.162
251P.txt,-43.056,-21.561,105.638
26P.txt,-38.845,48.8,88.94
32P.txt,-33.908,37.409,87.139
250P.txt,-44.408,-18.09,108.378
253P.txt,-41.099,-18.841,101.093
