196P.txt,32.931,9.116,127.218
215P.txt,25.082,6.976,113.034
216P.txt,26.571,7.829,118.678
217P.txt,24.63,12.178,117.815
218P.txt,27.549,12.668,120.65
219P.txt,24.818,14.697,121.458
220P.txt,21.561,13.179,120.631
231P.txt,16.828,7.664,108.254
246P.txt,11.217,6.627,117.46
248P.txt,12.79,7.468,111.173
253P.txt,11.2,11.791,106.176
254P.txt,8.864,12.041,109.926
255P.txt,10.872,10.487,113.88
257P.txt,5.484,8.308,117.061
258P.txt,6.412,7.27,120.41
206.txt,27.563,-6.498,100.816
207.txt,23.74,-5.985,99.684
208.txt,22.443,-2.19,99.585
209.txt,19.226,-3.746,100.04
211.txt,24.604,-3.151,104.699
213.txt,24.207,1.314,108.2
214.txt,25.006,3.61,111.494
215.txt,25.082,6.976,113.034
226.txt,20.637,3.436,107.405
228.txt,19.106,1.325,100.353
229.txt,19.357,5.459,101.834
230.txt,15.224,4.101,104.308
249.txt,8.547,7.706,107.503
250.txt,8.031,4.64,104.808
251.txt,10.026,7.341,102.628
252.txt,12.716,8.561,106.135
253.txt,11.2,11.791,106.176
