103P.txt,49.878,37.912,5.835
117P.txt,56.543,22.852,2.094
102P.txt,46.24,37.531,5.378
113P.txt,62.47,30.124,5.857
62P.txt,53.359,45.53,13.996
77P.txt,45.151,43.936,23.339
49P.txt,63.832,47.66,18.942
61P.txt,57.677,47.718,16.103
74P.txt,49.108,46.211,21.648
48P.txt,63.634,47.439,15.218
70P.txt,58.979,52.564,19.217
71P.txt,55.403,51.844,17.196
65P.txt,53.247,46.822,25.377
73P.txt,50.52,49.429,15.479
67P.txt,57.359,49.912,26.59
66P.txt,57.764,46.12,25.63
72P.txt,53.62,50.007,19.681
68P.txt,61.751,48.184,25.366
69P.txt,58.668,49.403,21.213
45P.txt,66.862,43.589,21.773
51P.txt,61.592,42.236,21.411
50P.txt,61.898,45.04,18.494
46P.txt,64.915,42.793,16.988
47P.txt,67.91,45.744,14.72
