128P.txt,-79.821,-89.914,-36.358
117P.txt,-76.908,-69.476,-60.48
215P.txt,-86.776,-91.357,-43.628
214P.txt,-83.722,-92.232,-46.499
216P.txt,-86.007,-90.891,-38.944
61P.txt,-69.247,-63.291,-75.912
75P.txt,-94.24,-93.806,-69.915
175P.txt,-77.736,-71.849,-40.74
203P.txt,-72.604,-66.27,-51.925
217P.txt,-88.929,-92.258,-36.77
212P.txt,-86.937,-84.028,-48.339
204P.txt,-71.132,-67.103,-55.744
73P.txt,-89.245,-93.147,-73.576
95P.txt,-73.347,-65.617,-69.598
143P.txt,-73.767,-86.891,-42.77
182P.txt,-82.328,-79.056,-31.262
141P.txt,-77.034,-85.272,-34.417
178P.txt,-75.081,-74.472,-38.441
93P.txt,-68.604,-67.545,-62.215
87P.txt,-66.92,-80.579,-70.374
147P.txt,-69.132,-86.78,-53.052
185P.txt,-92.098,-76.787,-29.107
218P.txt,-88.603,-90.47,-32.358
34P.txt,-66.847,-80.434,-63.896
136P.txt,-86.576,-84.436,-24.069
127P.txt,-81.051,-88.765,-40.454
133P.txt,-80.348,-87.137,-21.513
126P.txt,-77.294,-90.146,-41.684
130P.txt,-80.024,-88.498,-29.433
