1A14,19,0,0
1A2Y,15,9,0.46
1AHW,19,0,0
1BQL,13,1,0.05
1BVK,17,9,0.44
1C08,17,7,0.34
1E6J,12,0,0
1EGJ,11,6,0.34
1EO8,15,2,0.08
1FBI,15,5,0.26
1FE8,19,3,0.13
1FNS,12,4,0.21
1FSK,16,1,0.05
1H0D,17,9,0.44
1HYS,9,1,0.04
1IQD,16,16,0.76
1JHL,10,9,0.53
1JPS,21,0,0
1LK3,17,5,0.23
1MHP,12,10,0.53
1MLC,14,1,0.05
1NCA,21,0,0
1NSN,18,0,0
1OB1,13,4,0.22
1ORS,10,1,0.05
1QFU,19,3,0.11
1RJL,13,0,0
1TPX,18,5,0.22
1UJ3,20,0,0
1WEJ,11,0,0
1ZTX,15,1,0.05
2ADF,15,12,0.59
2BDN,17,3,0.16
2DD8,19,9,0.28
2EIZ,18,6,0.29
2FD6,13,1,0.05
2J4W,12,0,0
2J88,10,6,0.29
2JEL,15,6,0.33
2NYY,23,0,0
2OZ4,18,7,0.29
2Q8A,21,2,0.08
2QQN,12,0,0
2R29,16,1,0.04
2R56,21,4,0.17
2UZI,18,10,0.45
2VXQ,15,7,0.37
2YBR,13,9,0.55
2YPV,19,8,0.32
3BGF,15,5,0.16
3EOA,14,3,0.15
3GI8,15,0,0
3GJF,14,0,0
3HI6,19,1,0.04
3HMX,18,0,0
3I50,11,9,0.4
3IU3,20,0,0
3KR3,19,11,0.55
3KS0,10,0,0
3L5W,10,7,0.41
3L5X,10,7,0.41
3LD8,13,1,0.04
3LEV,9,5,0.28
3LIZ,18,0,0
3MXW,21,0,0
3NFP,15,2,0.09
3NGB,24,4,0.14
3NH7,21,0,0
3PGF,23,9,0.3
3PNW,15,6,0.32
3Q3G,17,9,0.42
3RKD,20,2,0.07
3RVV,15,0,0
3SE9,27,3,0.1
3T2N,20,3,0.12
3U7Y,35,5,0.15
3U9P,17,1,0.05
3VG9,26,0,0
3WIH,12,0,0
3WKM,24,13,0.51
3ZKM,23,9,0.33
4AEI,15,5,0.29
4AL8,11,0,0
4BZ1,12,3,0.17
4BZ2,18,9,0.44
4CMH,25,0,0
4CNI,14,6,0.3
4D3C,11,8,0.42
4DGI,11,3,0.17
4DN4,11,1,0.06
4DTG,17,3,0.16
4ETQ,22,4,0.16
4F15,10,0,0
4FFY,25,5,0.21
4FP8,19,0,0
4G6J,21,4,0.17
4G6M,19,1,0.04
4GMS,16,2,0.08
4H8W,19,12,0.47
4HC1,17,11,0.48
4HCR,20,6,0.25
4HF5,18,0,0
4HKX,19,0,0
4I77,19,0,0
4IJ3,20,4,0.16
4JPK,25,8,0.31
4JPW,30,4,0.13
4JR9,11,0,0
4K2U,10,0,0
4K94,21,1,0.03
4KI5,20,1,0.03
4KUC,13,4,0.19
4L5F,13,0,0
4LEO,18,7,0.25
4LQF,11,1,0.06
4LSU,35,5,0.15
4LU5,15,1,0.05
4M62,15,13,0.65
4NNP,13,5,0.23
4O58,14,2,0.08
4O9H,16,1,0.05
4OGX,29,1,0.03
4OII,21,4,0.17
4OT1,13,1,0.05
4PP1,21,0,0
4PP2,20,0,0
4QTI,10,0,0
4RGM,17,10,0.43
4RWY,32,0,0
4TSA,13,9,0.49
4U0R,14,0,0
4U6V,16,6,0.26
4UTA,3,0,0
4XAK,13,9,0.44
4XWG,17,12,0.48
4Y5V,22,14,0.56
4Y5Y,21,15,0.61
4YDJ,26,3,0.1
4YDK,33,4,0.12
4YK4,12,0,0
4YPG,23,12,0.49
4Z5R,21,4,0.17
4ZPT,16,11,0.5
4ZS7,20,0,0
4ZSO,17,7,0.3
5A3I,16,3,0.12
5B3J,14,0,0
5BV7,23,0,0
5C0N,6,4,0.25
5C7X,23,15,0.64
5CBA,14,1,0.06
5CZX,14,7,0.33
5D70,15,10,0.51
5D8J,18,12,0.55
5D93,19,0,0
5DHV,13,6,0.35
5DUM,17,1,0.04
5DUR,16,8,0.36
5E8E,12,0,0
5E94,16,0,0
5F3B,15,1,0.04
5F3H,15,1,0.04
5F96,23,2,0.07
5F9O,22,2,0.07
5F9W,28,2,0.07
5FB8,19,7,0.32
5FCU,20,14,0.54
5FHX,11,6,0.34
5GGT,13,10,0.54
5H35,21,1,0.04
5HDQ,14,4,0.18
5HYS,13,0,0
5I9Q,22,0,0
5IKC,13,8,0.43
5JHL,8,8,0.38
5JQ6,21,3,0.11
5K9K,17,4,0.15
5KJR,17,13,0.53
5KVD,20,2,0.09
5KVE,16,4,0.2
5KVF,15,5,0.25
5KVG,20,2,0.09
5KW9,16,0,0
5L0Q,10,9,0.5
5L6Y,11,6,0.34
5LQB,13,6,0.32
5MES,12,7,0.38
5MVZ,18,6,0.27
5SY8,12,8,0.43
5T5F,13,7,0.32
5TZ2,14,0,0
5TZT,8,0,0
5TZU,19,0,0
5UGY,24,0,0