133P.txt,40.991,64.12,50.114
137P.txt,43.662,64.877,56.768
36P.txt,47.854,61.471,60.4
38P.txt,46.941,68.944,63.137
39P.txt,46.575,70.472,58.821
40P.txt,51.376,73.246,59.67
83P.txt,43.974,58.837,54.216
84P.txt,48.061,55.733,56.606
125.txt,27.085,67.613,55.683
128.txt,33.528,67.174,54.391
129.txt,31.485,67.875,50.572
130.txt,34.488,72.657,48.194
131.txt,37.36,70.929,52.018
132.txt,37.002,66.449,48.683
133.txt,40.991,64.12,50.114
134.txt,41.977,70.155,53.203
136.txt,39.059,63.795,55.527
137.txt,43.662,64.877,56.768
39.txt,46.575,70.472,58.821
71.txt,29.311,63.502,59.018
74.txt,27.825,56.686,58.272
75.txt,30.152,59.712,55.619
78.txt,35.241,55.72,56.994
79.txt,36.612,59.059,53.92
82.txt,41.308,54.681,53.717
83.txt,43.974,58.837,54.216
