470P.txt,78.678,15.703,24.762
511P.txt,89.971,-25.803,-10.15
507P.txt,92.526,-18.408,-17.792
506P.txt,91.631,-15.196,-17.45
489P.txt,70.202,-19.233,18.528
462P.txt,71.421,14.463,11.376
488P.txt,69.392,-17.03,22.257
349P.txt,93.263,-27.074,-6.13
348P.txt,94.379,-23.306,-6.433
439P.txt,81.29,-3.205,17.141
364P.txt,76.529,-24.212,2.271
433P.txt,79.637,-11.205,31.29
434P.txt,79.668,-10.498,27.839
347P.txt,97.146,-19.667,-8.476
392P.txt,68.394,-12.89,14.19
436P.txt,78.838,-6.033,24.717
492P.txt,73.801,-17.16,19.866
486P.txt,72.791,-17.393,28.383
479P.txt,75.819,-0.531,18.224
322P.txt,95.59,-27.849,-1.594
487P.txt,71.195,-15.821,24.835
484P.txt,75.451,-12.199,26.979
480P.txt,78.238,-2.631,20.741
443P.txt,74.012,5.682,12.041
456P.txt,84.614,5.69,9.369
442P.txt,73.37,3.005,14.57
482P.txt,75.568,-9.01,22.651
509P.txt,93.724,-20.368,-11.195
