270P.txt,12.449,57.341,-36.397
106P.txt,-12.959,96.014,-31.183
107P.txt,-12.552,92.078,-34.828
271P.txt,8.981,55.237,-35.564
272P.txt,6.375,55.073,-38.853
148P.txt,-20.077,78.027,5.179
376P.txt,16.626,44.824,-10.459
149P.txt,-24.085,77.248,3.932
203P.txt,5.906,74.072,-32.357
204P.txt,2.558,76.571,-31.491
166P.txt,8.085,87.947,-11.012
167P.txt,12.229,87.426,-12.344
239P.txt,12.142,71.545,-29.471
397P.txt,23.617,58.847,-24.469
396P.txt,24.184,62.494,-20.714
169P.txt,10.376,85.216,-17.327
380P.txt,23.229,47.845,-20.49
394P.txt,23.135,63.971,-24.954
395P.txt,26.854,64.284,-23.369
381P.txt,20.985,45.74,-23.358
168P.txt,14.048,88.684,-17.36
150P.txt,-24.545,78.424,-0.332
391P.txt,18.858,63.07,-27.548
352P.txt,2.202,52.375,-39.593
147P.txt,-20.309,79.585,-0.693
392P.txt,19.599,60.834,-30.057
379P.txt,20.168,44.044,-19.604
351P.txt,-1.24,49.737,-39.985
378P.txt,18.584,43.598,-15.526
393P.txt,23.638,61.681,-30.767
243P.txt,5.911,68.975,-34.456
109P.txt,-8.142,89.893,-33.824
108P.txt,-8.529,93.55,-34.101
240P.txt,14.288,68.55,-33.258
244P.txt,7.329,64.329,-34.824
483P.txt,-25.173,56.575,-30.27
