15P.txt,63.466,-6.02,17.224
470P.txt,43.535,11.373,43.801
471P.txt,42.875,5.214,45.926
472P.txt,47.248,3.745,48.867
461P.txt,43.179,11.909,32.811
460P.txt,45.744,13.416,37.944
413P.txt,43.586,-12.135,-22.18
406P.txt,44.691,-15.597,-32.267
374P.txt,45.601,-13.13,16.846
412P.txt,45.019,-7.081,-24.807
216P.txt,55.27,-31.402,-58.85
404P.txt,51.781,-12.888,-36.738
405P.txt,44.685,-11.708,-36.413
401P.txt,53.826,-17.858,-38.749
399P.txt,49.251,-19.018,-31.299
210P.txt,41.797,-35.174,-47.527
402P.txt,49.317,-17.124,-40.875
417P.txt,42.769,-10.763,-16.744
371P.txt,42.837,-13.442,21.568
211P.txt,41.263,-37.406,-53.896
208P.txt,38.191,-37.511,-42.915
432P.txt,42.977,-3.71,4.442
431P.txt,42.774,-0.171,1.109
197P.txt,51.919,-38.588,-63.612
408P.txt,47.701,-9.79,-29.908
420P.txt,43.091,-6.21,-12.961
434P.txt,44.467,2.935,6.335
409P.txt,43.288,-11.832,-28.653
423P.txt,45.087,-0.696,-9.443
23P.txt,46.427,4.926,0.978
331P.txt,41.736,7.643,12.651
330P.txt,45.696,8.429,14.151
285P.txt,62.299,-20.574,-13.651
332P.txt,40.65,6.054,16.577
469P.txt,45.279,5.344,41.591
24P.txt,47.635,8.2,3.995
