117P.txt,26.96,69.965,25.188
76P.txt,44.08,40.012,26.193
75P.txt,40.733,40.62,30.105
161P.txt,21.67,55.736,4.86
48P.txt,11.239,54.105,7.687
159P.txt,21.314,63.559,4.862
165P.txt,26.366,54.843,10.063
164P.txt,21.304,54.389,11.16
158P.txt,21.056,59.012,1.373
157P.txt,16.223,56.795,2.631
79P.txt,47.81,48.967,28.355
150P.txt,34.701,60.559,0.63
151P.txt,31.369,59.328,3.043
93P.txt,37.118,60.871,16.152
78P.txt,44.552,45.859,30.009
46P.txt,10.625,60.403,9.17
184P.txt,39.615,49.469,34.136
152P.txt,27.746,62.989,2.265
47P.txt,13.221,56.697,6.686
121P.txt,30.847,65.501,30.486
27P.txt,24.506,56.659,35.51
31P.txt,21.589,60.403,29.823
124P.txt,35.623,66.783,30.893
125P.txt,33.84,62.593,33.822
24P.txt,29.611,60.386,38.279
