12P.txt,3.107,21.258,53.164
13P.txt,4.546,17.333,51.676
16P.txt,11.29,20.056,54.358
17P.txt,14.827,18.441,52.23
22P.txt,20.346,27.36,38.545
23P.txt,21.875,27.084,42.756
25P.txt,20.738,24.962,49.502
26P.txt,22.794,20.445,47.856
27P.txt,18.417,21.195,52.107
28P.txt,18.65,16.493,53.742
42P.txt,23.771,11.99,38.642
44P.txt,26.067,18.014,41.065
45P.txt,27.52,17.619,45.376
46P.txt,23.843,14.852,47.521
47P.txt,26.565,12.17,48.961
50P.txt,25.157,3.204,46.395
53P.txt,24.439,7.147,42.459
72P.txt,10.771,2.211,50.999
79P.txt,19.384,8.952,52.54
81P.txt,12.559,9.892,55.35
82P.txt,7.817,11.138,51.593
83P.txt,5.719,7.731,52.653
