301P.txt,41.314,108.673,338.113
499P.txt,20.863,113.883,321.117
501P.txt,28.636,114.905,322.143
500P.txt,25.817,117.281,323.417
201P.txt,-6.778,94.766,372.848
177P.txt,20.441,90.914,360.026
200P.txt,-7.93,92.066,369.134
404P.txt,38.12,109.524,326.79
405P.txt,34.726,111.525,332.17
203P.txt,-5.152,96.521,368.812
207P.txt,0.708,98.65,367.487
398P.txt,31.282,105.604,316.882
401P.txt,38.507,113.31,321.356
366P.txt,-3.129,91.723,352.641
399P.txt,36.231,105.062,318.992
204P.txt,-3.6,99.525,371.182
172P.txt,18.88,104.631,353.658
402P.txt,36.216,113.444,325.697
198P.txt,-8.919,88.208,376.146
181P.txt,16.181,89.95,365.784
209P.txt,7.443,98.416,372.601
196P.txt,-6.772,84.013,374.606
197P.txt,-10.572,86.917,372.513
226P.txt,26.831,114.443,358.736
347P.txt,-7.084,72.047,377.052
393P.txt,24.526,101.531,323.397
491P.txt,18.99,107.142,330.226
447P.txt,-10.017,76.333,359.97
321P.txt,26.501,104.051,366.018
495P.txt,20.514,112.692,325.64
468P.txt,13.202,85.206,355.992
