15P.txt,-9.095,-16.212,63.927
114P.txt,-11.554,-6.142,62.946
14P.txt,-7.631,-13.291,65.239
13P.txt,-10.097,-11.562,62.704
113P.txt,-7.847,-6.765,61.844
62P.txt,7.091,-9.605,52.13
89P.txt,1.806,-5.636,57.904
88P.txt,-0.884,-8.307,60.137
61P.txt,10.655,-12.046,51.739
75P.txt,-12.398,-23.215,37.397
64P.txt,6.421,-16.313,52.115
70P.txt,-2.997,-23.507,39.625
58P.txt,7.191,-15.123,41.985
9P.txt,-14.2,-5.617,51.148
57P.txt,5.337,-19.13,41.597
5P.txt,-17.47,-11.731,40.68
56P.txt,7.996,-20.489,38.875
54P.txt,8.033,-20.62,32.832
7P.txt,-15.475,-7.991,46.196
55P.txt,4.572,-23.844,35.719
91P.txt,-3.655,-3.694,55.7
53P.txt,4.911,-20.443,30.466
26P.txt,-16.727,-14.12,34.434
24P.txt,-13.525,-15.274,41.462
