316P.txt,-13.468,-18.89,-9.786
303P.txt,-0.681,-40.602,10.955
317P.txt,-9.077,-18.624,-9.119
301P.txt,2.672,-34.435,9.501
314P.txt,-11.853,-25.702,-11.446
311P.txt,-16.636,-34.604,-5.982
299P.txt,0.408,-28.244,14.85
349P.txt,2.908,-25.924,-6.477
374P.txt,-2.562,-30.964,-16.319
373P.txt,-1.14,-25.903,-15.921
383P.txt,0.812,-44.039,2.794
354P.txt,-2.434,-21.651,4.979
355P.txt,-0.923,-24.422,7.108
343P.txt,6.188,-42.087,-14.372
395P.txt,-3.762,-24.684,-20.241
346P.txt,7.406,-34.501,-7.068
352P.txt,-4.303,-20.857,-1.553
353P.txt,-4.86,-23.144,2.375
347P.txt,4.424,-32.154,-10.726
351P.txt,-1.152,-24.354,-0.495
350P.txt,0.176,-21.301,-4.956
331P.txt,-5.593,-34.492,16.512
332P.txt,-4.086,-31.455,16.547
