316P.txt,-3.652,24.125,4.351
101P.txt,-10.066,2.714,-27.28
288P.txt,-17.153,18.882,8.101
103P.txt,-8.331,11.691,-23.182
305P.txt,1.823,22.014,16.744
38P.txt,-7.011,6.594,9.404
306P.txt,4.977,20.501,15.702
39P.txt,-10.266,10.51,9.513
75P.txt,-25.07,23.898,-10.483
149P.txt,-39.398,6.677,-22.194
58P.txt,-28.791,13.144,-6.798
71P.txt,-31.464,13.875,-15.139
238P.txt,-30.19,-3.866,-24.646
73P.txt,-27.649,19.358,-16.533
220P.txt,-5.665,10.455,-36.358
180P.txt,-13.106,36.484,-19.377
40P.txt,-14.224,12.082,8.929
141P.txt,-33.238,4.548,-24.139
87P.txt,-8.373,7.012,-10.029
231P.txt,-23.276,-3.158,-22.719
230P.txt,-19.445,-6.772,-22.817
34P.txt,0.905,12.223,18.012
323P.txt,12.478,12.788,13.319
322P.txt,8.319,15.504,13.05
37P.txt,-6.218,9.0,14.0
320P.txt,4.909,21.054,11.229
309P.txt,4.706,10.054,10.135
321P.txt,7.305,15.097,9.157
324P.txt,8.875,9.688,15.517
318P.txt,-1.095,22.308,8.292
33P.txt,4.272,14.709,18.925
