361P.txt,-10.725,-8.797,152.191
360P.txt,-7.293,-8.021,155.243
374P.txt,-6.575,-7.814,169.444
376P.txt,-10.169,-5.607,164.219
203P.txt,-19.103,17.488,176.858
367P.txt,-0.9,-7.336,167.627
373P.txt,-5.522,-7.387,173.037
415P.txt,6.671,3.227,156.112
204P.txt,-15.7,17.179,175.698
370P.txt,2.451,-5.005,175.675
365P.txt,-5.041,-8.046,163.576
417P.txt,2.452,9.881,157.38
383P.txt,-9.03,13.078,158.756
354P.txt,8.661,-3.544,168.648
419P.txt,-2.183,6.399,160.423
356P.txt,2.241,-6.895,164.545
424P.txt,-14.652,-2.851,165.708
385P.txt,-7.91,17.033,160.631
347P.txt,-9.207,8.586,177.081
350P.txt,-2.921,0.368,176.068
378P.txt,-12.968,-1.174,158.471
121P.txt,3.507,-8.56,159.145
122P.txt,3.194,-3.746,158.52
133P.txt,-20.176,8.576,172.032
