276P.txt,76.058,76.918,145.735
464P.txt,96.639,70.642,149.41
458P.txt,88.861,81.79,145.374
459P.txt,90.85,80.359,142.583
465P.txt,95.869,76.081,151.81
467P.txt,91.436,80.065,152.912
466P.txt,89.801,75.139,150.915
462P.txt,96.061,72.481,142.28
463P.txt,95.184,73.846,146.5
461P.txt,93.875,76.427,140.246
460P.txt,93.149,77.75,145.428
88P.txt,51.88,62.922,155.416
398P.txt,96.112,64.909,162.423
399P.txt,99.011,64.16,160.125
358P.txt,94.226,71.541,154.852
359P.txt,89.764,73.585,156.321
397P.txt,93.241,65.712,157.287
396P.txt,96.244,69.267,158.9
394P.txt,96.384,75.286,159.37
357P.txt,90.688,70.306,149.828
356P.txt,88.123,66.031,151.846
352P.txt,80.736,70.916,152.03
353P.txt,85.311,72.241,150.283
347P.txt,83.812,68.053,161.649
351P.txt,80.207,66.861,156.275
350P.txt,87.81,68.521,156.937
280P.txt,84.051,81.885,145.091
281P.txt,80.564,84.791,145.124
282P.txt,76.597,82.857,146.399
279P.txt,79.371,80.195,143.831
457P.txt,89.739,82.07,149.332
278P.txt,80.784,75.059,144.325
