3627P.txt,3.977,16.154,49.2
4570P.txt,-1.654,11.66,37.2
4571P.txt,0.065,13.98,43.039
572P.txt,-1.428,18.192,30.172
564P.txt,-4.863,5.108,25.666
565P.txt,-2.899,7.335,31.144
571P.txt,-3.495,14.661,25.25
3625P.txt,8.708,21.904,49.758
575P.txt,-3.296,22.774,28.925
4577P.txt,-4.659,22.57,37.241
574P.txt,1.531,19.846,25.356
4575P.txt,-1.439,18.885,42.852
1627P.txt,14.366,23.639,25.496
1633P.txt,13.065,16.267,18.953
1626P.txt,11.732,27.05,24.335
4574P.txt,-4.819,16.261,39.882
4578P.txt,-4.475,23.157,41.734
584P.txt,5.448,35.729,31.746
1629P.txt,11.016,22.94,20.265
578P.txt,0.774,26.975,27.243
583P.txt,2.089,34.532,30.96
568P.txt,-4.206,11.914,29.039
4580P.txt,-2.316,27.186,38.264
4581P.txt,-6.71,27.412,40.998
582P.txt,0.985,32.914,27.905
2581P.txt,5.904,25.949,43.539
2580P.txt,3.939,27.012,39.5
