106P.txt,21.668,17.228,23.983
107P.txt,27.764,18.207,26.003
110P.txt,25.129,20.665,20.518
89P.txt,5.732,4.769,39.504
70P.txt,17.562,24.216,30.52
73P.txt,6.929,26.027,31.006
72P.txt,9.995,27.71,28.389
80P.txt,-4.066,16.137,35.385
81P.txt,-0.882,15.125,33.624
40P.txt,12.729,12.551,22.753
83P.txt,-4.441,7.833,34.561
82P.txt,-2.259,11.661,33.398
7P.txt,26.029,24.607,27.727
79P.txt,-0.488,20.705,38.477
86P.txt,1.73,4.87,27.412
78P.txt,0.001,19.528,41.566
85P.txt,-2.361,4.126,31.661
109P.txt,23.873,16.209,19.602
108P.txt,27.316,13.278,22.644
35P.txt,4.002,7.821,37.075
32P.txt,10.823,8.026,45.843
33P.txt,8.583,5.832,42.905
31P.txt,11.684,5.754,48.015
