289P.txt,26.219,84.496,19.344
262P.txt,20.999,71.883,10.314
263P.txt,25.513,72.42,13.45
288P.txt,22.561,88.209,19.259
261P.txt,19.095,75.304,14.836
264P.txt,22.862,68.105,11.928
265P.txt,21.873,68.746,5.755
259P.txt,25.901,78.134,16.233
163P.txt,18.658,98.938,7.625
160P.txt,17.884,95.078,14.816
161P.txt,20.529,95.97,12.043
158P.txt,19.516,87.496,15.239
220P.txt,12.517,85.237,9.55
157P.txt,14.515,86.548,14.143
223P.txt,14.28,77.01,13.456
222P.txt,12.949,80.821,15.311
192P.txt,12.872,78.006,10.211
219P.txt,12.5,84.524,6.46
225P.txt,18.313,75.653,9.036
218P.txt,14.912,90.569,10.094
294P.txt,27.219,84.666,24.08
322P.txt,27.069,98.59,11.805
268P.txt,28.168,65.253,4.068
292P.txt,25.135,88.531,24.599
293P.txt,27.74,88.774,27.401
291P.txt,24.566,92.424,19.745
