148P.txt,-34.404,-18.28,21.551
149P.txt,-38.645,-23.374,19.318
152P.txt,-37.756,-20.772,24.972
153P.txt,-40.528,-24.725,23.458
197P.txt,-50.75,-26.809,19.836
199P.txt,-45.655,-27.188,15.563
201P.txt,-40.855,-27.77,14.436
148.txt,-34.404,-18.28,21.551
149.txt,-38.645,-23.374,19.318
151.txt,-33.178,-22.607,25.4
152.txt,-37.756,-20.772,24.972
153.txt,-40.528,-24.725,23.458
155.txt,-41.917,-26.376,28.74
156.txt,-44.494,-27.745,24.829
197.txt,-50.75,-26.809,19.836
199.txt,-45.655,-27.188,15.563
204.txt,-37.786,-31.205,14.313
