367P.txt,50.411,67.345,77.606
368P.txt,50.752,63.642,80.366
369P.txt,47.974,66.184,80.796
370P.txt,45.729,67.285,76.362
371P.txt,46.356,60.12,77.944
403P.txt,64.903,56.805,69.502
405P.txt,66.294,61.019,71.572
406P.txt,61.766,63.944,75.229
408P.txt,65.408,65.815,80.171
412P.txt,53.96,67.016,82.374
413P.txt,54.019,68.223,86.111
414P.txt,53.192,75.247,85.041
468P.txt,38.138,76.4,70.976
469P.txt,34.33,77.459,68.891
498P.txt,46.612,84.527,84.743
499P.txt,50.795,81.144,81.532
522P.txt,45.644,74.84,67.91
549P.txt,46.254,81.942,75.719
572P.txt,75.049,66.357,74.275
573P.txt,71.55,64.227,71.316
576P.txt,76.362,60.972,72.141
577P.txt,75.744,57.716,69.698
339.txt,50.898,61.132,59.695
344.txt,45.717,58.482,58.885
345.txt,45.69,62.152,63.34
346.txt,48.443,66.672,61.109
380.txt,55.192,58.165,60.024
382.txt,53.99,62.957,55.22
388.txt,46.014,69.011,55.069
389.txt,45.709,66.016,52.262
390.txt,48.111,65.929,47.271
391.txt,51.495,60.109,48.218
393.txt,52.762,59.405,44.549
398.txt,56.878,58.744,53.938
