510P.txt,2.118,-9.423,30.415
502P.txt,7.361,-1.802,30.737
305P.txt,-12.514,-5.15,12.39
503P.txt,11.919,-2.652,34.515
517P.txt,14.645,-15.288,22.365
306P.txt,-7.656,-4.488,14.766
407P.txt,-18.588,22.787,27.44
610P.txt,11.357,-39.5,-15.778
612P.txt,4.997,-37.478,-14.845
410P.txt,-18.305,20.832,35.662
411P.txt,-14.244,20.813,38.249
613P.txt,4.153,-41.41,-14.652
575P.txt,-0.598,-22.818,-7.789
561P.txt,8.404,-29.617,2.987
602P.txt,-2.539,-33.407,-14.492
358P.txt,-40.073,3.98,37.782
359P.txt,-41.796,-0.46,38.276
355P.txt,-37.065,3.861,40.978
584P.txt,1.443,-29.014,-10.241
545P.txt,17.723,-17.356,17.459
357P.txt,-41.702,5.13,43.331
356P.txt,-39.764,1.569,43.182
353P.txt,-31.048,2.503,45.459
409P.txt,-22.175,18.25,34.731
609P.txt,9.1,-36.599,-18.506
556P.txt,17.101,-19.973,11.536
595P.txt,9.882,-26.324,-10.832
243P.txt,-6.88,-11.2,-8.31
518P.txt,17.29,-18.879,23.445
297P.txt,-4.784,0.234,-3.879
485P.txt,8.228,-6.313,35.417
292P.txt,-12.615,-1.857,7.854
495P.txt,-0.936,-7.928,38.427
522P.txt,5.537,-19.562,21.417
244P.txt,-2.557,-12.589,-6.684
508P.txt,1.286,-7.621,24.906
483P.txt,5.114,-6.293,39.099
253P.txt,2.406,-13.971,-5.072
521P.txt,7.376,-22.978,22.763
