338P.txt,-41.635,-5.717,56.072
339P.txt,-42.902,-6.914,52.267
375P.txt,-51.803,-4.994,71.23
374P.txt,-53.522,-0.099,69.344
214P.txt,-54.889,-29.636,-5.155
216P.txt,-53.034,-34.288,-8.699
389P.txt,-56.149,-12.69,80.805
377P.txt,-52.812,-2.09,77.857
388P.txt,-59.047,-11.622,84.889
217P.txt,-49.182,-37.071,-7.315
367P.txt,-40.205,-3.362,62.552
415P.txt,-52.057,-15.251,78.61
399P.txt,-40.965,-11.581,66.679
238P.txt,-49.534,-36.774,3.391
220P.txt,-44.681,-37.786,-6.818
382P.txt,-57.772,-7.094,86.703
396P.txt,-41.419,-6.608,65.389
380P.txt,-55.223,-4.205,82.712
395P.txt,-46.749,-3.977,67.437
381P.txt,-59.295,-2.363,87.085
236P.txt,-46.57,-34.493,6.822
391P.txt,-53.542,-9.133,76.99
186P.txt,-51.381,-30.687,-11.154
219P.txt,-46.564,-39.077,-3.068
379P.txt,-54.751,0.811,83.524
387P.txt,-60.231,-15.893,86.704
393P.txt,-48.823,-8.955,71.606
218P.txt,-49.454,-35.943,-2.603
336P.txt,-45.848,-0.153,57.409
240P.txt,-56.704,-37.48,-1.665
241P.txt,-55.887,-33.371,-3.131
