102P.txt,72.469,64.639,49.698
104P.txt,74.33,67.206,53.28
107P.txt,75.823,67.279,58.31
124P.txt,67.27,71.737,34.353
125P.txt,69.285,74.855,32.466
126P.txt,70.369,73.685,28.621
137P.txt,66.894,85.687,55.371
144P.txt,67.278,87.036,62.326
154P.txt,58.385,90.895,53.691
155P.txt,61.768,89.547,55.419
169P.txt,75.148,83.596,51.606
173P.txt,68.072,85.73,43.901
176P.txt,61.074,88.5,45.678
184P.txt,65.191,76.605,30.348
185P.txt,62.08,77.648,27.059
186P.txt,65.479,76.232,25.66
412P.txt,67.882,66.742,31.889
413P.txt,69.837,64.706,28.001
414P.txt,72.952,62.678,26.887
453P.txt,70.21,49.638,41.404
454P.txt,70.568,49.119,45.42
455P.txt,67.52,49.752,48.877
456P.txt,72.501,53.814,51.545
457P.txt,68.99,55.316,54.04
458P.txt,70.547,58.421,50.424
463P.txt,73.797,65.18,64.518
82P.txt,70.402,76.97,23.883
83P.txt,65.324,75.985,19.624
85P.txt,62.268,71.575,24.281
89P.txt,62.413,62.02,24.289
98P.txt,70.366,56.996,40.194
99P.txt,72.138,58.803,43.963
328.txt,43.752,57.153,55.122
329.txt,45.247,52.96,56.607
330.txt,46.106,51.574,52.135
331.txt,42.18,51.033,50.79
332.txt,40.902,47.096,48.942
341.txt,39.471,57.554,49.721
342.txt,37.463,59.326,52.072
343.txt,39.393,60.506,56.146
344.txt,42.101,62.434,56.775
366.txt,56.514,55.314,55.704
368.txt,49.292,57.704,58.222
369.txt,50.683,61.02,60.505
370.txt,53.82,62.521,59.742
372.txt,57.894,60.455,58.163
400.txt,60.33,55.245,59.914
401.txt,63.149,57.096,61.788
402.txt,64.44,59.787,59.331
403.txt,61.359,63.879,60.966
432.txt,57.689,66.989,64.629
