114P.txt,24.031,24.186,63.809
12P.txt,35.078,23.14,26.501
178P.txt,35.532,24.885,65.781
179P.txt,33.257,28.398,64.574
180P.txt,30.561,30.507,66.395
181P.txt,29.339,33.102,63.222
182P.txt,28.439,29.796,59.158
183P.txt,31.913,33.513,57.328
187P.txt,30.985,25.531,47.236
2P.txt,38.855,19.78,31.477
200P.txt,29.818,20.975,36.326
202P.txt,27.471,24.487,41.91
206P.txt,25.632,29.986,54.852
208P.txt,23.422,30.308,58.829
209P.txt,20.317,28.743,55.892
243P.txt,24.577,22.961,74.412
245P.txt,21.4,26.611,75.683
246P.txt,25.487,28.136,71.978
247P.txt,22.983,24.935,69.904
248P.txt,17.873,27.206,71.031
250P.txt,10.949,26.634,68.252
268P.txt,3.781,29.008,67.177
270P.txt,10.542,28.646,73.073
289P.txt,11.903,26.458,63.89
290P.txt,16.524,27.157,64.689
291P.txt,15.043,30.547,69.746
292P.txt,18.567,31.721,67.571
293P.txt,18.88,31.443,62.172
294P.txt,13.398,30.947,59.512
297P.txt,8.589,24.574,61.395
85P.txt,28.882,26.901,25.804
90P.txt,28.811,25.471,30.018
15.txt,26.307,22.661,19.333
17.txt,25.921,26.78,13.626
18.txt,28.762,29.374,12.314
20.txt,34.574,25.561,15.253
23.txt,43.362,20.323,16.413
40.txt,36.672,4.715,18.667
42.txt,33.082,-1.32,19.445
43.txt,35.94,-0.451,16.295
45.txt,37.837,0.326,11.64
47.txt,41.515,5.83,13.412
54.txt,45.848,14.49,15.305
55.txt,41.51,14.203,16.502
56.txt,37.823,17.573,14.297
58.txt,32.012,19.529,15.984
59.txt,29.625,16.256,16.871
61.txt,31.307,10.817,17.328
62.txt,34.251,12.731,17.483
66.txt,39.735,7.88,20.769
