221P.txt,36.751,69.714,128.679
241P.txt,12.394,74.381,128.08
246P.txt,28.487,65.413,127.312
32P.txt,20.034,85.761,161.817
33P.txt,14.701,87.685,161.804
34P.txt,12.293,83.032,161.303
35P.txt,11.451,81.047,156.453
36P.txt,17.246,79.603,156.717
37P.txt,19.383,82.593,154.653
38P.txt,20.036,80.031,150.911
39P.txt,24.186,81.756,151.657
40P.txt,20.951,79.766,146.083
41P.txt,25.5,78.892,142.955
42P.txt,24.503,80.812,139.919
43P.txt,25.213,78.977,136.82
491P.txt,31.595,76.44,131.581
493P.txt,33.423,81.155,136.931
494P.txt,29.937,79.839,140.034
496P.txt,26.626,85.021,143.913
497P.txt,22.621,85.615,144.334
498P.txt,20.917,88.541,144.35
499P.txt,18.307,89.588,147.846
500P.txt,15.103,91.821,144.772
501P.txt,10.981,91.12,147.282
80P.txt,21.5,55.551,130.332
82P.txt,20.758,61.715,132.25
83P.txt,18.559,66.402,129.87
84P.txt,20.691,69.599,133.41
85P.txt,16.454,70.949,133.374
86P.txt,18.388,74.942,133.276
87P.txt,14.663,76.262,136.205
88P.txt,12.432,79.839,134.987
89P.txt,16.391,79.555,131.711
119.txt,37.55,56.493,89.077
122.txt,37.137,66.395,87.152
200.txt,42.445,65.138,85.845
202.txt,43.297,58.554,87.719
204.txt,41.137,53.051,92.403
369.txt,21.377,66.557,88.132
419.txt,19.454,57.993,85.847
421.txt,24.573,59.18,87.214
422.txt,28.263,55.958,86.552
423.txt,29.154,60.928,85.551
432.txt,32.121,66.611,87.516
434.txt,33.374,58.457,86.693
435.txt,32.124,57.213,91.349
436.txt,31.979,52.253,88.892
437.txt,30.225,49.919,87.18
