42P.txt,39.518,13.868,18.358
43P.txt,42.524,8.072,18.775
44P.txt,43.883,9.907,21.883
45P.txt,46.161,7.364,19.306
46P.txt,45.69,8.284,16.557
47P.txt,44.133,9.708,12.595
48P.txt,47.614,6.308,11.721
49P.txt,45.827,2.946,14.741
51P.txt,43.533,5.411,9.006
52P.txt,47.284,1.346,9.321
53P.txt,43.016,-1.614,11.841
56P.txt,40.108,-4.658,10.423
61P.txt,44.507,-4.187,19.504
64P.txt,44.319,-4.387,25.819
65P.txt,45.323,-0.482,24.919
66P.txt,41.247,0.994,25.172
73P.txt,34.309,9.971,28.096
74P.txt,36.303,10.103,24.257
91P.txt,40.736,-12.973,6.737
94P.txt,42.965,-8.134,14.807
95P.txt,45.973,-10.296,16.007
96P.txt,47.634,-10.492,19.491
97P.txt,52.983,-7.727,16.881
30.txt,33.117,-7.631,21.572
63.txt,39.566,-5.52,24.761
64.txt,44.319,-4.387,25.819
65.txt,45.323,-0.482,24.919
66.txt,41.247,0.994,25.172
67.txt,38.856,0.769,29.616
68.txt,35.599,-0.817,29.838
69.txt,34.975,3.699,30.914
70.txt,36.615,4.902,26.917
72.txt,30.208,5.522,26.411
