161P.txt,-0.765,5.07,-7.212
163P.txt,-0.485,5.644,-1.14
164P.txt,-3.111,3.556,1.939
170P.txt,4.526,4.197,-4.04
172P.txt,3.41,1.863,-9.566
173P.txt,7.134,-1.719,-10.771
175P.txt,6.227,-4.419,-16.393
176P.txt,3.032,-2.85,-20.189
177P.txt,5.623,-8.521,-20.023
178P.txt,4.347,-8.032,-26.52
190P.txt,12.541,8.104,-19.604
191P.txt,10.55,6.77,-25.016
192P.txt,7.15,12.082,-20.283
193P.txt,2.36,6.294,-22.882
194P.txt,-1.518,9.879,-21.276
196P.txt,-6.904,6.026,-19.922
197P.txt,-9.056,2.83,-17.003
199P.txt,-16.194,5.116,-16.322
216P.txt,-16.105,8.262,-10.457
220P.txt,-12.629,6.642,-6.885
227P.txt,-9.774,18.9,-20.356
229P.txt,-13.843,17.579,-25.959
232P.txt,-15.561,13.487,-28.453
157.txt,6.762,1.444,-17.209
158.txt,6.884,4.083,-13.978
160.txt,3.519,8.573,-9.565
162.txt,-2.656,8.28,-3.974
166.txt,-5.96,12.237,0.369
167.txt,-0.349,13.137,1.817
168.txt,3.161,8.994,2.071
169.txt,1.307,10.873,-5.28
170.txt,4.526,4.197,-4.04
171.txt,8.509,5.466,-9.008
172.txt,3.41,1.863,-9.566
173.txt,7.134,-1.719,-10.771
223.txt,-6.285,14.493,-7.674
240.txt,0.68,13.998,-13.35
