101P.txt,3.104,-4.35,-70.594
106P.txt,2.474,-15.662,-62.46
19P.txt,2.826,-16.143,-53.232
20P.txt,5.331,-12.734,-52.627
21P.txt,2.291,-8.473,-51.947
42P.txt,4.24,5.647,-59.668
43P.txt,2.344,9.971,-60.602
44P.txt,-2.253,10.127,-60.639
46P.txt,-2.516,14.261,-56.12
47P.txt,-0.667,10.647,-55.513
48P.txt,3.265,9.548,-55.049
49P.txt,0.925,5.203,-55.092
50P.txt,6.42,2.236,-53.055
51P.txt,6.364,0.491,-58.53
52P.txt,4.893,-2.855,-53.623
53P.txt,5.157,-5.451,-58.852
54P.txt,1.095,-11.19,-56.083
56P.txt,3.722,-16.83,-58.068
8P.txt,-15.178,-27.381,-54.972
85P.txt,2.69,-11.947,-66.323
86P.txt,3.554,-9.471,-70.056
87P.txt,2.773,-6.098,-65.255
88P.txt,2.039,-1.558,-67.599
99P.txt,2.879,2.599,-67.243
10.txt,-8.716,-29.807,-53.913
106.txt,2.474,-15.662,-62.46
107.txt,3.363,-19.422,-62.033
108.txt,4.035,-23.222,-60.794
11.txt,-7.102,-32.606,-51.175
12.txt,-2.991,-32.325,-52.141
13.txt,-0.847,-28.942,-55.903
17.txt,3.815,-22.31,-54.882
19.txt,2.826,-16.143,-53.232
20.txt,5.331,-12.734,-52.627
21.txt,2.291,-8.473,-51.947
23.txt,9.189,-3.811,-53.523
52.txt,4.893,-2.855,-53.623
54.txt,1.095,-11.19,-56.083
56.txt,3.722,-16.83,-58.068
8.txt,-15.178,-27.381,-54.972
9.txt,-14.231,-31.289,-56.17
