101P.txt,-89.528,-110.932,52.682
104P.txt,-98.461,-114.014,56.067
105P.txt,-97.287,-111.968,49.734
137P.txt,-78.707,-97.463,42.957
140P.txt,-82.592,-96.272,39.953
186P.txt,-74.861,-109.157,54.71
187P.txt,-72.127,-107.897,56.733
189P.txt,-68.53,-103.747,57.477
219P.txt,-75.819,-114.144,52.979
220P.txt,-79.913,-113.356,52.895
221P.txt,-79.584,-115.274,47.521
222P.txt,-75.306,-111.796,45.783
223P.txt,-81.112,-110.118,44.132
224P.txt,-82.304,-106.77,41.903
225P.txt,-76.509,-107.136,43.869
226P.txt,-78.27,-106.642,46.822
227P.txt,-77.105,-110.139,49.879
269P.txt,-103.271,-114.858,40.603
294P.txt,-124.94,-125.138,37.147
299P.txt,-111.71,-123.305,40.536
307P.txt,-123.083,-122.557,41.327
308P.txt,-116.378,-125.317,38.806
309P.txt,-119.361,-127.939,37.945
63P.txt,-95.447,-104.466,34.779
91P.txt,-97.382,-113.159,34.613
92P.txt,-96.172,-108.933,32.585
93P.txt,-94.906,-109.029,36.992
94P.txt,-91.202,-106.221,36.888
95P.txt,-89.798,-106.533,41.295
96P.txt,-87.054,-102.664,39.947
131.txt,-80.513,-90.132,58.68
133.txt,-85.162,-90.038,53.363
134.txt,-83.089,-93.703,52.22
135.txt,-81.408,-95.26,49.386
136.txt,-81.067,-97.775,46.416
137.txt,-78.707,-97.463,42.957
145.txt,-81.28,-93.041,44.477
153.txt,-82.859,-97.492,54.506
155.txt,-79.646,-94.38,59.045
156.txt,-75.398,-93.515,61.297
186.txt,-74.861,-109.157,54.71
189.txt,-68.53,-103.747,57.477
190.txt,-73.902,-103.911,56.191
192.txt,-71.833,-101.174,62.281
193.txt,-72.014,-98.696,58.989
194.txt,-76.164,-98.726,58.331
226.txt,-78.27,-106.642,46.822
228.txt,-79.449,-107.665,51.61
98.txt,-83.389,-103.232,48.982
