22P.txt,16.87,4.265,15.157
24P.txt,16.557,-0.889,9.856
27P.txt,17.535,-5.442,2.039
36P.txt,20.571,-8.711,-3.352
38P.txt,23.404,-2.505,0.504
39P.txt,20.866,1.275,1.841
40P.txt,25.128,5.679,3.343
41P.txt,21.952,5.93,5.059
42P.txt,22.097,2.266,7.214
43P.txt,20.166,4.262,9.874
44P.txt,17.542,7.318,9.998
45P.txt,17.446,10.244,14.185
71P.txt,18.275,11.33,-1.393
72P.txt,18.644,7.093,0.012
73P.txt,23.684,6.298,-2.13
75P.txt,24.41,0.059,-3.105
77P.txt,26.432,-5.839,-5.109
78P.txt,23.952,-9.118,-7.538
80P.txt,27.336,-7.711,-15.372
81P.txt,28.473,-2.484,-13.432
82P.txt,28.903,-1.479,-9.496
83P.txt,24.427,0.106,-9.763
84P.txt,26.72,3.337,-6.962
86P.txt,19.55,9.065,-6.914
40.txt,25.128,5.679,3.343
71.txt,18.275,11.33,-1.393
73.txt,23.684,6.298,-2.13
75.txt,24.41,0.059,-3.105
76.txt,22.137,-2.671,-7.331
77.txt,26.432,-5.839,-5.109
79.txt,23.072,-6.78,-11.515
80.txt,27.336,-7.711,-15.372
81.txt,28.473,-2.484,-13.432
82.txt,28.903,-1.479,-9.496
83.txt,24.427,0.106,-9.763
84.txt,26.72,3.337,-6.962
85.txt,19.489,4.117,-8.317
86.txt,19.55,9.065,-6.914
