105P.txt,-30.797,30.435,-37.601
109P.txt,-34.311,33.362,-34.906
112P.txt,-31.497,39.152,-34.802
113P.txt,-36.671,38.024,-31.196
221P.txt,-24.327,13.618,-21.06
222P.txt,-23.712,10.952,-24.155
224P.txt,-18.774,13.588,-28.491
244P.txt,-12.846,14.152,-29.24
246P.txt,-15.358,18.311,-24.69
330P.txt,-18.095,56.622,-46.235
332P.txt,-13.1,53.504,-46.502
368P.txt,-33.344,39.527,-53.252
370P.txt,-30.58,40.157,-48.62
394P.txt,-11.383,47.779,-63.946
413P.txt,-9.088,54.214,-50.175
415P.txt,-14.767,55.175,-51.415
422P.txt,-35.147,51.747,-38.423
423P.txt,-35.818,46.731,-41.202
44P.txt,-18.743,2.712,-29.615
446P.txt,-12.96,48.591,-38.227
45P.txt,-17.469,6.635,-33.287
491P.txt,-20.905,8.113,-26.885
53P.txt,-25.062,23.045,-23.792
75P.txt,-23.35,27.8,-19.557
80P.txt,-11.145,21.835,-17.944
82P.txt,-8.805,18.616,-22.274
84P.txt,-9.499,13.321,-26.667
85P.txt,-5.748,12.361,-32.358
86P.txt,-10.224,9.995,-32.647
87P.txt,-5.476,6.479,-32.085
89P.txt,-10.318,7.354,-36.455
275.txt,-23.778,20.482,-51.78
280.txt,-24.975,26.994,-61.446
281.txt,-27.798,26.219,-58.415
282.txt,-26.662,23.555,-55.043
283.txt,-24.176,28.499,-52.0
365.txt,-28.263,41.465,-61.749
366.txt,-31.381,42.023,-60.395
367.txt,-32.678,40.934,-57.069
368.txt,-33.344,39.527,-53.252
369.txt,-31.781,44.619,-50.396
371.txt,-28.629,37.845,-52.999
372.txt,-28.228,42.533,-54.826
373.txt,-26.768,45.758,-51.657
384.txt,-28.742,47.552,-46.487
419.txt,-28.135,54.249,-49.186
420.txt,-28.377,53.689,-42.535
421.txt,-34.434,50.613,-44.396
423.txt,-35.818,46.731,-41.202
455.txt,-23.9,32.713,-57.525
469.txt,-22.822,37.695,-61.162
472.txt,-25.757,33.768,-51.827
473.txt,-27.823,31.629,-50.221
474.txt,-29.12,31.772,-46.431
480.txt,-23.65,25.682,-43.683
96.txt,-23.031,22.387,-47.906
97.txt,-27.462,17.277,-45.883
