101P.txt,24.006,12.297,-9.549
103P.txt,24.709,5.08,-8.747
163P.txt,7.619,34.332,-16.9
201P.txt,14.892,30.278,-18.268
209P.txt,21.307,22.622,-7.37
210P.txt,23.169,26.569,-8.827
211P.txt,23.286,23.917,-11.724
212P.txt,20.422,28.625,-16.406
233P.txt,18.465,17.18,-13.431
246P.txt,13.034,30.979,-11.942
98P.txt,21.11,11.411,-17.613
134.txt,0.383,16.017,-19.146
135.txt,-0.175,12.788,-20.745
136.txt,2.652,9.929,-22.469
137.txt,2.155,6.646,-24.179
153.txt,5.117,17.293,-19.732
155.txt,1.896,23.179,-20.813
158.txt,-5.112,30.54,-23.019
159.txt,-0.972,31.002,-25.641
160.txt,0.318,32.567,-22.903
187.txt,10.648,19.36,-33.057
189.txt,7.084,22.445,-32.876
190.txt,6.908,19.736,-30.214
192.txt,7.232,26.925,-32.446
193.txt,3.276,23.788,-28.884
194.txt,4.648,22.154,-25.522
196.txt,3.654,29.033,-26.519
219.txt,15.524,14.311,-33.817
225.txt,7.506,6.471,-29.819
226.txt,9.529,9.51,-27.52
