464P.txt,-24.25,-33.768,28.268
458P.txt,-12.93,-26.229,28.665
459P.txt,-13.438,-28.01,25.498
461P.txt,-15.9,-32.435,22.745
460P.txt,-11.739,-30.106,21.244
76P.txt,-13.574,13.04,56.528
88P.txt,-32.514,11.241,28.038
202P.txt,15.099,-10.052,59.291
75P.txt,-11.066,12.657,53.079
439P.txt,-1.55,-14.763,70.326
204P.txt,9.661,-6.438,63.597
73P.txt,-4.994,7.64,53.303
72P.txt,-2.518,7.939,56.555
80P.txt,-26.049,14.525,53.621
432P.txt,7.679,-17.03,50.123
368P.txt,-0.313,-21.475,44.488
221P.txt,-12.255,19.103,40.949
223P.txt,-12.079,14.63,36.698
431P.txt,6.901,-13.756,46.874
222P.txt,-13.579,18.384,37.158
79P.txt,-22.408,13.976,56.225
434P.txt,8.037,-16.801,57.521
78P.txt,-20.324,13.532,52.684
437P.txt,3.796,-18.589,65.586
423P.txt,5.505,-20.371,55.367
436P.txt,4.566,-15.097,64.002
280P.txt,-11.786,-21.675,28.978
281P.txt,-9.22,-18.067,30.066
122P.txt,12.633,-14.853,50.044
325P.txt,-1.781,-28.737,65.627
442P.txt,-10.946,-19.279,70.991
440P.txt,-2.002,-18.45,72.91
441P.txt,-6.541,-19.24,72.248
