114P.txt,37.068,-17.903,38.406
116P.txt,37.529,-24.118,36.734
17P.txt,35.535,-32.231,27.103
13P.txt,30.416,-24.094,35.427
177P.txt,5.23,-29.448,25.114
162P.txt,24.155,-32.46,35.096
160P.txt,24.967,-33.219,40.853
174P.txt,15.75,-33.885,27.448
159P.txt,17.197,-34.224,43.786
158P.txt,19.783,-33.226,39.362
238P.txt,18.677,-4.832,51.601
172P.txt,11.466,-31.905,20.521
173P.txt,14.327,-36.938,25.472
239P.txt,21.589,-3.118,48.78
181P.txt,9.63,-21.298,17.856
-1P.txt,25.943,-36.729,13.192
-2P.txt,26.004,-37.714,9.724
-3P.txt,22.613,-33.837,7.837
51P.txt,48.298,-17.63,37.77
178P.txt,3.976,-24.894,23.312
92P.txt,32.354,-35.474,20.887
-6P.txt,20.776,-31.683,-0.756
93P.txt,30.713,-37.428,17.544
0P.txt,19.183,-35.98,12.825
52P.txt,45.303,-26.855,37.425
-4P.txt,21.433,-35.158,4.613
-5P.txt,24.352,-33.198,1.476
53P.txt,45.203,-23.47,32.884
242P.txt,31.261,-5.546,49.791
240P.txt,25.006,-5.91,51.337
241P.txt,28.649,-1.294,49.055
