100P.txt,8.959,68.239,-56.954
101P.txt,12.115,70.215,-61.008
103P.txt,5.368,70.122,-56.473
102P.txt,5.832,70.152,-59.934
248P.txt,-2.222,68.993,-52.37
106P.txt,14.219,71.096,-56.141
107P.txt,15.157,67.782,-53.941
105P.txt,10.278,71.212,-54.894
104P.txt,7.894,73.423,-55.415
110P.txt,9.42,60.903,-50.126
11P.txt,-51.576,25.01,-4.013
201P.txt,-23.21,39.781,-17.894
76P.txt,14.834,69.813,-47.482
163P.txt,-59.91,41.033,-2.517
77P.txt,11.423,72.075,-45.464
214P.txt,-21.116,38.29,-22.198
216P.txt,-13.555,41.052,-21.791
75P.txt,12.249,67.497,-49.327
74P.txt,9.535,69.544,-49.152
9P.txt,-52.503,28.801,-7.989
98P.txt,6.235,61.458,-54.18
99P.txt,6.804,67.436,-53.144
220P.txt,-12.449,43.445,-26.062
7P.txt,-50.335,26.918,-13.591
144P.txt,-59.103,34.77,-1.546
34P.txt,-54.77,27.314,2.548
109P.txt,11.202,63.504,-52.764
108P.txt,12.515,65.313,-57.825
268P.txt,-26.123,35.756,-28.419
244P.txt,-3.228,57.487,-51.708
246P.txt,-2.584,64.137,-54.1
