63P.txt,-6.825,1.321,5.009
77P.txt,-11.362,-20.198,18.261
49P.txt,-21.212,2.898,-10.911
75P.txt,-6.641,-14.356,14.525
74P.txt,-3.106,-14.906,15.114
48P.txt,-25.548,1.47,-7.534
70P.txt,3.464,-14.574,10.269
71P.txt,5.002,-18.183,10.838
73P.txt,-1.578,-18.485,14.275
67P.txt,-4.209,-8.8,4.225
72P.txt,2.458,-16.305,14.888
68P.txt,1.363,-8.68,7.896
78P.txt,-13.388,-17.917,20.72
46P.txt,-18.572,0.842,-5.741
47P.txt,-22.692,1.232,-4.703
20P.txt,-25.555,8.886,-2.652
21P.txt,-27.913,12.786,-4.712
23P.txt,-27.735,8.241,1.587
22P.txt,-30.195,10.632,-2.674
26P.txt,-18.924,8.878,4.702
25P.txt,-24.682,7.322,5.715
24P.txt,-26.477,11.559,3.749
