1P.txt,-0.806,19.365,35.994
100P.txt,7.559,25.707,36.327
103P.txt,13.812,23.869,33.319
104P.txt,12.166,28.28,34.9
11P.txt,5.879,24.534,50.113
12P.txt,3.107,21.258,53.164
16P.txt,11.29,20.056,54.358
17P.txt,14.827,18.441,52.23
2P.txt,-2.389,22.47,38.9
27P.txt,18.417,21.195,52.107
28P.txt,18.65,16.493,53.742
3P.txt,1.749,24.205,38.505
34P.txt,17.335,19.264,36.109
36P.txt,11.965,16.491,34.334
37P.txt,16.479,13.746,32.222
38P.txt,19.093,14.892,36.559
39P.txt,20.033,8.971,35.111
42P.txt,23.771,11.99,38.642
45P.txt,27.52,17.619,45.376
60P.txt,10.533,10.486,33.042
61P.txt,6.31,12.862,33.611
62P.txt,6.243,8.225,33.402
80P.txt,13.628,10.113,50.689
81P.txt,12.559,9.892,55.35
