1003P.txt,33.004,29.741,74.991
1004P.txt,30.248,31.688,74.539
1006P.txt,26.173,33.232,77.383
1009P.txt,22.638,32.369,81.712
1016P.txt,17.435,30.452,92.044
1021P.txt,16.964,28.482,100.632
1022P.txt,16.617,23.199,97.53
1023P.txt,19.871,23.982,95.795
1028P.txt,19.441,35.462,106.264
1039P.txt,34.198,39.784,75.872
1040P.txt,30.923,41.438,74.809
1042P.txt,26.49,36.825,73.576
1053P.txt,16.365,45.138,91.771
1069P.txt,30.39,46.698,77.009
1070P.txt,31.209,49.257,79.999
1079P.txt,21.276,50.118,91.681
1080P.txt,25.255,50.967,92.201
1082P.txt,29.993,52.514,87.715
1083P.txt,30.196,52.132,92.928
1100P.txt,46.799,44.735,98.76
1109P.txt,30.817,42.884,104.014
937P.txt,36.873,31.284,74.623
940P.txt,44.381,33.252,76.702
975P.txt,26.986,26.486,80.383
977P.txt,29.496,25.449,85.965
984P.txt,27.862,22.814,106.001
985P.txt,31.664,21.274,106.991
