105P.txt,68.064,80.322,-2.676
108P.txt,67.568,75.007,-6.423
109P.txt,71.161,77.271,-7.012
110P.txt,73.452,77.784,-2.759
111P.txt,73.942,81.448,-6.228
112P.txt,77.776,81.21,-1.507
114P.txt,82.666,87.364,-0.696
115P.txt,84.523,86.09,2.883
117P.txt,87.535,89.27,7.11
119P.txt,89.684,89.851,12.203
29P.txt,72.249,92.079,-7.665
50P.txt,79.867,76.657,8.035
51P.txt,77.685,78.836,11.441
52P.txt,72.019,80.276,10.099
59P.txt,58.772,90.155,1.464
60P.txt,56.68,90.715,4.158
62P.txt,60.063,87.239,9.069
63P.txt,63.887,87.83,11.054
64P.txt,64.698,83.52,11.032
65P.txt,68.146,85.966,14.531
66P.txt,70.06,80.657,15.31
68P.txt,72.643,78.227,18.195
76P.txt,71.212,93.074,14.532
78P.txt,67.96,96.272,8.735
