10P.txt,35.818,2.222,87.211
13P.txt,29.008,3.009,93.033
14P.txt,30.032,6.657,97.544
15P.txt,30.852,11.456,95.807
16P.txt,34.535,12.213,99.998
18P.txt,37.297,15.446,105.772
21P.txt,45.415,18.034,101.214
22P.txt,47.102,19.527,97.697
23P.txt,50.487,18.824,99.643
26P.txt,48.996,12.667,92.807
27P.txt,46.415,11.858,90.572
44P.txt,45.961,8.119,92.843
46P.txt,51.17,10.446,97.985
47P.txt,49.817,6.237,99.37
48P.txt,47.921,4.831,95.889
49P.txt,43.806,5.897,99.057
50P.txt,41.736,4.879,94.225
52P.txt,35.481,9.027,95.213
7P.txt,36.4,-3.531,79.445
8P.txt,36.859,-2.997,82.808
9P.txt,33.81,0.196,84.01
