1P.txt,12.719,-31.539,61.248
102P.txt,38.686,-27.625,69.486
103P.txt,36.521,-31.099,69.222
104P.txt,37.114,-32.588,72.504
105P.txt,36.728,-36.44,73.142
15P.txt,5.53,-24.901,87.22
152P.txt,17.712,-3.698,82.052
154P.txt,12.398,-7.381,87.361
18P.txt,5.548,-27.21,91.417
184P.txt,-2.996,-15.666,79.932
193P.txt,22.613,-15.816,86.018
194P.txt,20.034,-16.093,89.024
195P.txt,20.872,-11.909,87.926
198P.txt,11.986,-14.699,89.114
199P.txt,15.654,-16.685,90.398
207P.txt,-2.5,-16.44,73.416
208P.txt,-0.061,-12.345,71.563
24P.txt,19.677,-25.644,87.639
65P.txt,31.32,-30.4,68.076
68P.txt,31.206,-24.007,62.694
69P.txt,29.003,-20.854,63.506
72P.txt,29.663,-16.408,66.024
73P.txt,25.25,-18.935,66.169
75P.txt,20.212,-24.018,64.609
78P.txt,23.058,-27.719,63.519
95P.txt,33.915,-27.007,83.843
97P.txt,34.836,-21.513,78.169
98P.txt,32.5,-18.735,76.4
