105P.txt,-89.266,-72.349,-85.981
106P.txt,-90.896,-72.4,-83.372
107P.txt,-90.425,-70.538,-80.348
108P.txt,-91.084,-75.299,-76.244
132P.txt,-81.881,-85.949,-24.622
133P.txt,-80.348,-87.137,-21.513
134P.txt,-82.485,-84.919,-19.424
135P.txt,-84.238,-82.572,-22.002
136P.txt,-86.576,-84.436,-24.069
137P.txt,-85.925,-81.319,-25.86
150P.txt,-66.797,-76.948,-50.336
153P.txt,-70.217,-72.671,-48.215
164P.txt,-102.723,-88.856,-38.678
165P.txt,-103.026,-85.8,-39.336
168P.txt,-98.929,-82.206,-40.534
169P.txt,-95.996,-80.024,-41.817
170P.txt,-92.43,-78.097,-38.364
173P.txt,-84.678,-73.325,-42.666
175P.txt,-77.736,-71.849,-40.74
176P.txt,-73.859,-71.853,-44.155
204P.txt,-71.132,-67.103,-55.744
205P.txt,-71.789,-70.831,-55.773
208P.txt,-82.32,-76.112,-57.993
223P.txt,-96.597,-83.469,-22.266
87P.txt,-66.92,-80.579,-70.374
88P.txt,-65.611,-77.161,-72.448
92P.txt,-68.641,-70.745,-64.25
93P.txt,-68.604,-67.545,-62.215
94P.txt,-70.369,-67.095,-67.712
