-1P.txt,-24.083,102.411,29.921
0P.txt,-19.918,103.782,29.428
103P.txt,-14.453,105.081,37.732
107P.txt,-7.644,102.032,46.24
110P.txt,-11.991,100.347,55.809
111P.txt,-12.63,98.428,50.789
117P.txt,-22.269,96.488,58.286
138P.txt,-49.376,97.011,56.536
145P.txt,-42.285,103.726,52.071
148P.txt,-39.572,105.634,48.252
149P.txt,-36.752,107.505,53.943
153P.txt,-31.265,109.968,50.81
156P.txt,-30.713,114.518,42.068
157P.txt,-34.729,114.509,44.89
16P.txt,-41.526,106.638,39.215
2P.txt,-18.403,108.142,29.365
24P.txt,-52.558,99.372,51.037
26P.txt,-49.258,105.524,53.687
27P.txt,-52.281,107.996,55.413
3P.txt,-21.42,111.304,32.746
30P.txt,-52.489,103.834,62.003
31P.txt,-49.407,103.632,65.661
32P.txt,-48.135,98.577,61.686
35P.txt,-37.293,104.017,63.457
70P.txt,-40.864,82.712,47.464
82P.txt,-39.96,92.73,35.472
