304P.txt,46.94,6.392,171.706
305P.txt,48.281,9.943,169.851
307P.txt,40.535,13.921,169.719
315P.txt,44.668,20.548,150.724
321P.txt,41.121,5.671,144.773
323P.txt,41.671,0.746,145.292
338P.txt,50.934,14.462,168.67
348P.txt,22.412,12.983,158.865
355P.txt,28.455,5.776,156.846
357P.txt,35.864,1.064,156.277
359P.txt,40.926,2.66,155.076
361P.txt,44.877,3.232,160.826
362P.txt,45.269,4.89,163.995
364P.txt,47.78,10.86,163.179
377P.txt,42.035,5.714,152.307
379P.txt,35.198,2.684,152.232
381P.txt,29.031,4.859,151.156
382P.txt,25.314,2.885,146.98
384P.txt,25.029,10.312,147.992
386P.txt,27.568,14.692,153.797
399P.txt,28.583,15.352,148.559
401P.txt,28.267,9.853,143.964
402P.txt,31.271,4.436,145.976
