229P.txt,57.839,143.643,151.936
232P.txt,53.696,146.327,145.29
235P.txt,49.903,142.35,137.649
255P.txt,37.167,163.103,137.6
257P.txt,32.503,166.761,140.233
258P.txt,34.316,171.043,139.22
259P.txt,30.779,170.558,142.936
262P.txt,36.168,166.528,149.291
278P.txt,37.15,152.917,158.953
312P.txt,35.491,151.937,170.811
334P.txt,17.19,134.619,157.619
336P.txt,17.588,128.774,158.364
337P.txt,15.052,131.028,158.303
338P.txt,13.442,130.382,153.475
339P.txt,13.311,133.774,151.812
340P.txt,14.873,137.468,149.073
351P.txt,15.734,156.053,163.559
356P.txt,24.366,154.237,168.784
394P.txt,24.295,161.097,159.369
401P.txt,29.674,163.549,166.576
405P.txt,34.745,159.469,160.598
411P.txt,42.644,167.578,146.121
460P.txt,54.188,154.35,135.021
469P.txt,53.371,154.69,129.959
494P.txt,40.203,158.538,128.352
502P.txt,53.284,149.839,137.759
503P.txt,56.434,151.463,142.489
504P.txt,58.156,153.615,139.297
505P.txt,59.427,155.612,142.343
510P.txt,55.357,169.269,146.17
