102P.txt,-1.501,-8.382,24.673
103P.txt,2.314,-10.975,21.942
104P.txt,-0.034,-6.606,18.263
105P.txt,1.8,-8.574,14.428
106P.txt,2.661,-7.734,10.978
114P.txt,3.824,-15.837,-14.992
115P.txt,0.663,-13.303,-18.176
116P.txt,0.629,-16.596,-20.812
14P.txt,-6.994,-20.716,-15.051
15P.txt,-4.366,-23.77,-12.639
17P.txt,-7.869,-24.328,-8.188
26P.txt,7.874,-17.967,14.832
27P.txt,6.52,-16.028,18.471
29P.txt,2.233,-19.039,23.173
3P.txt,8.492,-13.129,15.113
31P.txt,-1.728,-23.929,23.771
32P.txt,-7.186,-22.062,22.517
56P.txt,-16.45,-15.634,13.67
60P.txt,-16.516,-9.706,2.294
61P.txt,-19.884,-10.21,-1.086
62P.txt,-15.711,-9.157,-2.593
64P.txt,-16.822,-15.622,-0.161
85P.txt,-12.584,-15.755,-8.354
88P.txt,-8.077,-12.069,-10.544
89P.txt,-10.218,-9.76,-8.907
