114P.txt,-110.745,-106.727,50.431
100P.txt,-89.888,-107.452,48.787
263P.txt,-116.204,-105.218,50.778
261P.txt,-112.553,-98.244,52.721
103P.txt,-93.633,-112.456,56.302
116P.txt,-109.816,-101.544,47.416
107P.txt,-102.529,-112.366,54.597
271P.txt,-102.774,-113.468,31.331
298P.txt,-112.192,-121.289,36.65
111P.txt,-105.832,-107.279,53.966
110P.txt,-106.116,-110.66,51.108
299P.txt,-111.71,-123.305,40.536
76P.txt,-95.708,-99.058,40.662
189P.txt,-68.53,-103.747,57.477
207P.txt,-103.788,-100.631,74.094
142P.txt,-85.188,-91.94,37.957
221P.txt,-79.584,-115.274,47.521
69P.txt,-98.328,-100.822,44.874
236P.txt,-104.426,-103.215,62.335
79P.txt,-100.943,-98.589,40.187
186P.txt,-74.861,-109.157,54.71
78P.txt,-99.259,-95.091,38.924
224P.txt,-82.304,-106.77,41.903
294P.txt,-124.94,-125.138,37.147
122P.txt,-98.818,-88.559,55.443
255P.txt,-92.933,-91.981,54.933
296P.txt,-116.559,-126.293,33.33
244P.txt,-95.678,-97.841,69.93
278P.txt,-121.625,-105.467,29.928
290P.txt,-125.155,-114.964,34.636
