275P.txt,21.265,44.696,20.621
272P.txt,26.285,41.225,13.228
266P.txt,28.98,51.99,21.434
201P.txt,29.404,96.496,30.439
228P.txt,27.979,83.599,36.913
203P.txt,30.788,89.992,30.494
207P.txt,34.847,84.866,33.003
206P.txt,35.151,81.391,30.444
199P.txt,27.365,98.028,37.024
198P.txt,21.673,97.446,40.322
205P.txt,33.234,86.532,28.437
194P.txt,16.096,106.418,43.829
196P.txt,22.363,105.047,40.583
197P.txt,23.488,102.204,43.541
225P.txt,21.866,78.206,32.46
231P.txt,25.128,75.767,33.465
191P.txt,25.712,102.566,37.385
280P.txt,32.142,48.961,24.398
283P.txt,22.71,41.203,23.647
268P.txt,32.235,44.306,20.684
269P.txt,33.47,46.084,17.86
255P.txt,34.603,55.642,25.204
292P.txt,30.553,39.057,17.082
278P.txt,25.009,48.804,29.231
246P.txt,32.556,72.508,26.511
253P.txt,29.283,61.543,24.347
247P.txt,29.253,75.567,23.058
