16P.txt,-16.441,-7.635,-8.842
17P.txt,-15.139,-11.645,-7.586
19P.txt,-17.628,-10.878,-1.63
27P.txt,-20.448,-12.812,-6.225
28P.txt,-16.328,-15.224,-10.179
30P.txt,-11.553,-17.765,-4.031
33P.txt,-9.403,-18.648,2.482
34P.txt,-6.495,-16.255,5.867
37P.txt,1.012,-18.384,4.944
38P.txt,-4.107,-20.695,4.606
39P.txt,-2.98,-25.149,2.3
41P.txt,-6.927,-25.431,-2.334
42P.txt,-7.924,-24.523,1.196
44P.txt,-15.828,-23.044,0.99
57P.txt,2.004,-21.377,-5.245
74P.txt,3.517,-17.393,-9.811
8P.txt,-9.373,2.436,-1.47
81P.txt,-11.905,-13.187,-16.489
82P.txt,-8.473,-7.811,-13.125
86P.txt,-5.381,0.989,-13.377
87P.txt,-2.759,2.823,-9.797
88P.txt,4.069,-1.626,-9.906
89P.txt,1.116,2.13,-4.926
92P.txt,2.535,-1.216,-2.851
100.txt,-2.666,-5.444,8.917
103.txt,-3.9,-10.465,11.256
104.txt,-6.217,-6.096,11.168
36.txt,-0.475,-13.026,3.366
37.txt,1.012,-18.384,4.944
58.txt,2.339,-21.258,0.017
60.txt,5.054,-15.964,0.639
61.txt,4.647,-11.17,1.029
62.txt,7.306,-13.427,-2.039
96.txt,-0.409,-3.622,2.844
99.txt,1.242,-9.228,5.716
