10P.txt,-2.34,68.956,64.802
101P.txt,-16.49,81.622,-21.032
102P.txt,-18.93,78.628,-16.068
103P.txt,-18.178,80.677,-12.861
104P.txt,-19.6,84.373,-14.701
106P.txt,-15.035,86.448,-19.121
107P.txt,-11.934,87.033,-17.765
108P.txt,-11.18,81.939,-18.223
109P.txt,-9.136,83.216,-13.178
11P.txt,-2.68,67.021,69.65
110P.txt,-7.304,82.713,-9.5
13P.txt,0.958,72.023,75.103
17P.txt,3.294,79.91,81.167
210P.txt,-1.896,87.328,35.559
211P.txt,1.628,84.967,31.153
263P.txt,-4.262,71.431,31.025
265P.txt,-3.141,68.307,35.464
266P.txt,-1.029,70.721,37.716
297P.txt,-12.131,74.833,89.597
298P.txt,-16.51,75.611,92.418
300P.txt,-16.946,68.739,94.599
301P.txt,-13.916,65.826,93.58
311P.txt,-15.775,50.039,75.252
313P.txt,-11.783,54.231,72.426
332P.txt,-23.259,69.584,90.115
347P.txt,0.811,59.167,87.413
391P.txt,-5.831,50.838,76.911
392P.txt,-1.228,47.796,75.426
7P.txt,-6.511,62.076,60.6
71P.txt,-18.836,89.134,-2.303
73P.txt,-16.055,90.994,-6.879
74P.txt,-14.572,88.612,-11.51
76P.txt,-9.922,92.095,-13.258
94P.txt,-10.634,88.362,1.905
305.txt,-20.817,55.197,92.068
306.txt,-18.666,57.396,87.842
307.txt,-22.488,53.4,84.223
308.txt,-18.771,52.492,81.353
309.txt,-22.006,54.542,78.756
310.txt,-19.282,54.475,74.429
311.txt,-15.775,50.039,75.252
312.txt,-12.124,52.491,76.432
325.txt,-24.015,57.639,83.421
327.txt,-24.819,55.666,89.32
362.txt,-29.537,61.295,83.697
364.txt,-23.668,61.076,79.647
387.txt,-14.234,52.446,87.6
388.txt,-8.688,49.265,88.218
389.txt,-10.829,50.658,83.38
390.txt,-7.222,47.344,82.04
