100P.txt,-13.696,12.094,9.497
127P.txt,-22.383,-3.96,22.894
156P.txt,8.789,3.985,4.196
157P.txt,5.261,9.659,3.615
158P.txt,10.865,9.47,2.132
173P.txt,14.165,2.559,5.987
183P.txt,17.043,11.647,33.924
185P.txt,19.031,8.459,29.115
196P.txt,-1.002,11.65,21.008
239P.txt,0.684,0.134,34.271
241P.txt,-2.177,-5.2,35.136
270P.txt,6.721,14.451,9.082
271P.txt,9.402,13.716,6.062
272P.txt,12.014,13.067,8.56
286P.txt,3.471,-15.656,9.405
288P.txt,9.048,-17.218,8.908
290P.txt,11.536,-11.901,7.184
301P.txt,24.119,-7.798,27.713
302P.txt,28.373,-7.8,28.532
341P.txt,18.153,-15.605,12.549
343P.txt,22.066,-19.605,13.739
346P.txt,20.749,-11.184,14.026
366P.txt,-1.195,-0.56,0.085
367P.txt,2.2,-1.346,0.65
383P.txt,22.742,-16.302,22.563
385P.txt,19.49,-22.545,20.769
406P.txt,-10.778,5.315,29.162
415P.txt,-3.809,0.433,35.907
51P.txt,-7.34,-8.856,0.263
56P.txt,-10.558,2.172,2.737
66P.txt,-15.623,-10.56,0.741
99P.txt,-9.683,11.327,11.848
253.txt,6.257,-13.404,34.425
317.txt,10.627,-18.49,15.787
320.txt,7.282,-25.264,18.746
321.txt,10.969,-24.391,18.059
323.txt,8.275,-23.352,24.021
324.txt,11.732,-25.864,23.516
325.txt,14.382,-27.252,25.514
326.txt,16.618,-27.034,22.491
327.txt,15.182,-22.671,21.398
328.txt,13.54,-19.319,25.53
329.txt,10.885,-24.011,28.118
330.txt,7.59,-23.099,28.403
331.txt,10.054,-19.302,29.601
333.txt,3.515,-17.182,26.429
341.txt,18.153,-15.605,12.549
383.txt,22.742,-16.302,22.563
384.txt,22.332,-19.562,20.264
385.txt,19.49,-22.545,20.769
386.txt,18.387,-18.581,23.699
387.txt,15.443,-16.252,20.569
