135P.txt,8.074,-4.77,-10.465
137P.txt,12.331,-5.19,-15.944
138P.txt,16.344,-7.206,-13.778
139P.txt,16.21,-6.173,-10.166
140P.txt,20.14,-9.368,-9.767
141P.txt,16.458,-10.641,-5.555
142P.txt,20.88,-10.515,-3.496
147P.txt,17.24,-10.579,11.822
148P.txt,13.581,-13.381,16.276
150P.txt,11.871,-8.989,20.327
151P.txt,7.687,-5.531,19.831
161P.txt,9.733,-12.17,12.737
166P.txt,20.421,-7.404,0.59
174P.txt,19.366,7.153,-20.353
175P.txt,15.766,9.468,-19.334
181P.txt,9.357,4.413,-5.672
187P.txt,-0.349,-10.301,-1.635
193P.txt,-2.208,-4.733,3.961
195P.txt,5.074,0.608,3.242
202P.txt,20.725,11.806,-5.684
204P.txt,26.67,12.493,-10.748
205P.txt,28.129,16.38,-9.754
206P.txt,25.66,13.791,-4.719
207P.txt,30.358,10.918,-4.773
208P.txt,32.299,14.376,-6.555
209P.txt,28.168,18.266,-4.23
210P.txt,29.488,13.884,0.495
57P.txt,-15.446,-14.612,20.301
92P.txt,1.845,-4.142,7.105
34.txt,-31.191,-23.059,23.578
35.txt,-26.881,-23.946,24.569
37.txt,-19.853,-23.953,23.211
40.txt,-11.081,-23.179,20.965
41.txt,-8.73,-23.674,20.618
42.txt,-9.943,-26.435,24.043
43.txt,-9.006,-26.387,26.528
44.txt,-6.602,-23.629,27.268
45.txt,-8.368,-19.518,27.337
46.txt,-11.545,-21.892,28.157
47.txt,-14.969,-23.152,26.87
48.txt,-17.688,-19.417,27.327
49.txt,-21.78,-23.617,27.179
50.txt,-24.264,-19.37,27.294
51.txt,-28.443,-20.546,28.656
52.txt,-27.878,-17.933,24.505
65.txt,-1.783,-15.497,21.558
