11P.txt,32.153,-7.197,37.023
115P.txt,26.784,8.961,7.697
12P.txt,33.228,-9.808,34.7
13P.txt,30.177,-12.807,34.751
156P.txt,21.866,33.939,14.95
181P.txt,7.22,30.533,9.363
182P.txt,13.692,30.338,12.294
183P.txt,15.873,28.147,9.76
211P.txt,-7.846,41.064,26.252
213P.txt,-10.005,43.167,20.467
238P.txt,-3.005,36.053,18.785
239P.txt,-5.136,32.362,18.366
243P.txt,-15.267,31.283,24.026
264P.txt,-5.369,38.869,8.909
295P.txt,-5.416,32.242,28.871
296P.txt,-4.196,37.822,29.495
297P.txt,-8.63,37.126,29.185
298P.txt,-12.208,38.609,29.241
316P.txt,-41.298,65.152,26.83
318P.txt,-38.937,71.645,29.078
319P.txt,-42.007,75.432,30.138
324P.txt,-48.521,83.754,33.227
33P.txt,16.536,-4.008,50.306
334P.txt,-38.708,74.956,25.258
351P.txt,-54.438,81.68,14.654
403P.txt,-48.508,70.008,23.033
419P.txt,-74.797,97.084,27.624
42P.txt,28.851,-1.426,33.144
443P.txt,-71.492,111.439,42.231
454P.txt,-68.366,106.109,47.019
482P.txt,-81.074,106.021,42.662
484P.txt,-79.267,112.795,42.274
507P.txt,-82.149,111.629,34.096
508P.txt,-84.631,112.222,36.932
55P.txt,25.553,-9.67,23.176
57P.txt,22.737,-9.05,30.346
83P.txt,20.634,-9.83,20.72
317.txt,-43.012,69.924,28.023
318.txt,-38.937,71.645,29.078
319.txt,-42.007,75.432,30.138
320.txt,-45.353,75.565,33.175
329.txt,-40.439,90.601,28.705
330.txt,-39.326,88.188,25.631
331.txt,-41.296,83.989,25.891
332.txt,-38.344,80.783,24.693
334.txt,-38.708,74.956,25.258
336.txt,-37.193,68.208,24.566
358.txt,-39.664,82.535,15.327
360.txt,-34.754,76.827,17.066
362.txt,-32.359,71.753,18.599
364.txt,-30.798,66.406,22.517
365.txt,-28.076,63.66,19.67
366.txt,-25.593,64.594,15.475
372.txt,-35.124,63.463,22.817
376.txt,-36.598,76.778,20.834
378.txt,-37.548,81.89,20.015
380.txt,-40.263,88.577,20.565
381.txt,-41.873,92.061,22.01
