299P.txt,-15.325,-8.958,-22.187
300P.txt,-13.126,-9.171,-16.996
301P.txt,-16.373,-10.029,-13.933
310P.txt,-32.15,6.398,-12.252
311P.txt,-35.142,6.493,-7.656
317P.txt,-43.256,-7.382,-15.165
318P.txt,-41.992,-7.927,-10.543
321P.txt,-35.902,-1.169,-14.051
342P.txt,-33.584,-10.711,5.671
343P.txt,-29.724,-12.838,7.674
349P.txt,-33.544,-14.932,-7.972
350P.txt,-35.402,-15.249,-11.736
352P.txt,-34.335,-10.658,-16.562
355P.txt,-24.392,-10.48,-20.452
357P.txt,-21.664,-5.684,-20.569
368P.txt,-34.918,-6.349,-15.828
370P.txt,-37.385,-11.611,-10.663
374P.txt,-39.238,-9.885,0.605
394P.txt,-45.598,-6.639,-0.465
395P.txt,-46.0,-11.866,-1.157
396P.txt,-46.39,-14.858,-3.392
397P.txt,-46.29,-16.671,-6.48
398P.txt,-49.884,-15.608,-8.638
305.txt,-17.285,0.882,-8.068
306.txt,-20.935,-0.652,-10.192
307.txt,-21.906,4.455,-7.791
309.txt,-27.075,7.425,-12.275
310.txt,-32.15,6.398,-12.252
325.txt,-21.658,5.135,-13.65
326.txt,-17.66,0.653,-13.635
327.txt,-16.713,4.981,-11.509
328.txt,-13.794,1.739,-13.192
329.txt,-10.307,0.93,-14.703
330.txt,-12.15,-3.076,-15.847
361.txt,-16.304,4.566,-17.087
362.txt,-18.205,7.59,-19.188
