102P.txt,56.128,47.142,66.291
109P.txt,36.703,54.711,59.734
110P.txt,33.404,54.199,61.653
12P.txt,23.252,37.646,89.114
135P.txt,10.746,24.082,76.72
141P.txt,4.437,28.386,85.217
142P.txt,5.908,25.815,79.406
143P.txt,3.471,29.926,80.159
144P.txt,6.485,30.671,75.57
177P.txt,16.186,52.817,79.833
178P.txt,14.777,51.517,83.928
18P.txt,21.124,50.241,90.571
181P.txt,10.125,42.205,84.394
20P.txt,20.888,51.959,82.416
22P.txt,19.425,50.269,77.38
23P.txt,23.877,49.316,79.098
236P.txt,8.574,37.246,88.6
25P.txt,18.225,46.525,75.439
26P.txt,22.19,46.94,73.348
32P.txt,23.63,41.236,64.871
45P.txt,46.5,40.977,70.935
57P.txt,21.865,48.197,58.409
58P.txt,23.56,52.26,60.833
59P.txt,27.934,52.361,59.521
9P.txt,20.499,32.201,96.54
90P.txt,30.534,49.705,70.005
91P.txt,30.543,52.606,74.877
92P.txt,34.444,48.88,77.147
94P.txt,42.257,50.256,71.203
110.txt,33.404,54.199,61.653
177.txt,16.186,52.817,79.833
178.txt,14.777,51.517,83.928
18.txt,21.124,50.241,90.571
19.txt,22.097,50.632,86.165
20.txt,20.888,51.959,82.416
22.txt,19.425,50.269,77.38
23.txt,23.877,49.316,79.098
26.txt,22.19,46.94,73.348
29.txt,17.992,45.149,70.232
30.txt,17.381,44.429,66.404
31.txt,21.788,45.954,66.5
58.txt,23.56,52.26,60.833
59.txt,27.934,52.361,59.521
60.txt,28.239,52.189,63.164
88.txt,28.676,44.211,69.188
90.txt,30.534,49.705,70.005
