113P.txt,9.415,20.986,190.734
115P.txt,11.242,14.569,190.166
122P.txt,4.983,11.346,192.1
123P.txt,5.611,16.249,190.525
133P.txt,19.411,41.434,205.162
134P.txt,19.528,47.282,202.102
135P.txt,22.974,44.086,202.231
137P.txt,19.276,42.685,198.863
138P.txt,21.687,46.247,197.625
139P.txt,24.981,41.837,196.288
140P.txt,19.607,39.585,194.358
141P.txt,18.279,45.215,193.101
142P.txt,22.39,46.335,192.169
143P.txt,23.235,41.219,190.385
18P.txt,-0.573,4.527,194.529
20P.txt,2.311,8.544,196.917
51P.txt,18.71,-0.146,191.798
54P.txt,15.359,7.536,190.09
56P.txt,15.814,15.523,188.96
58P.txt,13.767,20.849,189.393
61P.txt,14.189,24.746,184.622
68P.txt,20.575,7.153,189.014
69P.txt,19.608,3.222,189.416
70P.txt,23.215,4.834,193.486
115.txt,11.242,14.569,190.166
117.txt,11.399,6.484,190.377
119.txt,7.656,1.65,191.384
120.txt,6.854,4.397,190.401
121.txt,5.953,7.887,189.705
49.txt,16.227,-1.601,195.478
51.txt,18.71,-0.146,191.798
52.txt,15.089,1.058,191.657
54.txt,15.359,7.536,190.09
56.txt,15.814,15.523,188.96
66.txt,21.102,13.334,188.427
68.txt,20.575,7.153,189.014
69.txt,19.608,3.222,189.416
