289P.txt,32.224,18.872,-2.664
262P.txt,20.661,22.631,-24.209
276P.txt,27.109,23.191,-10.666
128P.txt,0.256,19.517,-8.407
277P.txt,27.234,18.96,-9.683
275P.txt,28.704,27.593,-10.559
260P.txt,21.26,15.903,-21.762
274P.txt,26.445,24.848,-15.87
258P.txt,20.536,13.002,-17.59
264P.txt,25.057,25.826,-21.061
265P.txt,23.911,26.115,-25.662
259P.txt,23.579,16.212,-16.874
266P.txt,20.285,27.528,-26.796
238P.txt,9.027,26.092,-25.746
234P.txt,8.585,19.74,-26.037
235P.txt,5.414,21.55,-22.256
237P.txt,12.96,22.779,-22.509
232P.txt,12.44,16.708,-22.257
233P.txt,9.188,17.65,-22.97
231P.txt,13.069,13.152,-18.207
268P.txt,24.96,31.41,-24.362
309P.txt,28.399,35.484,-6.545
241P.txt,14.176,29.186,-22.014
255P.txt,25.115,14.037,-9.126
286P.txt,34.259,7.233,0.586
126P.txt,1.337,18.454,-0.302
250P.txt,25.206,31.087,-13.795
287P.txt,35.738,11.51,-1.316
285P.txt,30.441,7.829,-3.915
131P.txt,-2.696,20.192,0.967
