29P.txt,134.883,-1.11,5.868
114P.txt,89.945,-2.411,4.213
16P.txt,136.319,11.258,-13.862
17P.txt,138.132,13.405,-9.358
13P.txt,135.198,15.172,-14.076
104P.txt,104.513,1.196,8.723
11P.txt,127.083,15.075,-14.996
76P.txt,126.539,10.622,-4.424
49P.txt,106.512,-12.683,13.788
74P.txt,122.128,13.038,0.63
57P.txt,114.659,-1.285,21.537
80P.txt,122.958,16.913,-8.631
56P.txt,109.01,0.005,19.218
83P.txt,117.366,17.185,-5.412
82P.txt,118.69,18.73,-9.531
45P.txt,110.599,-8.041,10.746
51P.txt,106.978,-8.44,21.024
52P.txt,105.76,-5.148,19.926
85P.txt,116.045,14.543,-10.762
53P.txt,108.613,-3.773,23.379
20P.txt,137.675,8.178,-7.06
108P.txt,98.042,0.855,8.2
23P.txt,134.935,5.559,-3.371
26P.txt,137.949,4.085,5.836
32P.txt,129.781,-2.57,4.045
31P.txt,128.34,2.101,3.422
30P.txt,131.347,1.732,6.703
