458P.txt,15.748,37.362,-0.918
459P.txt,18.047,35.43,1.22
275P.txt,14.091,35.578,-17.285
300P.txt,-20.948,62.855,-3.809
462P.txt,18.144,26.752,5.2
476P.txt,9.861,47.771,-20.531
461P.txt,18.566,31.629,5.089
460P.txt,22.087,32.841,1.37
474P.txt,8.792,48.6,-15.691
367P.txt,9.859,52.975,-2.519
366P.txt,9.568,50.097,-0.456
73P.txt,-3.07,56.493,-34.617
198P.txt,15.356,71.83,-14.023
432P.txt,7.797,65.092,-9.601
368P.txt,8.562,55.881,-5.178
369P.txt,3.234,56.816,-2.87
425P.txt,6.46,60.022,-9.369
419P.txt,-4.958,60.3,-0.245
421P.txt,-0.933,61.848,-4.893
280P.txt,16.175,37.564,-5.861
444P.txt,-17.681,53.25,-9.533
281P.txt,16.616,40.315,-9.389
283P.txt,10.07,41.207,-12.603
446P.txt,-16.617,49.096,-12.236
282P.txt,15.165,38.706,-13.493
279P.txt,17.392,35.673,-10.44
325P.txt,-11.106,64.626,1.929
457P.txt,11.83,38.09,-0.302
278P.txt,16.286,30.698,-8.82
326P.txt,-11.935,66.551,-3.03
327P.txt,-6.868,65.275,-1.093
455P.txt,9.519,40.922,-5.907
