114P.txt,15.649,-18.606,23.043
100P.txt,30.078,-35.09,23.987
101P.txt,31.65,-34.862,19.652
111P.txt,19.314,-18.101,18.388
105P.txt,27.414,-26.546,19.91
110P.txt,24.035,-17.475,23.279
89P.txt,20.173,-40.783,31.994
61P.txt,17.723,-32.676,32.847
149P.txt,-0.173,-30.941,23.257
58P.txt,18.609,-28.796,28.771
65P.txt,14.333,-33.439,38.393
99P.txt,26.156,-31.579,23.196
42P.txt,11.973,-21.454,19.867
4P.txt,24.222,-41.054,17.655
68P.txt,13.309,-37.91,39.473
96P.txt,25.218,-35.757,25.947
93P.txt,23.214,-41.057,25.875
153P.txt,4.84,-29.882,20.663
152P.txt,5.255,-34.455,21.272
109P.txt,23.624,-17.2,17.473
35P.txt,-2.819,-25.091,28.529
22P.txt,-2.588,-42.446,30.766
132P.txt,-1.139,-23.986,43.362
33P.txt,-8.403,-29.091,30.669
27P.txt,-11.826,-36.309,29.004
19P.txt,0.953,-43.081,27.974
