113P.txt,22.089,-7.549,56.634
116P.txt,21.366,-5.475,63.509
117P.txt,25.194,-6.386,66.062
118P.txt,27.977,-4.786,65.176
119P.txt,31.388,-1.929,67.136
120P.txt,28.195,0.614,65.333
121P.txt,30.451,3.802,67.765
124P.txt,33.461,7.268,64.512
125P.txt,37.12,2.971,66.062
126P.txt,39.37,8.348,64.604
127P.txt,36.887,10.341,63.438
128P.txt,36.574,15.179,61.874
129P.txt,33.185,14.556,64.744
19P.txt,21.745,9.518,70.156
21P.txt,13.729,6.236,68.262
22P.txt,18.902,5.051,69.561
23P.txt,19.185,4.179,66.609
27P.txt,24.285,3.192,63.594
47P.txt,11.295,-6.136,42.245
48P.txt,8.404,-2.636,42.94
5P.txt,34.784,7.104,58.11
6P.txt,34.818,11.908,58.989
62P.txt,6.456,2.363,51.277
73P.txt,2.293,4.855,50.092
41.txt,25.538,10.045,42.549
43.txt,20.712,4.763,42.053
44.txt,19.275,0.237,43.284
45.txt,15.545,-0.406,38.92
46.txt,13.787,-2.524,43.545
48.txt,8.404,-2.636,42.94
53.txt,16.356,7.776,44.75
67.txt,6.808,9.392,38.779
68.txt,9.086,5.936,37.669
69.txt,6.578,4.463,41.457
70.txt,3.89,2.077,41.517
81.txt,15.933,14.401,43.037
84.txt,20.32,12.738,44.342
