102P.txt,-36.072,-4.638,6.08
103P.txt,-35.954,-2.913,2.174
106P.txt,-34.043,-2.897,-1.62
111P.txt,-28.816,-2.808,-4.653
112P.txt,-34.299,-1.514,-6.537
113P.txt,-32.616,-1.161,-10.789
114P.txt,-27.768,-0.082,-12.93
116P.txt,-30.592,-6.819,-6.982
117P.txt,-27.7,-9.552,-9.823
118P.txt,-24.793,-8.058,-10.616
119P.txt,-20.118,-9.565,-10.292
120P.txt,-21.173,-6.6,-7.068
121P.txt,-17.222,-8.145,-5.272
124P.txt,-13.733,-4.567,-5.036
125P.txt,-12.499,-7.487,-9.898
128P.txt,-4.621,-3.435,-4.076
19P.txt,-19.718,-8.355,4.771
22P.txt,-24.644,-9.153,4.148
23P.txt,-26.012,-6.177,2.006
24P.txt,-20.651,-7.106,-0.192
27P.txt,-23.178,-4.32,-2.882
41P.txt,-20.77,18.104,-3.517
79P.txt,-27.858,17.718,9.248
81P.txt,-25.269,19.242,5.489
100.txt,-30.925,-1.932,9.539
101.txt,-35.296,-1.538,7.544
102.txt,-36.072,-4.638,6.08
14.txt,-11.23,2.076,8.85
15.txt,-16.003,4.09,7.382
16.txt,-17.719,-1.138,7.836
19.txt,-19.718,-8.355,4.771
20.txt,-23.693,-3.506,8.018
21.txt,-27.341,-6.52,8.86
62.txt,-39.332,8.879,5.757
63.txt,-33.714,8.024,6.239
75.txt,-35.024,8.572,10.9
77.txt,-31.046,12.28,14.249
89.txt,-18.647,9.376,8.679
93.txt,-23.134,6.325,10.317
96.txt,-24.397,1.345,8.759
97.txt,-30.477,3.74,10.956
98.txt,-31.081,3.025,5.804
