105P.txt,17.595,-8.472,-11.219
110P.txt,2.674,-9.413,-14.658
112P.txt,-1.476,-10.225,-19.688
113P.txt,-0.908,-4.706,-23.268
115P.txt,3.559,-5.517,-27.706
116P.txt,8.653,-3.131,-29.687
129P.txt,23.839,-11.189,-11.96
130P.txt,19.753,-12.478,-12.101
139P.txt,4.293,-12.355,-31.225
140P.txt,9.513,-11.034,-31.527
153P.txt,27.083,-19.352,-13.998
155P.txt,19.513,-16.69,-14.628
162P.txt,1.573,-16.424,-25.108
163P.txt,0.613,-14.003,-27.678
165P.txt,6.25,-18.164,-32.075
166P.txt,10.452,-18.69,-32.078
183P.txt,14.976,-20.961,-16.323
212P.txt,0.94,-24.709,-28.269
225P.txt,31.369,-21.297,-28.129
24P.txt,2.985,14.549,-1.654
25P.txt,-0.174,16.774,-0.6
26P.txt,-1.74,13.333,0.538
27P.txt,0.61,11.47,2.387
28P.txt,0.258,7.728,0.922
29P.txt,3.105,9.155,-1.962
32P.txt,7.921,5.335,-0.154
80P.txt,18.885,-4.891,-7.406
87P.txt,-2.364,-3.235,-17.471
90P.txt,3.413,-0.87,-25.882
104.txt,22.525,-6.941,-11.261
105.txt,17.595,-8.472,-11.219
107.txt,12.309,-9.191,-13.178
109.txt,6.914,-10.456,-13.05
110.txt,2.674,-9.413,-14.658
129.txt,23.839,-11.189,-11.96
130.txt,19.753,-12.478,-12.101
134.txt,8.291,-13.362,-15.977
151.txt,28.116,-13.046,-14.416
152.txt,30.71,-16.441,-14.285
153.txt,27.083,-19.352,-13.998
155.txt,19.513,-16.69,-14.628
157.txt,13.734,-16.17,-15.868
181.txt,20.794,-20.703,-16.87
183.txt,14.976,-20.961,-16.323
203.txt,24.515,-25.574,-17.489
36.txt,18.983,1.191,2.622
38.txt,14.962,-0.044,-0.509
42.txt,2.342,1.552,-6.412
55.txt,21.02,1.153,-4.928
58.txt,10.23,-1.937,-6.544
60.txt,4.644,-2.41,-8.259
61.txt,-0.049,-2.141,-8.743
80.txt,18.885,-4.891,-7.406
82.txt,12.957,-5.438,-9.686
84.txt,5.029,-5.805,-11.344
85.txt,1.306,-5.647,-11.782
