10P.txt,-47.556,26.08,-5.681
101P.txt,12.115,70.215,-61.008
102P.txt,5.832,70.152,-59.934
103P.txt,5.368,70.122,-56.473
104P.txt,7.894,73.423,-55.415
106P.txt,14.219,71.096,-56.141
107P.txt,15.157,67.782,-53.941
108P.txt,12.515,65.313,-57.825
11P.txt,-51.576,25.01,-4.013
12P.txt,-48.218,26.084,0.929
13P.txt,-50.67,25.207,5.838
144P.txt,-59.103,34.77,-1.546
15P.txt,-47.011,26.795,9.811
16P.txt,-47.244,24.114,12.489
163P.txt,-59.91,41.033,-2.517
199P.txt,-20.257,43.43,-11.276
201P.txt,-23.21,39.781,-17.894
214P.txt,-21.116,38.29,-22.198
215P.txt,-16.551,42.411,-17.845
216P.txt,-13.555,41.052,-21.791
217P.txt,-18.197,41.251,-26.989
219P.txt,-14.54,46.768,-21.877
225P.txt,-13.137,54.305,-25.619
234P.txt,-10.973,57.869,-25.347
254P.txt,-16.158,57.793,-42.836
34P.txt,-54.77,27.314,2.548
57P.txt,-16.794,52.042,-22.392
76P.txt,14.834,69.813,-47.482
77P.txt,11.423,72.075,-45.464
9P.txt,-52.503,28.801,-7.989
98P.txt,6.235,61.458,-54.18
104.txt,7.894,73.423,-55.415
106.txt,14.219,71.096,-56.141
107.txt,15.157,67.782,-53.941
109.txt,11.202,63.504,-52.764
110.txt,9.42,60.903,-50.126
74.txt,9.535,69.544,-49.152
75.txt,12.249,67.497,-49.327
76.txt,14.834,69.813,-47.482
77.txt,11.423,72.075,-45.464
78.txt,10.893,68.53,-42.592
79.txt,8.079,66.722,-38.889
