470P.txt,5.576,10.769,-38.242
472P.txt,10.143,9.655,-31.54
474P.txt,8.274,7.571,-25.282
499P.txt,5.206,10.606,-24.898
501P.txt,5.709,13.753,-31.009
503P.txt,7.939,14.659,-36.112
504P.txt,6.369,17.698,-38.396
506P.txt,5.606,19.197,-32.627
546P.txt,10.159,1.363,-35.564
548P.txt,14.228,2.549,-30.991
550P.txt,16.251,3.84,-25.443
551P.txt,19.831,4.55,-26.418
552P.txt,19.914,1.577,-27.874
553P.txt,21.079,-0.077,-31.602
554P.txt,18.211,-3.728,-28.273
555P.txt,15.695,-3.91,-32.043
557P.txt,11.215,-8.935,-33.159
559P.txt,3.136,-12.738,-33.35
560P.txt,3.006,-10.866,-37.466
561P.txt,8.519,-12.373,-37.381
562P.txt,7.177,-13.096,-41.486
584P.txt,7.778,-13.701,-31.284
587P.txt,13.439,-8.444,-27.589
596P.txt,11.849,4.419,-28.684
598P.txt,8.566,5.829,-35.397
476.txt,8.463,5.133,-19.774
477.txt,8.487,1.511,-18.17
479.txt,6.564,-4.269,-18.286
484.txt,-3.568,-8.708,-19.543
485.txt,-3.134,-4.633,-21.313
496.txt,1.302,4.126,-17.552
497.txt,4.295,6.191,-19.115
499.txt,5.206,10.606,-24.898
510.txt,0.638,12.742,-22.293
512.txt,-0.977,9.179,-17.765
513.txt,-3.231,13.489,-20.452
514.txt,-5.309,12.952,-24.521
515.txt,-10.062,13.35,-24.846
534.txt,-9.224,-4.598,-21.996
573.txt,-11.103,3.736,-23.159
574.txt,-8.758,3.754,-19.558
575.txt,-7.132,4.813,-16.798
576.txt,-3.75,5.625,-18.503
577.txt,-5.51,6.463,-21.712
578.txt,-2.229,1.654,-19.494
