112P.txt,26.399,-18.263,7.811
113P.txt,26.765,-16.95,2.674
127P.txt,25.436,-15.874,-3.587
36P.txt,-11.607,-36.787,6.09
37P.txt,-8.313,-34.287,5.223
38P.txt,-3.617,-34.372,8.152
39P.txt,-6.697,-29.253,8.024
42P.txt,-14.107,-31.632,12.087
44P.txt,-13.741,-27.258,18.563
54P.txt,-1.319,-35.305,18.806
59P.txt,-16.995,-35.548,13.958
60P.txt,-17.384,-38.436,16.557
73P.txt,14.543,-33.843,13.446
75P.txt,9.379,-24.743,11.878
86P.txt,5.934,-24.794,8.583
87P.txt,10.101,-31.636,6.123
89P.txt,14.926,-22.924,5.499
90P.txt,17.906,-27.919,4.964
94P.txt,26.794,-26.619,0.101
95P.txt,23.411,-23.956,-3.467
96P.txt,27.114,-21.866,-0.974
97P.txt,23.933,-20.912,1.256
36.txt,-11.607,-36.787,6.09
39.txt,-6.697,-29.253,8.024
40.txt,-8.202,-29.254,11.598
41.txt,-12.794,-28.273,9.435
42.txt,-14.107,-31.632,12.087
43.txt,-9.927,-28.695,15.646
44.txt,-13.741,-27.258,18.563
45.txt,-8.931,-26.828,22.253
46.txt,-5.874,-23.247,18.947
48.txt,0.713,-23.32,21.09
49.txt,3.731,-20.964,18.675
59.txt,-16.995,-35.548,13.958
60.txt,-17.384,-38.436,16.557
78.txt,1.597,-17.693,12.802
79.txt,-0.701,-20.583,16.339
80.txt,-1.075,-24.894,14.151
81.txt,-6.648,-24.706,14.502
86.txt,5.934,-24.794,8.583
