121P.txt,28.63,26.14,-19.812
131P.txt,9.418,25.41,-16.434
154P.txt,18.347,56.809,-22.164
155P.txt,20.725,58.746,-18.888
157P.txt,23.268,59.32,-24.557
158P.txt,18.119,61.662,-24.455
161P.txt,24.775,67.047,-22.475
162P.txt,24.075,70.944,-24.272
163P.txt,17.891,69.572,-19.307
166P.txt,27.498,69.318,-18.224
167P.txt,29.813,68.408,-14.662
168P.txt,32.624,64.788,-12.511
171P.txt,30.523,59.711,-13.437
229P.txt,26.453,70.968,-5.168
233P.txt,35.138,68.086,3.238
255P.txt,37.153,33.812,3.482
256P.txt,32.785,29.379,0.276
257P.txt,32.789,29.244,7.208
258P.txt,30.374,32.94,5.243
283P.txt,21.91,61.765,10.847
284P.txt,24.865,65.243,8.188
287P.txt,20.407,67.57,11.366
288P.txt,22.259,70.246,8.328
291P.txt,12.421,66.912,9.292
295P.txt,9.811,65.657,4.835
296P.txt,8.728,67.867,1.571
302P.txt,9.281,58.739,-2.1
324P.txt,8.652,28.655,7.358
325P.txt,3.958,29.815,5.994
326P.txt,1.454,27.353,2.233
327P.txt,5.278,23.352,1.71
363P.txt,20.4,71.216,-11.577
0.txt,18.565,14.928,-29.062
112.txt,9.702,18.45,-7.571
116.txt,19.468,18.242,-12.875
117.txt,23.245,17.756,-11.8
118.txt,23.24,19.838,-16.079
119.txt,28.091,19.182,-16.526
120.txt,26.535,22.036,-19.645
122.txt,25.416,23.704,-25.465
89.txt,21.962,17.367,-28.187
90.txt,20.615,17.29,-23.314
91.txt,17.179,13.704,-23.142
92.txt,16.435,19.031,-18.191
93.txt,12.326,14.422,-15.951
95.txt,14.941,16.256,-9.601
96.txt,13.073,15.285,-6.438
99.txt,17.612,13.182,-5.306
