11P.txt,19.781,-15.723,-68.753
110P.txt,23.266,-31.077,7.123
12P.txt,21.494,-14.497,-65.355
13P.txt,20.267,-18.107,-62.148
14P.txt,21.85,-15.794,-59.168
15P.txt,22.659,-19.006,-56.432
16P.txt,22.186,-17.121,-52.522
17P.txt,24.042,-15.785,-48.692
18P.txt,20.391,-14.544,-45.14
19P.txt,21.781,-10.815,-44.725
266P.txt,18.137,-28.099,1.838
269P.txt,24.015,-19.77,4.425
28P.txt,35.257,-20.205,-33.501
29P.txt,37.918,-23.751,-33.075
293P.txt,22.941,-24.158,-20.426
294P.txt,25.896,-23.279,-19.168
299P.txt,29.313,-21.174,-6.173
30P.txt,39.559,-20.745,-36.096
300P.txt,25.195,-21.472,-4.046
301P.txt,22.281,-23.999,-6.587
307P.txt,25.618,-26.871,-15.576
310P.txt,34.828,-19.109,-14.8
316P.txt,25.088,-20.922,-29.781
317P.txt,25.456,-19.79,-33.429
318P.txt,21.567,-19.319,-34.524
319P.txt,23.749,-18.706,-38.162
320P.txt,24.7,-17.825,-42.204
321P.txt,31.017,-15.579,-42.308
323P.txt,28.574,-11.179,-45.767
325P.txt,28.068,-5.018,-49.932
42P.txt,24.268,-20.764,-23.685
94P.txt,18.415,-13.301,17.104
131.txt,14.658,-31.476,39.49
134.txt,15.15,-26.222,34.027
135.txt,16.242,-22.717,34.039
136.txt,17.372,-19.226,32.841
137.txt,17.472,-15.536,33.008
153.txt,19.148,-27.458,33.298
155.txt,17.644,-29.434,39.088
156.txt,19.769,-30.822,43.487
157.txt,16.558,-33.735,44.881
158.txt,18.414,-31.897,47.426
159.txt,21.076,-33.92,49.133
189.txt,30.215,-23.66,44.845
190.txt,27.42,-23.288,39.011
193.txt,24.886,-25.521,43.918
194.txt,23.116,-27.697,39.89
196.txt,26.077,-32.9,44.235
226.txt,25.591,-16.886,31.517
98.txt,22.327,-21.242,28.818
