103P.txt,-21.9,37.429,-63.719
104P.txt,-22.812,39.322,-59.103
113P.txt,-38.111,29.878,-43.559
151P.txt,-45.898,22.11,-56.991
200P.txt,-31.283,20.022,-41.24
203P.txt,-30.815,23.235,-37.899
215P.txt,-61.911,26.541,-17.077
222P.txt,-56.613,20.999,-14.168
224P.txt,-53.441,19.973,-21.659
233P.txt,-38.159,12.479,-30.302
242P.txt,-47.548,37.255,-12.854
249P.txt,-43.415,31.854,-10.693
260P.txt,-52.79,20.589,-11.052
277P.txt,-31.316,16.289,-29.279
278P.txt,-30.36,18.612,-32.054
279P.txt,-30.76,22.274,-26.31
289P.txt,-54.689,38.727,-21.072
31P.txt,-11.593,16.573,-61.982
58P.txt,-14.993,20.906,-43.157
59P.txt,-11.036,18.605,-42.52
60P.txt,-11.728,14.756,-44.198
61P.txt,-9.386,11.98,-43.124
89P.txt,6.019,17.757,-48.019
90P.txt,2.013,18.1,-52.862
91P.txt,-0.048,21.033,-51.795
92P.txt,-2.991,20.748,-54.655
93P.txt,-5.801,25.173,-55.884
94P.txt,-9.819,21.876,-56.624
95P.txt,-12.089,25.619,-57.61
98P.txt,-14.854,25.651,-62.674
48.txt,2.107,8.783,-46.096
49.txt,-1.919,10.499,-44.974
51.txt,-5.774,16.343,-44.839
56.txt,-11.171,26.967,-43.792
57.txt,-14.701,25.471,-42.845
58.txt,-14.993,20.906,-43.157
59.txt,-11.036,18.605,-42.52
60.txt,-11.728,14.756,-44.198
61.txt,-9.386,11.98,-43.124
62.txt,-8.472,9.728,-46.506
82.txt,-6.956,21.844,-50.146
84.txt,-2.3,18.516,-45.987
85.txt,0.684,15.008,-48.449
86.txt,2.628,14.172,-45.007
87.txt,6.132,12.031,-46.633
89.txt,6.019,17.757,-48.019
90.txt,2.013,18.1,-52.862
91.txt,-0.048,21.033,-51.795
