101P.txt,-99.558,1.706,2.008
115P.txt,-112.134,9.571,14.636
117P.txt,-106.321,12.417,19.215
149P.txt,-99.569,16.869,17.687
160P.txt,-78.076,5.102,28.434
210P.txt,-94.134,-8.723,11.362
211P.txt,-92.764,-5.687,9.273
212P.txt,-88.329,-7.82,12.42
220P.txt,-80.214,9.782,1.089
221P.txt,-80.639,14.414,-0.725
223P.txt,-85.291,17.614,1.869
229P.txt,-84.615,11.305,5.037
231P.txt,-89.216,5.96,7.019
233P.txt,-93.324,2.304,8.337
256P.txt,-102.077,11.145,20.764
55P.txt,-111.832,20.458,4.638
72P.txt,-104.997,23.276,11.936
73P.txt,-107.156,19.533,11.092
74P.txt,-108.381,18.713,16.76
75P.txt,-112.963,19.663,15.901
76P.txt,-112.02,15.899,14.588
77P.txt,-117.033,15.052,12.033
79P.txt,-118.348,12.882,9.691
80P.txt,-115.11,12.168,7.278
81P.txt,-116.905,10.004,3.101
82P.txt,-113.705,12.593,-0.33
97P.txt,-89.842,10.616,3.877
98P.txt,-91.913,6.242,2.177
135.txt,-87.894,18.967,18.111
136.txt,-87.578,19.969,13.865
137.txt,-86.988,23.16,11.978
153.txt,-87.032,12.364,17.318
159.txt,-76.368,8.074,28.179
190.txt,-76.232,11.996,14.234
192.txt,-72.134,6.986,17.34
193.txt,-75.989,10.884,19.774
194.txt,-79.725,10.41,18.939
196.txt,-76.316,6.366,23.152
198.txt,-72.729,1.496,15.998
226.txt,-82.905,17.7,7.332
