110P.txt,-76.688,50.501,59.295
114P.txt,-73.341,44.236,55.428
118P.txt,-69.347,40.519,54.301
163P.txt,-66.402,78.307,81.155
164P.txt,-69.073,80.427,80.108
165P.txt,-68.867,78.948,86.119
166P.txt,-73.404,77.579,82.975
167P.txt,-69.72,74.422,88.065
175P.txt,-84.719,54.793,76.27
176P.txt,-82.786,56.305,71.437
177P.txt,-80.313,54.019,72.232
193P.txt,-63.301,66.064,90.25
194P.txt,-60.852,67.42,93.639
195P.txt,-64.753,71.291,91.283
196P.txt,-68.502,71.801,92.492
197P.txt,-69.03,70.029,88.359
205P.txt,-88.698,60.657,79.898
217P.txt,-99.458,60.65,81.661
241P.txt,-90.158,71.037,74.277
310P.txt,-43.622,48.974,58.537
311P.txt,-45.472,45.028,57.02
312P.txt,-43.011,45.009,52.07
313P.txt,-47.646,43.341,52.45
322P.txt,-69.728,36.582,44.809
325P.txt,-63.439,30.568,49.604
326P.txt,-59.245,33.42,47.975
328P.txt,-60.478,35.569,54.524
329P.txt,-58.161,38.149,55.31
330P.txt,-53.333,38.628,58.84
331P.txt,-54.616,41.644,54.833
333P.txt,-56.75,42.789,60.926
337P.txt,-53.183,47.127,63.085
31.txt,-41.702,53.979,42.15
32.txt,-44.858,54.888,43.762
33.txt,-47.225,51.685,44.393
34.txt,-51.381,52.565,42.481
55.txt,-56.922,66.082,40.77
56.txt,-53.775,70.485,43.412
57.txt,-52.446,66.056,45.956
58.txt,-47.816,65.101,45.553
59.txt,-50.707,61.705,48.02
60.txt,-45.594,61.129,44.627
61.txt,-42.172,62.893,49.277
65.txt,-49.866,56.913,44.994
66.txt,-53.672,57.939,44.888
67.txt,-55.057,55.024,39.782
92.txt,-61.133,50.098,37.961
