107P.txt,30.202,11.563,-8.154
112P.txt,42.05,10.544,-2.789
113P.txt,40.604,11.793,-5.482
144P.txt,12.399,1.564,-21.23
147P.txt,5.309,-0.888,-22.549
148P.txt,2.429,-2.695,-21.25
149P.txt,2.702,-3.18,-17.609
152P.txt,1.131,0.325,-13.991
156P.txt,3.068,2.246,-7.559
16P.txt,9.739,-7.518,-15.934
163P.txt,6.0,7.859,-0.293
177P.txt,18.262,21.02,17.051
218P.txt,46.239,2.925,12.487
220P.txt,41.557,1.807,16.04
221P.txt,46.803,4.757,15.862
222P.txt,42.508,7.61,14.069
224P.txt,40.821,6.916,19.448
225P.txt,42.68,11.479,16.563
229P.txt,38.404,15.887,18.519
254P.txt,35.47,4.372,28.098
26P.txt,13.737,-6.659,-3.41
269P.txt,12.236,-8.673,8.623
27P.txt,12.52,-1.994,-1.286
277P.txt,10.215,5.617,4.419
278P.txt,11.422,1.676,7.568
30P.txt,9.085,-3.398,-5.383
35P.txt,1.776,-7.217,-9.461
39P.txt,12.538,-9.008,-7.847
41P.txt,18.366,-10.3,-4.51
45P.txt,19.378,-9.107,4.364
234.txt,26.864,8.562,21.929
243.txt,29.38,-5.302,16.394
250.txt,33.846,1.504,23.21
251.txt,37.161,-0.754,26.055
252.txt,40.165,1.92,23.973
253.txt,36.551,5.814,24.07
254.txt,35.47,4.372,28.098
255.txt,32.245,7.079,24.537
256.txt,28.225,3.525,24.842
257.txt,27.4,1.494,20.434
258.txt,22.449,5.887,20.458
259.txt,23.158,2.463,17.582
260.txt,22.179,-0.953,14.857
272.txt,14.048,0.357,13.177
