114P.txt,12.694,18.981,37.664
115P.txt,9.66,17.271,38.922
120P.txt,13.099,33.889,41.267
206P.txt,4.497,26.072,37.045
207P.txt,1.26,25.348,41.252
208P.txt,1.534,20.008,39.549
379P.txt,-1.568,18.261,49.118
394P.txt,2.691,21.172,82.729
395P.txt,0.216,19.527,79.892
408P.txt,-0.794,18.283,87.141
409P.txt,-3.718,18.975,84.88
410P.txt,-4.336,19.606,81.31
411P.txt,-6.496,20.704,78.71
422P.txt,5.254,32.904,49.318
423P.txt,10.075,33.676,51.402
427P.txt,16.241,20.445,50.969
432P.txt,17.595,32.263,49.295
433P.txt,13.283,30.919,46.72
434P.txt,9.301,33.648,46.102
435P.txt,8.309,29.225,46.2
437P.txt,0.293,32.943,44.889
44P.txt,30.05,-14.709,51.94
45P.txt,28.331,-11.146,53.929
492P.txt,31.054,-14.084,45.441
53P.txt,17.317,-1.094,41.919
68P.txt,6.5,11.929,36.836
71P.txt,7.733,6.647,35.941
72P.txt,12.131,8.996,35.296
73P.txt,14.558,6.234,37.575
74P.txt,12.322,4.056,38.905
75P.txt,11.895,0.005,38.523
76P.txt,8.635,-1.741,38.434
103.txt,22.009,6.713,47.12
106.txt,21.551,12.074,45.358
107.txt,17.222,10.663,44.826
217.txt,15.849,3.282,47.479
221.txt,23.821,-7.681,40.734
51.txt,24.344,2.863,42.332
52.txt,21.076,1.307,44.845
53.txt,17.317,-1.094,41.919
54.txt,14.248,2.543,42.377
71.txt,7.733,6.647,35.941
72.txt,12.131,8.996,35.296
73.txt,14.558,6.234,37.575
74.txt,12.322,4.056,38.905
75.txt,11.895,0.005,38.523
76.txt,8.635,-1.741,38.434
77.txt,6.723,-3.278,42.411
78.txt,8.087,-7.694,43.166
