102P.txt,18.503,23.631,17.091
19P.txt,-3.075,22.194,22.216
29P.txt,7.902,25.436,14.645
33P.txt,8.939,17.021,16.268
36P.txt,3.028,15.347,18.435
37P.txt,8.341,12.023,19.12
40P.txt,1.27,10.33,19.254
91P.txt,14.782,7.798,20.944
94P.txt,17.953,11.544,19.796
95P.txt,14.845,12.872,17.872
98P.txt,19.411,18.065,18.947
166.txt,9.991,40.2,11.321
167.txt,13.279,37.604,10.892
168.txt,15.472,39.931,11.888
205.txt,13.044,34.284,15.502
207.txt,8.076,33.245,12.11
208.txt,3.987,36.139,11.638
209.txt,4.006,41.284,10.941
235.txt,8.428,45.235,9.206
236.txt,13.385,46.495,9.237
237.txt,9.445,49.785,6.475
240.txt,13.854,51.572,10.313
26.txt,12.269,28.641,15.048
29.txt,7.902,25.436,14.645
30.txt,11.936,22.508,17.062
