289P.txt,-1.269,12.108,21.054
100P.txt,24.246,20.193,-0.235
128P.txt,27.798,4.719,18.649
129P.txt,32.353,5.487,17.292
101P.txt,22.427,17.073,-4.076
275P.txt,3.237,1.107,25.758
261P.txt,6.559,-4.736,9.492
298P.txt,2.736,16.31,26.698
273P.txt,4.243,-5.244,24.185
111P.txt,29.1,30.174,2.359
176P.txt,4.123,32.567,25.315
74P.txt,6.115,22.428,-6.014
238P.txt,22.527,-10.283,17.347
220P.txt,19.148,4.194,24.698
234P.txt,19.87,-10.199,10.505
180P.txt,4.461,27.492,26.078
235P.txt,23.638,-8.991,13.148
183P.txt,5.492,24.758,32.258
232P.txt,16.588,-5.17,9.378
51P.txt,3.148,33.355,12.15
231P.txt,15.619,0.03,7.803
242P.txt,21.489,-9.369,22.669
123P.txt,26.952,19.345,23.275
269P.txt,12.253,-12.175,17.695
241P.txt,16.966,-9.776,20.803
286P.txt,-3.831,17.742,12.151
132P.txt,34.328,14.217,16.008
246P.txt,21.654,-6.474,29.111
131P.txt,33.722,10.693,20.051
247P.txt,18.716,-3.243,29.523
