100.txt,18.754,21.56,24.207
101.txt,22.794,21.489,22.185
13.txt,-4.308,32.511,25.184
14.txt,-7.605,30.033,23.254
15.txt,-11.433,29.582,26.187
155.txt,-4.128,39.895,33.17
16.txt,-10.268,25.685,25.834
17.txt,-7.461,24.991,25.288
18.txt,-6.594,21.078,24.722
19.txt,-3.075,22.194,22.216
196.txt,19.323,39.029,40.979
20.txt,1.531,23.853,22.832
221.txt,4.921,38.388,44.911
222.txt,1.306,40.72,46.181
223.txt,1.53,41.851,42.336
226.txt,-1.723,41.165,38.744
36.txt,3.028,15.347,18.435
39.txt,2.166,12.946,23.244
42.txt,3.503,9.096,26.545
56.txt,-6.333,-8.364,34.237
58.txt,-11.635,-9.353,31.585
61.txt,-12.047,-12.292,37.196
65.txt,-8.807,-17.326,36.723
67.txt,-6.934,-21.45,39.649
70.txt,1.095,-21.036,42.318
71.txt,3.509,-16.688,36.98
72.txt,7.664,-15.983,40.502
73.txt,10.782,-16.158,37.467
74.txt,9.775,-15.027,32.54
97.txt,19.996,16.102,22.784
