101.txt,46.156,38.913,8.558
102.txt,46.24,37.531,5.378
103.txt,49.878,37.912,5.835
106.txt,53.603,34.148,6.011
109.txt,60.445,34.236,9.338
112.txt,58.411,33.029,5.649
113.txt,62.47,30.124,5.857
114.txt,63.522,25.616,8.368
116.txt,55.646,27.561,3.415
117.txt,56.543,22.852,2.094
118.txt,57.507,21.008,4.713
119.txt,55.642,16.696,5.854
121.txt,51.214,16.526,10.032
125.txt,54.274,11.658,11.738
128.txt,50.373,8.204,22.267
33.txt,61.961,23.513,16.656
34.txt,62.619,25.663,13.213
41.txt,60.932,31.928,28.919
43.txt,64.126,36.649,24.203
45.txt,66.862,43.589,21.773
47.txt,67.91,45.744,14.72
61.txt,57.677,47.718,16.103
70.txt,58.979,52.564,19.217
73.txt,50.52,49.429,15.479
