100.txt,-30.202,19.061,12.744
106.txt,-29.932,8.901,7.93
107.txt,-30.464,8.291,11.456
108.txt,-32.965,11.632,11.291
110.txt,-36.882,10.696,4.592
112.txt,-38.572,10.89,0.06
113.txt,-36.076,14.62,3.802
116.txt,-33.904,17.176,-1.866
17.txt,-29.164,-5.75,-5.973
200.txt,25.721,11.416,21.693
203.txt,27.616,7.022,17.879
204.txt,30.948,6.721,22.208
205.txt,30.036,3.024,23.24
206.txt,30.34,2.032,19.171
207.txt,29.892,0.152,16.188
208.txt,30.054,-3.118,19.068
21.txt,-23.738,-9.112,-3.861
210.txt,26.522,-4.535,24.372
212.txt,23.427,-5.284,28.115
213.txt,27.599,-2.003,27.252
216.txt,24.349,1.24,31.673
217.txt,24.875,4.635,29.232
22.txt,-20.164,-6.929,-4.751
41.txt,-15.644,4.946,-3.772
42.txt,-16.836,3.076,-7.018
45.txt,-20.297,7.157,-8.05
46.txt,-24.259,8.669,-5.969
50.txt,-31.924,4.827,2.355
53.txt,-26.524,3.29,5.699
