527.txt,67.277,17.797,61.535
528.txt,66.514,20.041,57.565
529.txt,69.848,22.565,56.149
563.txt,79.16,5.702,59.694
564.txt,80.244,4.249,56.576
571.txt,78.328,-6.65,45.445
573.txt,68.185,-3.969,43.915
586.txt,71.782,15.834,62.219
588.txt,75.544,17.792,64.793
596.txt,90.581,12.857,59.656
599.txt,93.319,9.832,56.958
600.txt,87.791,6.437,55.6
608.txt,94.485,-1.617,47.623
627.txt,89.797,23.031,63.944
629.txt,94.507,20.123,65.928
631.txt,94.457,21.053,59.011
632.txt,99.697,20.091,61.451
633.txt,98.534,16.239,57.49
635.txt,98.032,19.446,51.546
636.txt,101.2,15.051,53.829
639.txt,99.228,15.817,46.765
660.txt,92.243,28.135,53.137
663.txt,89.335,28.157,46.277
664.txt,94.404,24.443,48.982
666.txt,90.538,24.479,43.025
702.txt,84.291,-0.823,26.202
