105.txt,306.601,-9.904,79.706
106.txt,306.139,-10.652,75.661
110.txt,316.948,-17.413,77.338
113.txt,324.77,-14.618,78.952
114.txt,324.672,-16.112,85.205
115.txt,328.476,-14.595,84.46
119.txt,322.862,-10.688,91.009
123.txt,315.374,-14.47,91.025
124.txt,312.352,-9.631,87.819
126.txt,315.671,-16.469,86.318
127.txt,309.565,-14.625,89.133
130.txt,308.2,-18.516,83.812
131.txt,304.946,-16.387,84.375
133.txt,307.911,-21.727,80.031
134.txt,302.597,-20.489,82.853
15.txt,321.695,7.746,69.829
4.txt,321.136,1.804,101.011
53.txt,312.392,-16.832,64.3
61.txt,309.62,-5.312,72.209
63.txt,313.771,0.495,67.622
64.txt,309.873,1.016,69.076
73.txt,316.509,6.105,84.367
95.txt,309.007,5.665,80.826
96.txt,310.231,2.69,84.52
97.txt,308.522,0.05,82.354
