630.txt,11.164,2.436,19.226
640.txt,-6.405,21.958,36.05
661.txt,-12.326,17.316,25.13
678.txt,4.221,2.985,29.453
679.txt,7.244,-1.043,27.527
683.txt,10.333,-6.66,24.878
689.txt,8.016,-2.729,35.807
690.txt,7.654,0.612,37.198
691.txt,9.968,4.536,38.002
692.txt,7.295,5.078,34.222
693.txt,10.593,7.156,31.468
694.txt,7.769,11.837,33.941
695.txt,8.524,15.138,30.356
696.txt,6.207,17.443,32.449
698.txt,4.903,23.213,28.236
719.txt,-26.745,48.403,3.071
756.txt,-6.674,45.175,5.048
765.txt,-4.683,49.11,-0.183
766.txt,-9.727,52.044,2.12
767.txt,-8.555,49.887,6.663
768.txt,-11.602,48.487,8.536
769.txt,-10.87,48.633,12.642
797.txt,2.05,41.067,23.243
798.txt,2.576,37.725,21.333
807.txt,-7.983,37.815,-1.876
808.txt,-12.734,37.143,-2.049
809.txt,-12.003,39.933,-6.1
810.txt,-16.419,42.321,-6.016
