107.txt,138.327,77.909,31.847
108.txt,143.515,77.131,34.287
111.txt,147.124,78.169,30.244
112.txt,148.946,75.755,31.589
143.txt,151.883,64.003,22.417
144.txt,152.737,61.689,27.895
172.txt,152.865,66.505,47.811
173.txt,153.093,63.229,43.523
176.txt,152.032,55.211,44.298
187.txt,147.344,63.788,66.427
211.txt,154.86,52.995,55.183
249.txt,128.558,37.153,45.88
267.txt,133.428,41.523,57.427
370.txt,123.726,59.881,30.167
371.txt,128.761,60.08,34.764
394.txt,115.99,71.171,42.668
415.txt,131.827,77.256,67.885
417.txt,128.272,71.902,64.54
431.txt,134.149,57.367,25.696
434.txt,135.854,63.175,20.499
449.txt,123.583,76.338,55.165
450.txt,121.722,77.525,58.56
455.txt,119.91,80.21,42.187
456.txt,122.611,78.293,39.873
458.txt,127.615,77.275,40.368
466.txt,139.108,76.81,22.739
468.txt,144.551,71.727,24.283
469.txt,144.334,68.086,21.169
82.txt,147.224,67.579,69.665
83.txt,143.681,66.459,71.38
98.txt,126.687,76.927,49.958
99.txt,128.587,78.408,47.578
