10.txt,35.005,-44.736,70.221
11.txt,32.39,-43.862,73.256
129.txt,25.921,-15.707,55.966
140.txt,31.691,-24.48,57.093
16.txt,16.388,-46.296,71.751
18.txt,13.417,-40.854,67.376
2.txt,18.302,-50.884,68.476
29.txt,36.325,-38.235,57.674
30.txt,38.753,-41.624,55.003
32.txt,47.323,-38.075,51.755
37.txt,45.029,-41.698,56.319
38.txt,43.04,-39.102,60.107
39.txt,39.514,-43.124,59.597
40.txt,37.395,-39.182,61.405
42.txt,30.18,-39.702,63.621
54.txt,30.72,-39.363,48.486
61.txt,49.771,-31.464,49.831
63.txt,43.248,-35.844,50.039
66.txt,33.674,-36.585,53.26
7.txt,31.821,-39.955,70.594
71.txt,20.766,-48.278,57.336
73.txt,18.026,-52.88,59.494
74.txt,18.721,-53.256,64.75
76.txt,23.054,-51.425,60.591
78.txt,28.041,-52.743,64.956
79.txt,29.644,-52.104,60.852
8.txt,35.408,-39.394,66.978
80.txt,33.291,-51.665,59.666
92.txt,39.71,-44.945,37.331
93.txt,35.572,-39.249,36.175
