10.txt,-4.846,72.534,66.026
139.txt,24.342,57.519,22.448
140.txt,26.104,60.836,24.505
141.txt,29.34,58.688,26.168
142.txt,28.983,54.144,23.219
143.txt,32.643,52.375,23.576
145.txt,30.999,51.506,32.455
146.txt,26.35,50.392,34.123
147.txt,30.043,52.551,37.548
148.txt,31.334,56.518,34.623
20.txt,-18.218,69.514,40.741
230.txt,-10.65,44.839,52.107
24.txt,-25.771,68.179,37.856
25.txt,-28.148,65.587,39.784
258.txt,8.882,77.067,58.55
259.txt,4.726,74.43,61.996
271.txt,-6.041,52.065,46.452
273.txt,-13.338,46.437,47.681
274.txt,-12.866,52.652,43.18
293.txt,1.05,60.697,65.43
304.txt,-15.313,62.07,39.568
305.txt,-15.337,58.044,38.243
42.txt,-19.081,80.872,48.913
64.txt,2.13,61.01,28.089
71.txt,4.178,56.217,24.219
72.txt,4.524,60.625,23.714
73.txt,7.567,63.09,24.643
81.txt,15.883,66.52,27.613
82.txt,13.828,70.458,29.269
83.txt,11.994,74.424,28.021
89.txt,5.172,80.507,29.284
