1004.txt,-56.636,-36.757,23.373
1005.txt,-52.485,-39.548,21.102
1007.txt,-48.344,-43.943,20.835
102.txt,15.977,-14.246,0.778
1037.txt,-43.55,-21.2,16.679
1038.txt,-41.187,-18.32,13.422
1064.txt,-49.719,-34.529,43.626
1144.txt,-59.866,-42.83,29.92
1147.txt,-62.244,-34.175,29.867
1150.txt,-57.611,-41.351,25.129
1213.txt,-34.31,-76.847,30.651
1289.txt,-44.995,-42.629,38.715
172.txt,27.089,12.458,26.39
174.txt,23.4,7.225,24.346
21.txt,49.312,-7.615,12.142
238.txt,17.477,0.799,27.969
29.txt,48.906,1.218,24.47
31.txt,49.741,-5.764,21.033
381.txt,31.877,-29.438,2.306
385.txt,26.493,-27.413,3.886
386.txt,26.343,-23.095,2.614
394.txt,20.7,-37.027,-0.599
395.txt,21.639,-38.189,3.966
401.txt,14.803,-31.265,11.93
422.txt,23.171,-29.718,38.493
432.txt,6.16,-27.728,57.495
489.txt,-3.549,0.194,9.283
504.txt,10.875,-7.553,-4.135
533.txt,23.953,-1.966,37.928
534.txt,22.48,-6.442,37.346
537.txt,19.872,-13.192,40.888
548.txt,5.241,-34.625,49.88
577.txt,14.389,-41.721,51.994
602.txt,12.221,-65.803,31.403
609.txt,6.203,-59.458,28.882
612.txt,2.191,-54.784,25.519
648.txt,-5.974,-36.742,46.76
685.txt,-23.787,21.816,12.927
688.txt,-24.783,15.523,4.594
749.txt,21.604,-55.762,39.161
763.txt,22.813,-61.213,20.909
766.txt,21.011,-51.183,25.484
836.txt,-27.627,4.199,5.213
917.txt,-40.395,-32.787,43.408
954.txt,-55.467,-33.669,37.506
956.txt,-56.238,-27.707,38.252
959.txt,-56.956,-23.788,32.743
