129.txt,-41.835,-50.596,30.407
130.txt,-43.196,-45.569,32.117
137.txt,-31.55,-33.43,26.967
145.txt,-35.475,-19.842,15.592
146.txt,-33.052,-24.487,15.47
148.txt,-34.404,-18.28,21.551
152.txt,-37.756,-20.772,24.972
153.txt,-40.528,-24.725,23.458
155.txt,-41.917,-26.376,28.74
162.txt,-44.572,-44.346,27.471
164.txt,-42.619,-52.969,23.364
165.txt,-39.824,-54.847,26.498
181.txt,-42.492,-44.054,17.222
186.txt,-49.117,-42.031,24.489
188.txt,-49.506,-36.301,21.076
189.txt,-52.635,-39.001,22.529
190.txt,-51.915,-36.822,26.341
192.txt,-54.484,-33.137,22.428
193.txt,-56.581,-34.302,26.153
194.txt,-53.728,-31.246,28.354
195.txt,-55.272,-28.211,24.726
197.txt,-50.75,-26.809,19.836
201.txt,-40.855,-27.77,14.436
