111.txt,71.9,1.011,27.734
112.txt,74.399,4.479,26.821
113.txt,71.402,6.219,29.665
15.txt,59.934,-16.149,14.4
16.txt,59.274,-14.383,11.239
17.txt,60.212,-17.212,9.4
21.txt,55.979,-11.642,6.301
23.txt,54.646,-4.731,6.625
34.txt,65.964,14.82,23.104
4.txt,66.618,-7.827,29.064
45.txt,52.392,0.607,18.955
49.txt,51.79,-4.591,14.18
52.txt,47.827,-7.986,14.84
53.txt,50.372,-9.144,10.819
55.txt,49.258,-15.884,15.316
56.txt,52.686,-16.91,16.852
57.txt,51.916,-17.396,20.662
6.txt,68.767,-6.745,22.918
72.txt,58.237,-0.972,34.03
75.txt,58.299,4.281,34.751
81.txt,58.196,13.526,29.012
83.txt,59.647,18.61,23.763
84.txt,59.562,18.437,19.861
