1626.txt,11.732,27.05,24.335
1627.txt,14.366,23.639,25.496
1633.txt,13.065,16.267,18.953
1655.txt,0.799,-14.136,13.199
1657.txt,-4.583,-15.824,18.83
1661.txt,-7.007,-22.351,16.066
3633.txt,11.011,8.744,48.044
3643.txt,16.105,1.66,34.307
3647.txt,18.945,-4.196,33.054
3657.txt,16.318,-14.724,21.396
4546.txt,11.288,-21.931,31.913
4549.txt,7.323,-18.47,32.317
4553.txt,6.666,-13.14,35.365
4557.txt,7.781,-8.45,37.684
4564.txt,2.767,2.36,40.976
4567.txt,-0.948,6.679,38.716
4570.txt,-1.654,11.66,37.2
4575.txt,-1.439,18.885,42.852
4577.txt,-4.659,22.57,37.241
4578.txt,-4.475,23.157,41.734
547.txt,-1.67,-19.258,28.427
557.txt,-6.399,-5.609,26.435
564.txt,-4.863,5.108,25.666
565.txt,-2.899,7.335,31.144
568.txt,-4.206,11.914,29.039
571.txt,-3.495,14.661,25.25
575.txt,-3.296,22.774,28.925
