107.txt,-12.313,11.913,22.164
110.txt,-11.026,16.005,19.932
111.txt,-15.324,17.127,20.694
118.txt,-15.913,24.132,14.003
133.txt,10.892,13.251,23.386
136.txt,10.603,6.056,29.817
141.txt,4.935,11.5,37.645
145.txt,2.093,15.776,37.342
159.txt,-17.396,25.287,37.503
167.txt,-27.325,32.745,32.206
19.txt,-20.498,16.674,33.677
23.txt,-16.912,11.558,34.825
26.txt,-11.746,12.834,39.468
29.txt,-8.005,9.322,41.166
30.txt,-5.277,7.217,41.766
32.txt,-3.227,10.321,45.976
51.txt,-3.128,27.094,33.747
53.txt,-5.11,33.126,34.042
59.txt,-15.581,35.347,35.79
65.txt,-18.991,41.619,30.099
69.txt,-12.019,37.227,25.667
94.txt,4.753,2.316,30.871
95.txt,1.815,0.289,28.309
97.txt,-3.802,-1.053,31.045
98.txt,-6.787,-2.364,28.238
