140.txt,36.006,-14.028,-36.459
141.txt,40.497,-14.38,-35.916
143.txt,41.803,-12.5,-29.758
144.txt,41.216,-8.379,-28.102
145.txt,46.054,-8.655,-27.381
165.txt,57.171,13.857,-46.094
175.txt,32.799,-8.237,-44.455
176.txt,33.128,-4.248,-44.706
177.txt,35.515,-2.974,-47.018
198.txt,36.762,6.99,-32.084
200.txt,34.794,0.024,-32.625
201.txt,37.26,-6.148,-33.471
202.txt,34.796,-5.012,-37.916
203.txt,34.456,-9.628,-34.75
204.txt,32.97,-10.021,-39.367
205.txt,34.657,-12.3,-42.828
210.txt,37.945,-5.445,-51.541
244.txt,37.655,-12.496,-51.311
255.txt,54.242,0.44,-53.232
257.txt,55.335,-3.145,-48.313
268.txt,55.579,-22.559,-48.005
269.txt,49.689,-23.779,-49.406
280.txt,56.528,-8.983,-58.083
281.txt,59.881,-8.948,-55.255
283.txt,61.72,-11.234,-51.138
306.txt,67.603,3.433,-45.316
