150.txt,57.873,-0.513,-66.34
155.txt,46.071,8.407,-60.169
163.txt,55.156,18.926,-48.217
173.txt,46.921,6.34,-46.563
175.txt,47.599,6.754,-51.142
180.txt,53.131,-2.801,-64.335
182.txt,55.968,-7.174,-63.81
201.txt,56.258,3.202,-30.159
206.txt,52.596,-2.001,-44.684
207.txt,47.184,-2.598,-47.043
208.txt,51.156,-4.931,-51.463
209.txt,46.572,-3.847,-53.538
210.txt,45.804,-0.16,-51.097
249.txt,54.852,22.103,-25.027
250.txt,55.236,19.743,-22.117
251.txt,54.017,22.608,-19.275
252.txt,57.073,21.459,-13.652
267.txt,40.908,9.577,19.433
282.txt,50.519,10.241,-17.738
298.txt,66.978,12.974,7.967
301.txt,71.811,12.493,1.446
302.txt,69.018,15.263,1.38
303.txt,67.093,12.614,1.996
315.txt,44.135,7.852,-17.378
317.txt,44.85,16.795,-17.336
322.txt,39.683,11.908,-1.677
343.txt,59.198,14.052,-19.677
344.txt,59.002,18.111,-17.583
346.txt,58.158,17.348,-9.43
