119.txt,61.329,19.208,-47.053
120.txt,61.899,15.095,-46.067
121.txt,57.274,12.669,-47.972
122.txt,56.806,13.125,-43.426
123.txt,55.691,8.685,-43.314
124.txt,52.154,8.266,-41.531
198.txt,49.07,8.89,-39.968
199.txt,50.853,10.411,-37.31
200.txt,51.595,13.549,-39.997
201.txt,50.681,17.681,-37.916
202.txt,51.856,19.331,-41.538
203.txt,54.141,17.07,-45.019
204.txt,55.319,21.655,-43.257
205.txt,59.323,21.968,-42.958
206.txt,60.771,23.886,-40.272
280.txt,104.635,37.531,-42.924
300.txt,64.066,47.688,-55.97
427.txt,70.427,19.508,-51.878
428.txt,66.684,19.705,-55.788
429.txt,66.346,21.509,-61.184
431.txt,60.547,24.454,-59.766
432.txt,57.627,27.21,-62.386
434.txt,56.394,26.082,-56.61
436.txt,59.464,32.958,-57.45
437.txt,61.698,33.472,-54.587
438.txt,59.749,36.964,-53.027
442.txt,63.83,42.747,-48.089
457.txt,103.76,42.462,-47.562
458.txt,107.78,40.159,-47.64
459.txt,110.46,41.782,-48.9
460.txt,115.493,42.372,-49.647
461.txt,113.72,45.707,-51.475
