157.txt,9.53,10.196,44.329
159.txt,6.111,12.661,37.207
160.txt,4.158,11.075,33.682
161.txt,5.679,8.93,31.641
162.txt,8.692,9.705,33.067
175.txt,37.013,22.268,61.451
176.txt,40.578,22.174,63.402
177.txt,39.26,25.14,64.77
178.txt,35.532,24.885,65.781
179.txt,33.257,28.398,64.574
180.txt,30.561,30.507,66.395
181.txt,29.339,33.102,63.222
183.txt,31.913,33.513,57.328
189.txt,31.466,20.877,43.723
228.txt,-10.345,16.255,79.913
229.txt,-6.908,20.908,81.366
246.txt,25.487,28.136,71.978
247.txt,22.983,24.935,69.904
254.txt,-1.425,21.31,64.763
256.txt,-7.938,17.23,63.366
264.txt,-7.289,29.738,62.542
278.txt,-9.76,18.287,74.378
279.txt,-11.451,15.173,70.767
283.txt,-4.991,14.222,65.631
287.txt,5.803,22.11,63.162
291.txt,15.043,30.547,69.746
292.txt,18.567,31.721,67.571
293.txt,18.88,31.443,62.172
294.txt,13.398,30.947,59.512
303.txt,-1.073,11.859,69.924
304.txt,-3.726,10.144,71.115
305.txt,-7.35,12.412,71.191
