103.txt,26.823,30.153,40.65
106.txt,22.213,26.869,32.91
121.txt,30.26,-6.252,39.718
122.txt,32.126,-8.907,38.596
123.txt,35.798,-7.008,38.559
124.txt,37.618,-9.396,34.738
142.txt,38.951,4.43,40.617
155.txt,59.138,9.374,34.42
157.txt,61.604,7.6,31.975
158.txt,58.672,2.785,34.327
161.txt,55.732,-3.147,39.056
162.txt,55.749,-2.039,43.302
164.txt,54.338,1.458,48.976
166.txt,50.83,5.319,55.66
193.txt,48.035,15.114,37.04
194.txt,49.583,18.465,30.885
195.txt,52.111,16.776,28.454
196.txt,54.292,17.823,32.048
199.txt,54.937,9.324,28.144
200.txt,53.352,12.934,27.109
208.txt,46.489,-8.418,37.372
209.txt,48.212,-7.606,40.384
210.txt,43.779,-4.485,41.713
213.txt,42.262,-0.042,43.77
216.txt,38.025,-2.577,42.328
217.txt,35.859,0.52,41.654
30.txt,45.066,21.544,37.774
66.txt,26.535,21.716,37.167
