219.txt,11.811,-64.686,15.736
221.txt,11.444,-58.712,14.802
255.txt,13.517,-52.54,10.508
258.txt,19.684,-45.315,10.031
261.txt,23.23,-36.788,17.176
263.txt,28.553,-31.237,15.8
269.txt,19.801,-33.976,9.664
270.txt,16.835,-33.602,4.257
271.txt,21.926,-31.248,2.203
275.txt,18.253,-37.943,-0.34
276.txt,20.425,-44.259,-1.26
277.txt,17.717,-48.321,-0.06
285.txt,22.235,-61.744,8.803
295.txt,31.966,-31.384,0.56
296.txt,33.827,-29.127,3.725
312.txt,10.889,-49.977,17.399
313.txt,11.198,-53.336,19.124
314.txt,15.932,-51.976,19.936
315.txt,17.599,-47.893,19.627
318.txt,28.276,-46.39,17.813
321.txt,35.89,-36.579,18.46
327.txt,45.746,-27.768,8.469
328.txt,45.083,-25.796,4.61
329.txt,42.865,-30.921,1.928
