252.txt,-47.108,20.956,-19.971
253.txt,-46.157,17.41,-22.797
266.txt,-78.924,-1.147,-15.013
268.txt,-73.608,1.562,-21.269
269.txt,-68.495,2.677,-19.663
270.txt,-71.217,4.58,-24.528
271.txt,-75.308,6.1,-20.347
275.txt,-70.432,11.741,-25.216
276.txt,-67.098,16.741,-22.808
284.txt,-46.485,24.251,-15.212
310.txt,-54.447,6.491,-18.214
313.txt,-45.784,6.014,-19.586
314.txt,-48.189,6.843,-15.11
315.txt,-52.04,4.449,-14.105
316.txt,-51.937,7.697,-10.243
317.txt,-56.603,3.633,-8.912
318.txt,-58.741,7.536,-5.698
319.txt,-61.252,5.033,-4.156
321.txt,-68.696,3.249,-0.418
323.txt,-73.529,4.188,2.238
326.txt,-84.809,1.518,0.457
327.txt,-84.292,7.523,1.713
328.txt,-88.329,9.271,0.429
329.txt,-85.35,13.606,-2.984
