140.txt,11.642,-24.504,-31.676
180.txt,18.492,-45.386,-31.606
197.txt,20.143,-30.447,-22.422
220.txt,6.928,-24.302,-21.237
222.txt,3.811,-23.644,-26.266
223.txt,1.664,-23.575,-30.017
231.txt,5.518,-23.388,-35.356
234.txt,6.54,-21.769,-41.65
249.txt,11.76,-43.074,-41.301
251.txt,13.659,-49.207,-38.798
252.txt,12.274,-53.118,-35.994
253.txt,16.628,-52.995,-34.105
26.txt,-2.776,-21.874,-41.763
27.txt,-4.58,-19.179,-37.439
28.txt,-5.636,-24.47,-37.116
29.txt,-9.234,-24.64,-34.087
31.txt,-12.275,-29.502,-31.906
32.txt,-16.099,-28.069,-31.255
33.txt,-15.498,-29.569,-27.202
34.txt,-11.868,-29.217,-26.733
37.txt,-6.078,-27.932,-19.024
38.txt,-2.434,-24.627,-17.58
42.txt,-0.304,-35.324,-10.496
52.txt,2.261,-53.73,-19.876
53.txt,3.966,-54.716,-23.534
83.txt,-11.08,-53.456,-28.056
85.txt,-13.898,-54.352,-22.46
86.txt,-18.21,-54.738,-22.632
87.txt,-16.008,-53.505,-17.362
