117.txt,-12.618,37.907,3.535
118.txt,-10.774,39.22,8.538
119.txt,-10.063,33.567,4.655
120.txt,-7.758,35.96,2.6
121.txt,-4.479,38.781,4.837
123.txt,-2.815,31.714,9.224
125.txt,-5.435,26.407,9.935
155.txt,3.937,33.57,4.826
158.txt,-3.763,35.937,-0.24
159.txt,0.128,33.268,0.006
161.txt,-5.418,31.819,-4.253
166.txt,2.19,30.952,-10.854
169.txt,-0.702,29.274,-15.094
170.txt,4.118,28.04,-14.708
187.txt,7.457,16.571,3.348
196.txt,-7.762,26.511,-17.122
197.txt,-11.312,22.062,-15.64
198.txt,-11.521,25.265,-11.224
200.txt,-10.334,24.46,-5.717
206.txt,-13.154,26.631,11.234
207.txt,-16.831,28.41,9.803
208.txt,-17.214,27.381,14.678
240.txt,-18.341,19.794,12.44
246.txt,-24.515,25.106,2.973
266.txt,-30.312,23.946,27.252
267.txt,-31.436,19.97,22.74
279.txt,-30.403,37.202,-4.373
