1.txt,60.984,16.629,17.651
14.txt,56.998,18.695,36.548
15.txt,53.868,13.596,41.597
17.txt,48.821,9.977,38.955
18.txt,45.621,11.016,36.832
21.txt,48.469,16.479,35.18
27.txt,49.236,19.107,24.848
35.txt,53.378,8.144,30.272
38.txt,52.746,5.368,38.977
39.txt,58.614,4.261,39.22
41.txt,64.29,6.851,38.128
43.txt,59.49,8.852,40.147
47.txt,58.092,10.415,28.647
49.txt,55.654,10.314,23.83
50.txt,56.207,13.901,19.127
54.txt,61.376,24.93,22.983
60.txt,72.464,14.522,32.815
62.txt,71.776,17.476,41.67
63.txt,67.142,18.561,41.22
64.txt,69.567,22.243,40.879
