299.txt,23.547,9.223,-33.658
300.txt,26.756,6.813,-38.147
301.txt,23.419,4.659,-40.368
312.txt,7.578,-10.37,-33.149
317.txt,0.314,0.665,-28.35
337.txt,12.663,0.425,-40.196
345.txt,7.507,-3.073,-52.531
346.txt,9.495,-0.038,-50.092
347.txt,5.482,0.819,-48.646
348.txt,7.632,4.939,-46.565
349.txt,5.399,5.538,-42.533
350.txt,3.435,1.703,-42.18
351.txt,9.011,3.934,-37.979
352.txt,5.858,4.223,-34.57
353.txt,10.293,4.294,-33.092
354.txt,11.893,7.829,-32.952
355.txt,15.194,8.582,-34.455
357.txt,19.494,4.508,-31.291
372.txt,-0.089,-3.369,-43.259
374.txt,-1.864,-8.403,-43.745
384.txt,22.023,-8.762,-49.512
390.txt,7.096,-11.979,-41.591
392.txt,-1.334,-11.764,-41.431
