13.txt,16.391,38.729,-3.625
14.txt,16.718,35.944,-5.288
15.txt,17.587,31.781,-5.058
16.txt,21.386,33.666,-4.31
17.txt,22.785,33.758,1.164
18.txt,25.474,37.511,-2.484
19.txt,22.641,38.761,0.232
2.txt,4.381,56.667,-19.087
20.txt,25.091,43.17,-3.574
33.txt,13.601,52.755,-1.619
39.txt,23.199,37.806,-7.607
40.txt,20.954,35.449,-8.78
41.txt,17.824,35.208,-10.888
42.txt,15.181,38.312,-10.406
43.txt,13.452,41.993,-10.894
44.txt,14.771,44.49,-15.181
48.txt,24.531,49.592,-9.661
60.txt,9.352,59.971,-18.929
61.txt,12.502,59.62,-19.288
9.txt,8.036,44.471,-9.882
