163.txt,-10.957,-0.484,66.667
164.txt,-8.791,3.512,64.208
165.txt,-6.339,-0.949,63.217
170.txt,2.627,4.219,47.624
175.txt,-8.886,6.928,38.5
176.txt,-4.976,3.929,38.03
177.txt,-5.033,9.747,37.924
187.txt,-12.631,-2.445,61.213
188.txt,-15.889,-2.764,59.221
203.txt,-27.638,6.969,36.295
204.txt,-24.476,5.705,33.878
205.txt,-25.876,7.371,29.999
214.txt,-27.461,1.472,35.393
216.txt,-24.781,-2.504,39.085
219.txt,-15.931,-3.93,41.778
220.txt,-10.781,-1.381,39.106
221.txt,-10.408,-6.153,39.875
222.txt,-7.226,-6.772,42.477
223.txt,-3.937,-4.064,39.851
224.txt,-0.032,-9.26,40.946
225.txt,2.159,-6.538,45.754
226.txt,4.778,-4.54,42.885
227.txt,8.631,-7.47,44.102
228.txt,9.252,-2.828,45.016
230.txt,6.869,-2.653,51.467
232.txt,4.848,-0.485,55.929
233.txt,-0.729,-3.241,61.34
235.txt,-1.602,-1.056,65.665
