104.txt,30.11,-31.375,13.745
105.txt,26.354,-25.808,13.736
106.txt,27.821,-28.636,10.211
107.txt,26.939,-32.082,10.538
11.txt,19.781,-15.723,-68.753
110.txt,23.266,-31.077,7.123
12.txt,21.494,-14.497,-65.355
13.txt,20.267,-18.107,-62.148
14.txt,21.85,-15.794,-59.168
143.txt,7.506,-13.281,31.732
144.txt,8.729,-16.413,32.845
145.txt,12.303,-18.49,33.472
15.txt,22.659,-19.006,-56.432
16.txt,22.186,-17.121,-52.522
17.txt,24.042,-15.785,-48.692
21.txt,21.486,-5.377,-40.608
22.txt,22.609,-5.733,-36.427
28.txt,35.257,-20.205,-33.501
29.txt,37.918,-23.751,-33.075
294.txt,25.896,-23.279,-19.168
30.txt,39.559,-20.745,-36.096
308.txt,29.043,-21.303,-11.737
309.txt,30.194,-21.147,-15.572
310.txt,34.828,-19.109,-14.8
316.txt,25.088,-20.922,-29.781
317.txt,25.456,-19.79,-33.429
320.txt,24.7,-17.825,-42.204
323.txt,28.574,-11.179,-45.767
324.txt,27.472,-7.193,-45.568
325.txt,28.068,-5.018,-49.932
57.txt,7.051,-26.754,1.299
60.txt,11.769,-17.303,6.112
