101.txt,39.96,-0.555,64.143
174.txt,19.224,2.803,70.596
175.txt,18.974,-0.469,68.519
176.txt,24.52,0.316,69.348
202.txt,33.402,-1.41,70.812
203.txt,28.808,-1.196,73.158
204.txt,27.237,-1.052,76.381
205.txt,27.753,-4.688,79.59
206.txt,32.24,-1.809,76.594
207.txt,35.697,-2.623,80.997
208.txt,31.387,-6.742,82.226
209.txt,33.9,-4.074,87.528
210.txt,32.465,-8.931,88.982
40.txt,53.31,-3.347,18.411
41.txt,53.354,-1.723,22.687
42.txt,58.683,-1.201,23.071
43.txt,56.722,-3.244,26.285
44.txt,55.844,-6.789,23.407
45.txt,59.441,-10.137,21.262
46.txt,55.343,-12.028,19.938
48.txt,50.795,-9.298,17.427
49.txt,49.678,-14.664,16.881
50.txt,49.247,-11.266,12.176
51.txt,46.635,-13.579,9.029
52.txt,45.944,-12.249,5.191
53.txt,42.326,-11.143,7.723
54.txt,42.336,-13.862,12.868
60.txt,50.24,-15.062,27.283
88.txt,41.33,-0.556,32.058
