187.txt,-21.593,-11.766,95.174
188.txt,-17.394,-15.026,90.636
214.txt,-22.852,-8.436,89.974
220.txt,-9.872,-14.682,82.64
241.txt,-17.964,-13.449,81.281
296.txt,-14.677,-18.554,72.866
298.txt,-16.804,-17.321,66.138
299.txt,-15.131,-16.998,61.325
421.txt,-3.846,-32.506,75.7
448.txt,19.847,11.558,24.078
451.txt,25.816,8.752,21.313
454.txt,30.156,0.661,21.144
456.txt,26.665,-4.433,18.17
457.txt,28.834,-0.173,16.526
458.txt,24.495,2.737,14.413
495.txt,-0.493,-2.566,26.946
537.txt,7.473,7.01,24.456
554.txt,24.951,-19.77,55.741
555.txt,28.561,-24.5,55.151
556.txt,30.205,-21.025,58.054
557.txt,33.162,-21.134,61.804
558.txt,32.461,-27.036,60.714
559.txt,32.626,-26.083,64.748
560.txt,30.332,-29.69,67.369
561.txt,29.54,-25.644,70.713
562.txt,25.845,-26.602,73.97
563.txt,23.354,-23.223,73.179
564.txt,25.391,-24.093,67.67
565.txt,26.522,-20.215,65.266
567.txt,20.897,-20.879,60.477
579.txt,15.71,-0.625,45.327
587.txt,13.657,19.013,30.636
588.txt,20.021,19.868,28.907
589.txt,18.568,18.555,24.903
590.txt,15.491,17.209,25.146
591.txt,13.76,20.032,22.039
592.txt,18.443,19.058,20.386
