132.txt,26.462,-4.858,-59.513
176.txt,23.817,-5.895,-40.05
180.txt,25.338,3.413,-49.82
181.txt,20.47,2.288,-51.75
205.txt,35.651,-36.991,-38.715
206.txt,33.256,-36.044,-42.542
208.txt,28.85,-38.291,-46.593
209.txt,26.048,-40.871,-46.404
231.txt,50.036,-32.521,-42.636
244.txt,38.507,-50.124,-47.519
245.txt,41.828,-49.475,-50.734
247.txt,42.282,-43.758,-53.289
248.txt,44.445,-40.222,-49.583
249.txt,42.83,-35.924,-53.059
250.txt,45.456,-34.722,-50.305
252.txt,45.842,-25.986,-47.19
257.txt,46.847,-29.178,-43.962
260.txt,38.942,-37.071,-49.285
262.txt,35.663,-41.241,-52.757
289.txt,32.252,-41.786,-37.76
390.txt,1.642,-49.704,-49.567
405.txt,-36.357,-34.836,-25.276
407.txt,-42.804,-35.261,-26.023
408.txt,-48.59,-35.82,-23.152
409.txt,-47.873,-38.542,-26.99
410.txt,-52.191,-39.115,-26.685
411.txt,-49.343,-44.351,-27.697
414.txt,-52.74,-43.727,-24.129
447.txt,-43.608,-37.601,-5.295
448.txt,-43.024,-41.911,-8.204
449.txt,-38.331,-42.865,-9.155
450.txt,-41.243,-43.772,-12.53
471.txt,-42.597,-44.762,-23.401
473.txt,-48.149,-44.439,-19.185
496.txt,-36.246,-31.126,-21.494
60.txt,14.684,-28.127,-63.011
