417.txt,72.5,14.12,-16.233
418.txt,70.974,18.357,-17.237
421.txt,70.48,12.216,-9.335
423.txt,74.312,9.675,-6.695
425.txt,78.947,7.933,-10.464
426.txt,83.383,7.826,-8.247
427.txt,85.863,7.665,-5.465
440.txt,78.921,13.226,14.654
441.txt,78.973,11.94,18.386
442.txt,76.843,8.832,14.401
443.txt,78.047,5.451,16.924
444.txt,78.327,5.657,12.034
462.txt,82.385,11.866,-14.82
463.txt,81.708,8.014,-14.315
464.txt,85.397,8.145,-15.45
465.txt,87.568,11.624,-11.149
466.txt,86.459,13.704,-16.432
467.txt,84.886,17.446,-16.931
468.txt,81.023,19.331,-19.263
469.txt,84.943,24.687,-17.735
494.txt,96.003,23.013,-17.648
495.txt,93.374,26.058,-21.523
496.txt,93.666,32.106,-19.071
520.txt,97.444,16.068,-7.803
524.txt,108.286,8.639,-12.503
578.txt,105.813,30.67,-2.436
579.txt,102.599,33.576,-5.342
580.txt,100.49,31.238,-7.376
589.txt,96.702,8.405,4.393
601.txt,92.734,4.91,2.107
