11.txt,36.368,130.801,-5.28
12.txt,35.081,132.206,-1.785
13.txt,38.439,130.73,1.489
14.txt,35.789,132.14,4.429
15.txt,38.891,132.787,7.402
17.txt,35.017,133.23,14.982
18.txt,33.735,129.428,18.22
19.txt,29.912,130.919,18.463
20.txt,28.132,130.25,21.775
21.txt,24.293,129.79,22.087
214.txt,48.385,137.86,96.454
269.txt,35.269,129.704,68.203
27.txt,35.056,142.226,35.106
28.txt,37.991,143.691,31.246
292.txt,37.647,127.292,43.117
293.txt,41.723,130.331,43.752
30.txt,38.578,148.234,29.031
308.txt,37.753,135.836,52.603
31.txt,34.792,146.319,29.26
311.txt,35.256,139.477,45.622
313.txt,31.779,136.463,41.448
314.txt,35.875,136.564,40.366
316.txt,38.863,133.154,34.208
317.txt,37.994,133.647,30.594
318.txt,37.788,129.892,29.113
320.txt,36.634,133.419,21.66
321.txt,33.899,138.833,22.081
323.txt,30.37,137.505,18.082
324.txt,26.485,136.804,17.885
34.txt,32.811,141.664,27.51
41.txt,33.933,130.966,39.639
42.txt,38.293,131.847,40.277
