133.txt,-46.957,18.047,28.092
136.txt,-46.543,24.028,21.231
137.txt,-47.473,26.82,18.957
141.txt,-51.194,25.088,7.456
142.txt,-52.912,28.138,4.829
143.txt,-49.898,30.9,6.945
155.txt,-35.174,37.945,-7.4
157.txt,-28.831,38.622,-5.013
161.txt,-29.675,36.242,0.509
171.txt,-25.855,27.174,12.206
182.txt,-25.13,16.872,26.991
183.txt,-27.415,19.906,30.657
184.txt,-32.298,18.442,28.988
24.txt,-30.547,7.132,18.75
30.txt,-23.102,16.878,16.248
31.txt,-26.632,13.525,9.398
34.txt,-22.51,18.066,8.902
48.txt,-19.831,34.046,-4.128
61.txt,-38.136,40.458,7.099
62.txt,-37.086,36.284,7.014
63.txt,-39.503,35.167,10.767
74.txt,-29.368,30.636,26.102
75.txt,-25.577,29.288,31.716
76.txt,-28.962,32.673,31.892
77.txt,-32.279,30.739,32.697
78.txt,-31.343,25.789,31.546
