106.txt,7.477,-8.411,-19.613
107.txt,9.815,-4.941,-23.821
130.txt,2.667,-24.118,-10.209
141.txt,0.98,-15.801,-19.171
142.txt,5.956,-14.516,-14.97
16.txt,-25.053,-38.088,-14.102
18.txt,-20.164,-36.623,-9.568
20.txt,-20.266,-33.023,-5.335
207.txt,8.126,-29.158,10.705
208.txt,11.708,-30.521,9.752
260.txt,-13.693,-29.64,-1.14
262.txt,-8.772,-24.565,5.392
264.txt,-6.322,-20.02,7.956
274.txt,2.312,-26.615,11.845
31.txt,-8.519,-15.554,-30.086
32.txt,-9.233,-9.261,-33.557
33.txt,-5.165,-12.755,-34.911
34.txt,-4.921,-8.935,-38.284
35.txt,-9.95,-10.867,-39.038
36.txt,-10.085,-14.986,-38.164
37.txt,-13.536,-13.867,-33.489
38.txt,-10.802,-17.667,-33.293
39.txt,-16.057,-19.807,-30.711
40.txt,-12.726,-22.527,-28.565
71.txt,-25.0,-22.502,-12.931
74.txt,-30.418,-29.581,-14.021
76.txt,-27.398,-24.239,-16.812
79.txt,-27.083,-22.274,-24.892
88.txt,-22.162,-2.746,-31.645
89.txt,-17.717,1.383,-30.253
