122.txt,79.064,112.765,155.555
198.txt,78.281,115.543,148.723
199.txt,75.08,116.145,150.992
200.txt,75.988,117.84,154.646
201.txt,71.875,115.845,156.312
202.txt,73.123,119.242,160.72
221.txt,44.244,87.599,158.334
223.txt,48.363,85.866,154.226
278.txt,80.784,75.059,144.325
280.txt,84.051,81.885,145.091
281.txt,80.564,84.791,145.124
282.txt,76.597,82.857,146.399
300.txt,86.571,104.264,183.888
325.txt,92.492,106.786,174.465
326.txt,87.512,108.002,175.882
352.txt,80.736,70.916,152.03
366.txt,89.489,93.861,152.79
368.txt,84.764,99.361,154.525
379.txt,76.19,101.219,175.311
425.txt,80.853,103.136,157.075
430.txt,75.689,104.15,150.124
434.txt,79.755,112.901,162.95
457.txt,89.739,82.07,149.332
458.txt,88.861,81.79,145.374
459.txt,90.85,80.359,142.583
60.txt,55.438,101.885,178.106
61.txt,58.255,101.056,181.942
71.txt,55.671,100.99,172.228
72.txt,55.889,102.821,167.541
73.txt,55.916,99.159,165.646
75.txt,51.031,93.655,168.566
80.txt,47.13,81.805,173.211
