122.txt,9.348,69.507,-11.838
204.txt,-3.068,74.46,-20.187
220.txt,3.896,45.893,-41.61
221.txt,3.608,44.631,-46.082
222.txt,6.443,41.7,-45.655
223.txt,7.616,42.576,-41.993
275.txt,14.091,35.578,-17.285
278.txt,16.286,30.698,-8.82
279.txt,17.392,35.673,-10.44
280.txt,16.175,37.564,-5.861
281.txt,16.616,40.315,-9.389
282.txt,15.165,38.706,-13.493
283.txt,10.07,41.207,-12.603
300.txt,-20.948,62.855,-3.809
325.txt,-11.106,64.626,1.929
326.txt,-11.935,66.551,-3.03
367.txt,9.859,52.975,-2.519
368.txt,8.562,55.881,-5.178
421.txt,-0.933,61.848,-4.893
434.txt,1.178,70.11,-10.619
437.txt,-7.37,70.72,-8.136
442.txt,-19.382,60.046,-7.719
444.txt,-17.681,53.25,-9.533
446.txt,-16.617,49.096,-12.236
457.txt,11.83,38.09,-0.302
458.txt,15.748,37.362,-0.918
459.txt,18.047,35.43,1.22
460.txt,22.087,32.841,1.37
461.txt,18.566,31.629,5.089
462.txt,18.144,26.752,5.2
72.txt,-4.488,60.25,-34.841
73.txt,-3.07,56.493,-34.617
