106.txt,-2.278,-39.663,36.115
109.txt,-5.515,-41.475,32.134
118.txt,-16.905,-40.817,26.677
122.txt,-21.23,-32.484,31.074
142.txt,-20.536,-47.442,42.661
144.txt,-15.174,-50.33,43.692
145.txt,-18.75,-52.472,44.576
146.txt,-18.988,-54.515,40.944
26.txt,-5.302,-49.794,43.484
34.txt,-7.129,-38.726,46.215
40.txt,-12.288,-33.886,53.801
52.txt,-15.463,-19.189,49.797
54.txt,-19.027,-22.381,47.286
55.txt,-19.458,-19.226,43.383
56.txt,-15.77,-21.33,41.44
68.txt,-16.424,-44.965,29.688
75.txt,-13.371,-32.685,31.396
79.txt,-12.298,-25.708,37.559
82.txt,-8.615,-22.072,39.242
84.txt,-6.956,-26.1,45.127
97.txt,-1.821,-28.318,44.474
98.txt,0.3,-28.598,40.015
99.txt,1.485,-31.722,42.616
