425.txt,-33.255,-0.484,-126.012
434.txt,-39.96,-8.036,-119.769
435.txt,-39.948,-11.347,-121.28
436.txt,-36.01,-13.04,-120.976
437.txt,-34.138,-15.295,-117.944
459.txt,-23.573,10.087,-129.878
493.txt,-38.041,17.805,-105.594
495.txt,-32.763,21.805,-104.185
528.txt,-13.941,11.281,-104.348
535.txt,-22.547,22.924,-101.859
536.txt,-22.438,27.694,-107.001
537.txt,-22.884,26.602,-111.805
538.txt,-18.809,26.262,-111.432
539.txt,-18.252,24.969,-108.057
540.txt,-13.442,24.369,-110.7
543.txt,-8.939,16.725,-102.759
544.txt,-2.839,16.722,-102.904
546.txt,-0.683,10.476,-102.355
547.txt,2.909,10.257,-102.541
548.txt,1.211,5.593,-102.926
549.txt,-2.232,8.124,-105.098
550.txt,1.769,10.065,-107.686
560.txt,-26.31,23.473,-111.959
561.txt,-29.98,22.246,-114.044
562.txt,-33.072,23.976,-112.689
576.txt,-24.817,-9.564,-116.006
582.txt,-30.692,-17.786,-115.547
588.txt,-45.716,-15.229,-114.704
