125.txt,-14.812,-20.129,-49.562
127.txt,-16.25,-25.901,-51.324
128.txt,-12.999,-27.14,-52.838
129.txt,-12.133,-23.745,-54.618
130.txt,-9.391,-20.678,-50.627
132.txt,-6.75,-14.256,-51.042
134.txt,-5.117,-7.514,-50.607
146.txt,-10.306,31.018,-42.13
147.txt,-8.465,34.43,-46.745
148.txt,-7.873,36.204,-42.383
149.txt,-7.633,40.278,-42.761
150.txt,-5.404,41.926,-40.232
194.txt,5.859,34.226,-46.655
195.txt,5.382,33.718,-42.439
196.txt,4.681,28.785,-43.056
197.txt,3.561,27.664,-39.895
198.txt,3.649,25.518,-37.219
199.txt,1.716,21.403,-38.427
200.txt,-1.205,22.444,-35.079
201.txt,-2.215,18.5,-33.756
203.txt,-7.88,16.456,-29.802
210.txt,-1.624,29.278,-40.585
212.txt,1.362,34.724,-43.068
234.txt,-7.467,15.453,-50.39
236.txt,-8.575,17.298,-58.013
85.txt,-25.414,-16.598,-41.515
87.txt,-21.071,-12.066,-37.748
88.txt,-20.389,-7.821,-37.816
89.txt,-16.905,-9.235,-36.206
