104.txt,22.973,-44.369,104.442
106.txt,23.84,-46.444,98.719
107.txt,23.448,-43.02,99.673
110.txt,25.8,-42.909,94.809
141.txt,48.901,-50.147,106.19
143.txt,54.866,-54.555,108.311
144.txt,52.354,-53.523,110.578
214.txt,25.425,-42.474,121.6
216.txt,26.073,-49.826,121.291
219.txt,28.625,-58.37,120.921
221.txt,29.084,-60.506,114.438
222.txt,33.786,-62.817,116.798
29.txt,-2.59,-58.184,64.675
30.txt,-3.899,-61.771,61.925
363.txt,10.387,-60.447,33.414
367.txt,8.329,-49.266,38.791
371.txt,7.747,-45.815,44.248
375.txt,6.884,-43.873,48.693
376.txt,3.441,-46.145,51.919
378.txt,10.62,-44.278,53.598
379.txt,8.806,-43.846,57.29
403.txt,-0.122,-46.46,93.133
404.txt,2.7,-45.02,96.16
405.txt,6.215,-43.473,97.947
406.txt,7.4,-48.866,99.892
407.txt,12.91,-47.561,100.1
408.txt,11.768,-51.344,102.069
409.txt,8.891,-53.914,98.724
412.txt,6.776,-54.586,93.024
423.txt,1.549,-55.385,75.323
435.txt,-0.012,-50.389,57.061
500.txt,-18.909,-66.846,18.798
57.txt,39.389,-42.064,82.537
62.txt,40.64,-55.357,90.975
92.txt,37.398,-60.331,92.777
94.txt,38.798,-58.306,99.454
