203.txt,12.462,29.367,36.418
206.txt,4.497,26.072,37.045
208.txt,1.534,20.008,39.549
221.txt,23.821,-7.681,40.734
246.txt,15.265,-8.593,47.198
247.txt,14.021,-4.268,48.756
275.txt,26.565,9.277,65.884
278.txt,27.799,11.729,75.259
279.txt,27.865,14.878,71.598
280.txt,25.529,18.202,73.047
281.txt,25.99,17.773,69.133
282.txt,25.37,14.213,67.563
300.txt,-11.417,29.361,51.31
325.txt,-4.358,35.838,56.554
367.txt,17.185,29.955,64.315
368.txt,16.724,29.486,60.548
432.txt,17.595,32.263,49.295
44.txt,30.05,-14.709,51.94
440.txt,-8.158,30.196,48.468
45.txt,28.331,-11.146,53.929
457.txt,20.551,21.835,76.016
459.txt,25.969,21.941,78.919
491.txt,28.463,-11.543,47.509
492.txt,31.054,-14.084,45.441
51.txt,24.344,2.863,42.332
53.txt,17.317,-1.094,41.919
57.txt,3.441,1.031,43.05
60.txt,2.255,6.744,34.887
61.txt,-1.321,7.839,34.402
72.txt,12.131,8.996,35.296
75.txt,11.895,0.005,38.523
83.txt,12.469,-11.503,54.351
