304.txt,46.94,6.392,171.706
305.txt,48.281,9.943,169.851
307.txt,40.535,13.921,169.719
315.txt,44.668,20.548,150.724
321.txt,41.121,5.671,144.773
323.txt,41.671,0.746,145.292
338.txt,50.934,14.462,168.67
348.txt,22.412,12.983,158.865
355.txt,28.455,5.776,156.846
357.txt,35.864,1.064,156.277
359.txt,40.926,2.66,155.076
361.txt,44.877,3.232,160.826
362.txt,45.269,4.89,163.995
364.txt,47.78,10.86,163.179
377.txt,42.035,5.714,152.307
379.txt,35.198,2.684,152.232
381.txt,29.031,4.859,151.156
382.txt,25.314,2.885,146.98
384.txt,25.029,10.312,147.992
386.txt,27.568,14.692,153.797
399.txt,28.583,15.352,148.559
401.txt,28.267,9.853,143.964
402.txt,31.271,4.436,145.976
