452.txt,6.333,-17.62,-57.733
453.txt,4.951,-21.247,-59.933
454.txt,5.1,-20.138,-63.409
455.txt,2.139,-20.726,-65.85
456.txt,3.993,-21.967,-68.445
457.txt,1.077,-22.148,-70.526
458.txt,1.527,-19.261,-73.432
459.txt,-1.578,-16.055,-71.766
463.txt,4.198,-9.61,-69.798
464.txt,5.627,-12.618,-71.047
539.txt,16.221,-2.311,-86.428
542.txt,15.073,-6.988,-78.953
613.txt,56.364,-18.447,-51.474
616.txt,55.409,-13.678,-55.07
617.txt,56.596,-13.285,-60.566
620.txt,52.393,-10.495,-54.82
621.txt,50.525,-13.448,-51.283
622.txt,47.337,-10.509,-53.27
628.txt,30.952,-20.484,-52.77
629.txt,30.386,-24.78,-54.33
636.txt,37.229,-36.552,-51.26
638.txt,30.767,-29.606,-52.689
641.txt,30.061,-19.316,-46.953
642.txt,32.039,-19.537,-43.271
646.txt,31.941,-29.139,-44.74
648.txt,30.384,-35.26,-49.518
649.txt,28.83,-38.299,-50.299
650.txt,30.47,-41.556,-51.531
651.txt,27.925,-42.389,-54.804
