106.txt,50.109,-82.204,-29.5
111.txt,44.975,-77.294,-28.373
118.txt,33.019,-79.7,-26.409
119.txt,35.149,-79.768,-30.226
120.txt,33.083,-74.411,-30.08
126.txt,45.849,-66.169,-40.834
127.txt,45.275,-61.493,-39.346
130.txt,41.603,-59.672,-35.887
131.txt,39.67,-60.491,-32.442
133.txt,38.117,-66.486,-32.499
135.txt,35.111,-72.346,-32.405
142.txt,40.941,-70.107,-38.105
145.txt,47.937,-73.759,-32.5
147.txt,53.236,-70.559,-28.053
149.txt,55.788,-67.626,-23.812
150.txt,55.797,-70.494,-18.853
151.txt,56.958,-65.339,-17.002
152.txt,58.707,-64.083,-13.518
55.txt,44.418,-83.968,-21.132
56.txt,45.877,-79.976,-17.662
66.txt,39.739,-59.39,-10.991
72.txt,28.959,-67.934,-23.214
73.txt,25.384,-69.707,-25.279
88.txt,38.018,-63.794,-3.184
91.txt,41.462,-68.295,-7.859
