76P.txt,16.706,86.464,52.114
89P.txt,15.318,103.383,54.832
75P.txt,19.322,88.357,56.388
160P.txt,13.026,94.405,75.66
161P.txt,14.651,98.942,76.829
48P.txt,-0.769,65.753,84.155
70P.txt,10.393,86.234,59.274
165P.txt,15.409,103.784,72.809
171P.txt,8.805,105.758,63.354
170P.txt,12.791,103.968,62.4
164P.txt,11.233,101.219,73.046
73P.txt,12.432,85.65,55.045
9P.txt,28.513,89.748,57.725
172P.txt,10.821,110.1,65.443
167P.txt,11.249,100.276,66.933
66P.txt,8.299,80.679,62.886
72P.txt,15.745,82.447,57.317
181P.txt,24.332,104.305,67.965
80P.txt,18.387,92.475,47.364
83P.txt,22.604,94.887,46.086
169P.txt,14.607,107.721,66.439
97P.txt,12.164,93.789,62.293
168P.txt,10.713,106.054,69.391
69P.txt,11.059,80.214,58.622
79P.txt,21.533,90.122,52.085
93P.txt,13.819,99.156,58.61
90P.txt,13.499,99.631,52.623
