128P.txt,27.556,-3.717,54.896
264P.txt,28.07,-29.405,91.831
106P.txt,20.111,-21.428,73.33
476P.txt,28.783,-21.515,76.033
107P.txt,17.339,-23.901,76.998
215P.txt,17.218,-27.65,85.138
214P.txt,15.577,-26.671,89.561
216P.txt,16.117,-32.379,86.141
202P.txt,11.137,0.031,73.829
438P.txt,16.201,-0.288,92.317
411P.txt,41.369,-11.736,110.869
388P.txt,40.87,-7.249,93.818
207P.txt,11.169,-4.708,88.763
367P.txt,37.458,-5.189,80.264
372P.txt,36.627,-6.985,85.502
220P.txt,16.992,-36.574,73.624
368P.txt,33.776,-5.761,79.185
221P.txt,14.641,-38.221,70.713
197P.txt,21.55,-0.32,61.772
434P.txt,18.156,0.157,80.3
435P.txt,17.419,-4.136,82.898
219P.txt,16.803,-38.075,76.668
437P.txt,15.523,1.518,88.767
422P.txt,20.914,0.429,85.891
218P.txt,16.142,-35.928,79.79
280P.txt,47.521,-18.624,77.677
120P.txt,16.272,-0.86,76.264
442P.txt,16.572,-5.562,102.408
126P.txt,26.763,-4.451,60.395
252P.txt,20.915,-24.698,91.843
441P.txt,15.869,-1.715,100.11
125P.txt,22.573,-4.863,62.302
