301P.txt,-16.373,-10.029,-13.933
300P.txt,-13.126,-9.171,-16.996
311P.txt,-35.142,6.493,-7.656
312P.txt,-35.108,1.64,-8.344
299P.txt,-15.325,-8.958,-22.187
348P.txt,-33.679,-16.776,-4.454
398P.txt,-49.884,-15.608,-8.638
370P.txt,-37.385,-11.611,-10.663
368P.txt,-34.918,-6.349,-15.828
355P.txt,-24.392,-10.48,-20.452
396P.txt,-46.39,-14.858,-3.392
394P.txt,-45.598,-6.639,-0.465
343P.txt,-29.724,-12.838,7.674
357P.txt,-21.664,-5.684,-20.569
356P.txt,-24.781,-7.824,-17.758
342P.txt,-33.584,-10.711,5.671
395P.txt,-46.0,-11.866,-1.157
346P.txt,-27.432,-17.421,-1.227
392P.txt,-40.29,-6.055,1.111
379P.txt,-25.754,-6.878,-5.229
350P.txt,-35.402,-15.249,-11.736
334P.txt,-18.771,-9.835,-17.427
332P.txt,-14.657,-3.86,-21.626
