114P.txt,-6.319,76.99,1.659
128P.txt,11.229,71.111,-17.547
129P.txt,8.984,68.887,-14.492
101P.txt,-6.132,55.496,5.025
117P.txt,-10.742,72.78,-6.484
102P.txt,-9.104,56.761,2.062
112P.txt,-10.447,70.108,3.818
107P.txt,-5.493,64.119,5.403
77P.txt,9.322,51.698,9.05
73P.txt,-0.14,52.305,14.366
72P.txt,3.257,54.44,18.247
5P.txt,6.56,76.886,-7.176
4P.txt,11.037,75.708,-4.072
6P.txt,9.927,74.342,-8.519
2P.txt,13.375,76.264,2.498
34P.txt,-1.349,76.68,1.845
121P.txt,-3.375,73.313,-14.068
37P.txt,5.772,77.893,3.192
122P.txt,-0.873,77.521,-10.878
127P.txt,8.228,74.224,-13.185
126P.txt,7.611,77.05,-14.616
118P.txt,-8.097,74.888,-7.088
124P.txt,3.562,73.224,-11.549
125P.txt,2.994,77.796,-14.959
