504P.txt,10.875,-7.553,-4.135
29P.txt,48.906,1.218,24.47
15P.txt,47.805,-6.653,2.305
14P.txt,50.351,-8.628,6.017
868P.txt,-11.296,-28.979,16.632
1118P.txt,-48.452,-53.761,15.037
1257P.txt,-50.348,-66.866,10.532
489P.txt,-3.549,0.194,9.283
488P.txt,-4.313,1.714,11.894
1256P.txt,-49.107,-66.439,6.727
688P.txt,-24.783,15.523,4.594
689P.txt,-19.8,14.755,4.672
1255P.txt,-47.336,-61.476,5.706
528P.txt,33.156,-1.124,26.284
956P.txt,-56.238,-27.707,38.252
836P.txt,-27.627,4.199,5.213
1150P.txt,-57.611,-41.351,25.129
604P.txt,14.399,-62.762,25.899
835P.txt,-33.347,4.756,7.962
1146P.txt,-63.046,-37.629,31.443
171P.txt,31.353,11.945,26.533
398P.txt,17.882,-35.09,5.685
401P.txt,14.803,-31.265,11.93
399P.txt,15.437,-35.863,7.858
172P.txt,27.089,12.458,26.39
761P.txt,23.278,-66.33,23.871
577P.txt,14.389,-41.721,51.994
751P.txt,22.52,-59.441,30.224
786P.txt,-3.66,-33.193,21.35
959P.txt,-56.956,-23.788,32.743
393P.txt,21.025,-31.978,-0.118
531P.txt,25.874,-2.444,30.342
690P.txt,-17.926,16.166,8.272
684P.txt,-18.422,18.115,12.446
530P.txt,28.842,1.164,31.306
1059P.txt,-47.764,-22.109,39.843
532P.txt,23.709,-2.77,33.616
122P.txt,31.629,20.531,19.649
692P.txt,-21.165,10.519,7.528
533P.txt,23.953,-1.966,37.928
537P.txt,19.872,-13.192,40.888
1276P.txt,-37.991,-49.231,6.754
872P.txt,-18.194,-28.014,19.867
867P.txt,-9.973,-24.668,14.695
1061P.txt,-52.786,-24.097,42.039
534P.txt,22.48,-6.442,37.346
1117P.txt,-44.235,-52.846,10.953
