465P.txt,-3.565,-34.289,-15.925
477P.txt,-12.636,-48.432,-35.348
463P.txt,-2.527,-37.013,-10.519
488P.txt,-5.155,-57.205,-18.383
449P.txt,-6.394,-44.804,-20.998
361P.txt,22.968,-25.493,-34.882
349P.txt,10.827,-26.083,-30.256
410P.txt,6.674,-28.783,-9.136
411P.txt,2.767,-30.839,-10.441
358P.txt,22.99,-19.354,-28.915
359P.txt,26.096,-18.678,-31.817
355P.txt,18.991,-19.891,-31.607
357P.txt,21.55,-14.637,-28.727
356P.txt,20.708,-16.902,-33.714
346P.txt,14.354,-29.475,-20.739
353P.txt,14.377,-22.893,-36.574
409P.txt,5.997,-25.485,-13.639
384P.txt,7.197,-28.932,-25.302
350P.txt,14.574,-24.093,-30.089
323P.txt,22.874,-21.272,-18.794
322P.txt,23.578,-23.195,-15.169
450P.txt,-4.215,-49.4,-21.713
320P.txt,27.911,-28.679,-18.057
325P.txt,16.781,-23.414,-22.952
324P.txt,20.986,-24.687,-21.544
318P.txt,22.981,-28.803,-13.683
483P.txt,-1.617,-58.25,-29.735
496P.txt,3.713,-58.116,-29.417
