29P.txt,63.716,33.127,-41.997
28P.txt,61.248,33.615,-46.561
117P.txt,63.918,1.981,-34.89
38P.txt,70.284,17.896,-29.503
49P.txt,60.428,-4.987,-45.511
54P.txt,55.26,-6.585,-38.743
83P.txt,59.436,34.614,-30.27
82P.txt,61.655,31.881,-29.594
55P.txt,49.935,-8.182,-38.516
51P.txt,56.76,-1.586,-41.078
50P.txt,61.474,-5.887,-41.498
52P.txt,54.68,-5.205,-45.44
46P.txt,63.877,4.745,-46.906
84P.txt,61.106,33.612,-34.191
47P.txt,64.988,-0.903,-44.641
53P.txt,55.805,-8.922,-42.564
34P.txt,71.511,25.321,-35.734
37P.txt,69.285,21.297,-27.873
122P.txt,71.759,20.752,-33.39
36P.txt,70.44,24.951,-28.981
32P.txt,68.179,30.08,-39.52
33P.txt,70.716,30.238,-35.419
27P.txt,64.103,31.21,-47.002
31P.txt,69.827,35.14,-37.854
30P.txt,66.093,36.035,-40.969
