114P.txt,21.713,37.294,45.479
288P.txt,45.777,10.811,51.844
117P.txt,26.321,42.566,49.536
329P.txt,53.971,21.63,70.945
270P.txt,57.052,17.496,65.624
271P.txt,57.926,17.217,60.601
49P.txt,20.257,23.414,60.569
388P.txt,45.84,53.337,36.258
48P.txt,19.997,20.442,64.32
70P.txt,25.904,24.084,62.751
65P.txt,22.654,32.894,55.955
73P.txt,29.875,22.283,59.674
340P.txt,59.854,33.722,59.365
341P.txt,57.71,37.936,57.667
237P.txt,29.751,43.506,55.233
68P.txt,24.188,31.028,60.642
69P.txt,24.798,28.416,63.717
236P.txt,29.576,47.045,53.75
51P.txt,17.784,22.446,53.756
50P.txt,20.929,20.207,57.273
52P.txt,17.485,15.115,53.896
46P.txt,25.938,16.577,59.347
47P.txt,23.438,18.931,61.272
323P.txt,60.649,32.917,55.188
256P.txt,61.291,21.276,43.627
295P.txt,50.885,13.561,42.11
334P.txt,46.81,26.015,67.455
292P.txt,47.048,10.332,45.67
286P.txt,42.868,13.98,58.404
330P.txt,48.838,22.426,68.513
244P.txt,38.622,30.009,59.966
332P.txt,46.32,21.458,63.606
333P.txt,42.793,23.789,68.162
